     Index       y_measurement           y_fitting        descriptor_1
         1    0.1129134333E+03    0.9349177373E+02    0.4177305629E+01
         2    0.5741510000E+02    0.4837171573E+02    0.3682795564E+01
         3    0.6408266667E+02    0.6131196627E+02    0.3824619055E+01
         4    0.9851213333E+02    0.8302808374E+02    0.4062624925E+01
         5    0.9577526667E+02    0.7883518892E+02    0.4016671334E+01
         6    0.5629570000E+02    0.4912690693E+02    0.3691072363E+01
         7    0.6416440000E+02    0.6175551935E+02    0.3829480340E+01
         8    0.4909853333E+02    0.3860817561E+02    0.3575788413E+01
         9    0.5078230000E+02    0.4704501621E+02    0.3668255107E+01
        10    0.4487846667E+02    0.4461074383E+02    0.3641575793E+01
        11    0.3941803333E+02    0.3039507922E+02    0.3485773927E+01
        12    0.4091123333E+02    0.3432283910E+02    0.3528821673E+01
        13    0.1155721667E+03    0.9516228063E+02    0.4195614171E+01
        14    0.1317270667E+03    0.1170355151E+03    0.4435342023E+01
        15    0.4379320000E+02    0.2622921783E+02    0.3440116619E+01
        16    0.4094110000E+02    0.3068212974E+02    0.3488919964E+01
        17    0.1067330000E+03    0.7979318924E+02    0.4027170895E+01
        18    0.1236949333E+03    0.1061107830E+03    0.4315608357E+01
        19    0.1185663333E+03    0.1019496711E+03    0.4270003103E+01
        20    0.5631520000E+02    0.5850135118E+02    0.3793815073E+01
        21    0.4281686667E+02    0.2736858478E+02    0.3452603935E+01
        22    0.6653600000E+02    0.7023739014E+02    0.3922440559E+01
        23    0.6544593333E+02    0.5705940369E+02    0.3778011513E+01
        24    0.7081320000E+02    0.6964545248E+02    0.3915952998E+01
        25    0.9909350000E+02    0.9529347933E+02    0.4197052092E+01
        26    0.9879613333E+02    0.9125551670E+02    0.4152796538E+01
        27    0.5754726667E+02    0.6246318728E+02    0.3837236290E+01
        28    0.3968340000E+02    0.3125709740E+02    0.3495221536E+01
        29    0.6419260000E+02    0.7405298995E+02    0.3964259045E+01
        30    0.4755836667E+02    0.5235781918E+02    0.3726482748E+01
        31    0.4298803333E+02    0.3172431197E+02    0.3500342148E+01
        32    0.5702396667E+02    0.5990917116E+02    0.3809244600E+01
        33    0.6892443333E+02    0.7388644613E+02    0.3962433746E+01
        34    0.5462010000E+02    0.5117483566E+02    0.3713517400E+01
        35    0.6024150000E+02    0.5926787755E+02    0.3802216104E+01
        36    0.6916680000E+02    0.6727737038E+02    0.3889999121E+01
        37    0.6074053333E+02    0.5329689026E+02    0.3736774847E+01
        38    0.5625880000E+02    0.4297924714E+02    0.3623694798E+01
        39    0.6976280000E+02    0.5685200876E+02    0.3775738491E+01
        40    0.6109540000E+02    0.5319800261E+02    0.3735691051E+01
        41    0.6641613333E+02    0.5683209219E+02    0.3775520208E+01
        42    0.1171394000E+03    0.9964992150E+02    0.4244798141E+01
        43    0.1298107667E+03    0.1212497385E+03    0.4481529373E+01
        44    0.4263683333E+02    0.3484694358E+02    0.3534565791E+01
        45    0.4331223333E+02    0.3863193300E+02    0.3576048791E+01
        46    0.1050881333E+03    0.8481417693E+02    0.4082200278E+01
        47    0.3710063333E+02    0.2103406724E+02    0.3383178433E+01
        48    0.1270568667E+03    0.1102019726E+03    0.4360447271E+01
        49    0.4623996667E+02    0.3068212974E+02    0.3488919964E+01
        50    0.4979963333E+02    0.3506646329E+02    0.3536971699E+01
        51    0.1048403333E+03    0.8432673575E+02    0.4076857985E+01
        52    0.1283589667E+03    0.1103044837E+03    0.4361570780E+01
        53    0.1119227000E+03    0.9286914903E+02    0.4170481742E+01
        54    0.9410970000E+02    0.8195351463E+02    0.4050847785E+01
        55    0.9391083333E+02    0.7745116492E+02    0.4001502608E+01
        56    0.5990580000E+02    0.4044867026E+02    0.3595959999E+01
        57    0.1167444000E+03    0.9468639469E+02    0.4190398522E+01
        58    0.1322718667E+03    0.1170723404E+03    0.4435745624E+01
        59    0.1511233333E+02    0.2909462006E+02    0.3471521061E+01
        60    0.1506720000E+02    0.3678683501E+02    0.3555826753E+01
        61    0.3288510000E+02    0.4454994595E+02    0.3640909456E+01
        62    0.5040940000E+02    0.5238493756E+02    0.3726779962E+01
        63    0.6252836667E+02    0.6029281287E+02    0.3813449264E+01
        64    0.6859230000E+02    0.6827459351E+02    0.3900928559E+01
        65    0.7457800000E+02    0.7633132046E+02    0.3989229256E+01
        66    0.7547360000E+02    0.8038811945E+02    0.4033691254E+01
        67    0.7601236667E+02    0.8446405424E+02    0.4078362978E+01
        68    0.7978300000E+02    0.9267387550E+02    0.4168341569E+01
        69    0.5943460000E+02    0.5548294661E+02    0.3760733745E+01
        70    0.5415630000E+02    0.6092665420E+02    0.3820396084E+01
        71    0.5238350000E+02    0.6361543294E+02    0.3849864755E+01
        72    0.4609493333E+02    0.6628158111E+02    0.3879085398E+01
        73    0.5043943333E+02    0.7154418714E+02    0.3936762887E+01
        74    0.6211446667E+02    0.7671077517E+02    0.3993388031E+01
        75    0.7535336667E+02    0.8177748247E+02    0.4048918495E+01
        76    0.7547280000E+02    0.8674027104E+02    0.4103310023E+01
        77    0.7631323333E+02    0.8918138337E+02    0.4130064302E+01
        78    0.8207633333E+02    0.9633699862E+02    0.4208488930E+01
        79    0.2761040000E+02    0.3156814665E+02    0.3498630596E+01
        80    0.2953980000E+02    0.3585995147E+02    0.3545668228E+01
        81    0.3218210000E+02    0.4015851788E+02    0.3592779966E+01
        82    0.4472750000E+02    0.5741716590E+02    0.3781932541E+01
        83    0.6125163333E+02    0.6608293892E+02    0.3876908305E+01
        84    0.6651516667E+02    0.7477141814E+02    0.3972132926E+01
        85    0.7244110000E+02    0.8348146239E+02    0.4067593897E+01
        86    0.7973906667E+02    0.9221197184E+02    0.4163279164E+01
        87    0.1244658000E+03    0.1332881889E+03    0.4613469250E+01
        88    0.1227551333E+03    0.1298377990E+03    0.4575653418E+01
        89    0.1211050000E+03    0.1263541841E+03    0.4537473444E+01
        90    0.1179466667E+03    0.1228364919E+03    0.4498919987E+01
        91    0.1092017667E+03    0.1156952742E+03    0.4420653154E+01
        92    0.1067584667E+03    0.1120698445E+03    0.4380918909E+01
        93    0.1053764667E+03    0.1102429863E+03    0.4360896776E+01
        94    0.1040530000E+03    0.1084065240E+03    0.4340769385E+01
        95    0.1005121667E+03    0.1047042445E+03    0.4300192875E+01
        96    0.1408233333E+02    0.2445371299E+02    0.3420657313E+01
        97    0.2335330000E+02    0.2740329257E+02    0.3452984328E+01
        98    0.3413013333E+02    0.3032196276E+02    0.3484972580E+01
        99    0.3871113333E+02    0.3321057202E+02    0.3516631368E+01
       100    0.4574376667E+02    0.3606992956E+02    0.3547969561E+01
       101    0.4908086667E+02    0.3890080867E+02    0.3578995634E+01
       102    0.5412566667E+02    0.4170394832E+02    0.3609717686E+01
       103    0.5592400000E+02    0.4309533791E+02    0.3624967138E+01
       104    0.6338693333E+02    0.4722980669E+02    0.3670280387E+01
       105    0.1739346667E+02    0.2098420699E+02    0.3382631971E+01
       106    0.1596020000E+02    0.2045523540E+02    0.3376834510E+01
       107    0.1519966667E+02    0.2017478340E+02    0.3373760792E+01
       108    0.1462273333E+02    0.1988332517E+02    0.3370566447E+01
       109    0.1577603333E+02    0.1926625318E+02    0.3363803417E+01
       110    0.1339103333E+02    0.1788702523E+02    0.3348687255E+01
       111    0.1529943333E+02    0.1711968279E+02    0.3340277280E+01
       112    0.1242090000E+02    0.1671536192E+02    0.3335845975E+01
       113    0.1194016667E+02    0.1629678048E+02    0.3331258376E+01
       114    0.1395766667E+02    0.1541527905E+02    0.3321597233E+01
       115    0.5977913333E+02    0.4721324993E+02    0.3670098927E+01
       116    0.5274676667E+02    0.4432330051E+02    0.3638425451E+01
       117    0.4744456667E+02    0.4281937977E+02    0.3621942672E+01
       118    0.4271046667E+02    0.4127448938E+02    0.3605010871E+01
       119    0.3855643333E+02    0.3805644070E+02    0.3569741469E+01
       120    0.2608033333E+02    0.3106612984E+02    0.3493128556E+01
       121    0.2318960000E+02    0.2726770677E+02    0.3451498325E+01
       122    0.1569666667E+02    0.2528629314E+02    0.3429782285E+01
       123    0.1263756667E+02    0.2324738878E+02    0.3407436154E+01
       124    0.1576773333E+02    0.1898837220E+02    0.3360757877E+01
       125    0.1876863333E+02    0.3214906985E+02    0.3504997440E+01
       126    0.2272800000E+02    0.4300978317E+02    0.3624029469E+01
       127    0.2911583333E+02    0.4850958978E+02    0.3684306646E+01
       128    0.3464173333E+02    0.5405594720E+02    0.3745094014E+01
       129    0.4469730000E+02    0.6528908622E+02    0.3868207781E+01
       130    0.6769980000E+02    0.7671077517E+02    0.3993388031E+01
       131    0.8876800000E+02    0.8832264005E+02    0.4120652585E+01
       132    0.9001296667E+02    0.1001263581E+03    0.4250019825E+01
       133    0.9820813333E+02    0.1061007002E+03    0.4315497850E+01
       134    0.1150665667E+03    0.1121236575E+03    0.4381508692E+01
       135    0.1240794333E+03    0.1243163179E+03    0.4515138691E+01
       136    0.6961473333E+02    0.5827364843E+02    0.3791319480E+01
       137    0.6873096667E+02    0.6666954175E+02    0.3883337397E+01
       138    0.6801640000E+02    0.7089635129E+02    0.3929662689E+01
       139    0.6587150000E+02    0.7514257958E+02    0.3976200808E+01
       140    0.6905330000E+02    0.8369383001E+02    0.4069921419E+01
       141    0.7560066667E+02    0.9232438109E+02    0.4164511155E+01
       142    0.8448030000E+02    0.1010353410E+03    0.4259982161E+01
       143    0.9811226667E+02    0.1098278387E+03    0.4356346812E+01
       144    0.1186644000E+03    0.1187030246E+03    0.4453617714E+01
       145    0.1239530333E+03    0.1276620705E+03    0.4551807711E+01
       146    0.1662153333E+02    0.2666756282E+02    0.3444920824E+01
       147    0.2838256667E+02    0.3886588436E+02    0.3578612868E+01
       148    0.3478613333E+02    0.5106885359E+02    0.3712355850E+01
       149    0.4475480000E+02    0.6327796996E+02    0.3846166204E+01
       150    0.5756113333E+02    0.7549435951E+02    0.3980056271E+01
       151    0.6879203333E+02    0.8771884231E+02    0.4114035039E+01
       152    0.9953940000E+02    0.1060719269E+03    0.4315182499E+01
       153    0.1128509667E+03    0.1121941536E+03    0.4382281321E+01
