	 Y 	 Y_pred 	 diff
    0.1862727778E+03    0.1920510680E+03   -0.5778290182E+01
    0.2896785556E+03    0.2894891217E+03    0.1894338164E+00
    0.2568662444E+03    0.2593033504E+03   -0.2437105970E+01
    0.2151194444E+03    0.2180894350E+03   -0.2969990588E+01
    0.2164706222E+03    0.2209382638E+03   -0.4467641531E+01
    0.1764319667E+03    0.1789402997E+03   -0.2508333056E+01
    0.1980689000E+03    0.1915128323E+03    0.6556067660E+01
    0.1952178111E+03    0.1985632388E+03   -0.3345427686E+01
    0.2016502556E+03    0.2029475503E+03   -0.1297294754E+01
    0.2513636333E+03    0.2479713419E+03    0.3392291416E+01
    0.2534225000E+03    0.2512898968E+03    0.2132603174E+01
    0.2547179556E+03    0.2545531511E+03    0.1648044147E+00
    0.1924218778E+03    0.1800812092E+03    0.1234066859E+02
    0.2065748778E+03    0.1985796455E+03    0.7995232235E+01
    0.2156308111E+03    0.2080102260E+03    0.7620585129E+01
    0.2477960889E+03    0.2419447429E+03    0.5851346022E+01
    0.2990407000E+03    0.3015691794E+03   -0.2528479418E+01
    0.2877935333E+03    0.2898101697E+03   -0.2016636320E+01
    0.1870242778E+03    0.1823245343E+03    0.4699743493E+01
    0.1838565333E+03    0.1833413897E+03    0.5151436476E+00
    0.1915395111E+03    0.1926506743E+03   -0.1111163195E+01
    0.1921652444E+03    0.1943291649E+03   -0.2163920459E+01
    0.1813102889E+03    0.1763059606E+03    0.5004328310E+01
    0.1692373444E+03    0.1736829543E+03   -0.4445609894E+01
    0.1907203222E+03    0.1911270634E+03   -0.4067412264E+00
    0.1876005778E+03    0.1900610576E+03   -0.2460479775E+01
    0.1818018444E+03    0.1854340731E+03   -0.3632228630E+01
    0.2193693111E+03    0.2292064349E+03   -0.9837123797E+01
    0.2862961111E+03    0.2846600168E+03    0.1636094353E+01
    0.2418327444E+03    0.2441281692E+03   -0.2295424757E+01
    0.2875471778E+03    0.2850223843E+03    0.2524793504E+01
    0.2096941111E+03    0.2040815780E+03    0.5612533141E+01
    0.2737433333E+03    0.2680139270E+03    0.5729406310E+01
    0.2989490444E+03    0.2981257929E+03    0.8232515389E+00
    0.2053415111E+03    0.2080689033E+03   -0.2727392221E+01
    0.1936777556E+03    0.1962583848E+03   -0.2580629279E+01
    0.2785376444E+03    0.2766067810E+03    0.1930863480E+01
    0.2147564222E+03    0.2144250691E+03    0.3313531094E+00
    0.2144034778E+03    0.2193960236E+03   -0.4992545862E+01
    0.2281654778E+03    0.2355132816E+03   -0.7347803814E+01
    0.2003932667E+03    0.2038857605E+03   -0.3492493870E+01
    0.2000597778E+03    0.2035449093E+03   -0.3485131505E+01
    0.2051309444E+03    0.2087006421E+03   -0.3569697617E+01
    0.1914784222E+03    0.1960899912E+03   -0.4611568987E+01
    0.2811406222E+03    0.2814538120E+03   -0.3131897359E+00
    0.2452193667E+03    0.2469218234E+03   -0.1702456746E+01
    0.1845425556E+03    0.1858040394E+03   -0.1261483810E+01
    0.2105854111E+03    0.2120023578E+03   -0.1416946711E+01
    0.2213828000E+03    0.2209325482E+03    0.4502517798E+00
    0.2304738556E+03    0.2299654969E+03    0.5083586872E+00
    0.2572186333E+03    0.2577069965E+03   -0.4883631643E+00
    0.2172658444E+03    0.2196871073E+03   -0.2421262871E+01
    0.2024171778E+03    0.1941471330E+03    0.8270044751E+01
    0.2350597111E+03    0.2274172625E+03    0.7642448625E+01
    0.3013589222E+03    0.3040302479E+03   -0.2671325727E+01
    0.2843988222E+03    0.2852818529E+03   -0.8830306614E+00
    0.1717623333E+03    0.1755539734E+03   -0.3791640071E+01
    0.1808356889E+03    0.1831449283E+03   -0.2309239387E+01
    0.1786953444E+03    0.1804441511E+03   -0.1748806633E+01
    0.2087044444E+03    0.2160502585E+03   -0.7345814075E+01
    0.2691348000E+03    0.2706303671E+03   -0.1495567076E+01
    0.2765467111E+03    0.2776754766E+03   -0.1128765506E+01
    0.2105255556E+03    0.2083609645E+03    0.2164591034E+01
    0.2637099889E+03    0.2677684890E+03   -0.4058500074E+01
    0.2945108667E+03    0.2908732119E+03    0.3637654811E+01
    0.1966388111E+03    0.1842724183E+03    0.1236639278E+02
    0.2049353111E+03    0.1975550142E+03    0.7380296948E+01
    0.2828206778E+03    0.2755694280E+03    0.7251249779E+01
    0.2466663556E+03    0.2487003733E+03   -0.2034017749E+01
    0.2036199000E+03    0.2065668065E+03   -0.2946906460E+01
    0.1988755111E+03    0.2039470942E+03   -0.5071583131E+01
    0.2604490667E+03    0.2607987617E+03   -0.3496949846E+00
    0.1894734000E+03    0.1830617921E+03    0.6411607943E+01
    0.1935410889E+03    0.1880713201E+03    0.5469768817E+01
    0.2416573111E+03    0.2427615733E+03   -0.1104262200E+01
    0.1790172889E+03    0.1804547469E+03   -0.1437457972E+01
    0.2011406222E+03    0.2076589241E+03   -0.6518301886E+01
    0.2062119333E+03    0.2089342244E+03   -0.2722291106E+01
    0.2928621333E+03    0.2934754464E+03   -0.6133130601E+00
    0.2456214556E+03    0.2475192630E+03   -0.1897807464E+01
    0.1790136222E+03    0.1756559116E+03    0.3357710605E+01
    0.2834870333E+03    0.2803909499E+03    0.3096083445E+01
    0.2641083000E+03    0.2584383721E+03    0.5669927942E+01
    0.2611882111E+03    0.2599451686E+03    0.1243042543E+01
    0.2922040889E+03    0.2884399221E+03    0.3764166761E+01
    0.2347459556E+03    0.2342061480E+03    0.5398075073E+00
    0.2431637556E+03    0.2412183358E+03    0.1945419765E+01
    0.2792287556E+03    0.2760467397E+03    0.3182015863E+01
    0.1886036444E+03    0.1792681312E+03    0.9335513260E+01
    0.1870368222E+03    0.1813804990E+03    0.5656323222E+01
    0.1853664667E+03    0.1854136169E+03   -0.4715019782E-01
    0.1870591111E+03    0.1873356978E+03   -0.2765866524E+00
    0.1905193889E+03    0.1909941331E+03   -0.4747442602E+00
    0.1730694778E+03    0.1757175668E+03   -0.2648089027E+01
    0.1700707556E+03    0.1731746855E+03   -0.3103929970E+01
    0.1718423667E+03    0.1723275909E+03   -0.4852241966E+00
    0.1740759667E+03    0.1720627879E+03    0.2013178728E+01
    0.1967226222E+03    0.1941988991E+03    0.2523723133E+01
    0.2028386333E+03    0.2093089462E+03   -0.6470312898E+01
    0.2532290889E+03    0.2565755341E+03   -0.3346445235E+01
    0.2194879000E+03    0.2202996996E+03   -0.8117995742E+00
    0.2531147778E+03    0.2559669650E+03   -0.2852187266E+01
    0.2226869444E+03    0.2232263105E+03   -0.5393660542E+00
    0.1820647889E+03    0.1872110005E+03   -0.5146211655E+01
    0.2668892556E+03    0.2679106982E+03   -0.1021442669E+01
    0.2256499111E+03    0.2324550634E+03   -0.6805152299E+01
    0.1817765778E+03    0.1835432190E+03   -0.1766641249E+01
    0.1819319111E+03    0.1840691309E+03   -0.2137219803E+01
    0.2107032667E+03    0.2184308736E+03   -0.7727606930E+01
    0.2290660778E+03    0.2341576454E+03   -0.5091567644E+01
    0.2137194444E+03    0.2165599612E+03   -0.2840516719E+01
    0.1923749111E+03    0.1869087689E+03    0.5466142189E+01
    0.2098778222E+03    0.1992833165E+03    0.1059450573E+02
    0.1898993111E+03    0.1945500559E+03   -0.4650744791E+01
    0.2082812222E+03    0.2042993524E+03    0.3981869779E+01
    0.2147394667E+03    0.2159434223E+03   -0.1203955634E+01
    0.2631218000E+03    0.2609712099E+03    0.2150590134E+01
    0.2505340222E+03    0.2470277550E+03    0.3506267250E+01
    0.3058445778E+03    0.3085871740E+03   -0.2742596262E+01
    0.2966810000E+03    0.2990931137E+03   -0.2412113708E+01
    0.2926131333E+03    0.2944002693E+03   -0.1787135999E+01
    0.2820282667E+03    0.2805516765E+03    0.1476590147E+01
    0.2803237333E+03    0.2782787819E+03    0.2044951456E+01
    0.1700829333E+03    0.1747430288E+03   -0.4660095445E+01
    0.1708686111E+03    0.1729473455E+03   -0.2078734364E+01
    0.1730707556E+03    0.1719134961E+03    0.1157259493E+01
    0.1853022667E+03    0.1881961101E+03   -0.2893843450E+01
    0.1787971889E+03    0.1791848412E+03   -0.3876523452E+00
    0.1967213778E+03    0.2029966639E+03   -0.6275286158E+01
    0.2250481778E+03    0.2264555961E+03   -0.1407418370E+01
    0.2798409111E+03    0.2792297452E+03    0.6111659076E+00
    0.3012605778E+03    0.3020885415E+03   -0.8279637531E+00
    0.2288574333E+03    0.2249981102E+03    0.3859323094E+01
    0.2417612556E+03    0.2390818615E+03    0.2679394056E+01
    0.2556504667E+03    0.2534319773E+03    0.2218489346E+01
    0.2900036000E+03    0.2829085675E+03    0.7095032513E+01
    0.2595301222E+03    0.2603547823E+03   -0.8246600639E+00
    0.2079026556E+03    0.2071527878E+03    0.7498677531E+00
    0.2405868667E+03    0.2431412769E+03   -0.2554410226E+01
    0.2209334444E+03    0.2240089193E+03   -0.3075474873E+01
    0.2110321000E+03    0.2161846560E+03   -0.5152556037E+01
    0.2279487222E+03    0.2301058452E+03   -0.2157122936E+01
    0.2505142889E+03    0.2538405541E+03   -0.3326265229E+01
    0.2044317667E+03    0.2060524695E+03   -0.1620702787E+01
    0.1893699333E+03    0.1915439530E+03   -0.2174019656E+01
    0.2630736333E+03    0.2649342588E+03   -0.1860625445E+01
    0.1871043000E+03    0.1907263482E+03   -0.3622048192E+01
    0.2534758778E+03    0.2459283785E+03    0.7547499324E+01
    0.2469492333E+03    0.2404637082E+03    0.6485525127E+01
    0.2402382000E+03    0.2390088954E+03    0.1229304603E+01
    0.2422979556E+03    0.2436223125E+03   -0.1324356937E+01
    0.2458938778E+03    0.2482630874E+03   -0.2369209636E+01
    0.2124671556E+03    0.2119357131E+03    0.5314424566E+00
    0.2253844556E+03    0.2270096789E+03   -0.1625223341E+01
    0.1983598444E+03    0.1893762896E+03    0.8983554844E+01
    0.2237516111E+03    0.2176507205E+03    0.6100890656E+01
    0.2445528889E+03    0.2370900751E+03    0.7462813804E+01
    0.2601386889E+03    0.2569885693E+03    0.3150119616E+01
    0.2744485778E+03    0.2715712096E+03    0.2877368156E+01
    0.1889144889E+03    0.1892191015E+03   -0.3046126374E+00
    0.1899346000E+03    0.1918942659E+03   -0.1959665943E+01
    0.1704806556E+03    0.1750736349E+03   -0.4592979375E+01
    0.1931341889E+03    0.1922634467E+03    0.8707421846E+00
    0.1796762778E+03    0.1774257853E+03    0.2250492450E+01
    0.1785659444E+03    0.1743739031E+03    0.4192041375E+01
    0.1863562667E+03    0.1898438056E+03   -0.3487538979E+01
    0.2362448000E+03    0.2428488655E+03   -0.6604065484E+01
    0.2959017111E+03    0.2990570588E+03   -0.3155347722E+01
    0.2306701222E+03    0.2323143803E+03   -0.1644258057E+01
    0.2163081222E+03    0.2110068572E+03    0.5301265070E+01
