	 Y 	 Y_pred 	 diff
    0.1862727778E+03    0.1872245792E+03   -0.9518014010E+00
    0.2896785556E+03    0.2885312983E+03    0.1147257292E+01
    0.2568662444E+03    0.2579836334E+03   -0.1117388986E+01
    0.2151194444E+03    0.2177229956E+03   -0.2603551141E+01
    0.2164706222E+03    0.2212355459E+03   -0.4764923654E+01
    0.1764319667E+03    0.1738327998E+03    0.2599166899E+01
    0.1980689000E+03    0.1955234711E+03    0.2545428911E+01
    0.1952178111E+03    0.1949169350E+03    0.3008760653E+00
    0.2016502556E+03    0.1997322053E+03    0.1918050223E+01
    0.2513636333E+03    0.2458568306E+03    0.5506802760E+01
    0.2534225000E+03    0.2491116988E+03    0.4310801226E+01
    0.2547179556E+03    0.2523490755E+03    0.2368880090E+01
    0.1924218778E+03    0.1914000926E+03    0.1021785135E+01
    0.2065748778E+03    0.2080114971E+03   -0.1436619324E+01
    0.2156308111E+03    0.2163820079E+03   -0.7511967744E+00
    0.2477960889E+03    0.2459663981E+03    0.1829690756E+01
    0.2990407000E+03    0.3023168497E+03   -0.3276149673E+01
    0.2877935333E+03    0.2905398508E+03   -0.2746317466E+01
    0.1870242778E+03    0.1789851237E+03    0.8039154067E+01
    0.1838565333E+03    0.1803219378E+03    0.3534595496E+01
    0.1915395111E+03    0.1941828396E+03   -0.2643328509E+01
    0.1921652444E+03    0.1970650786E+03   -0.4899834187E+01
    0.1813102889E+03    0.1691114736E+03    0.1219881525E+02
    0.1692373444E+03    0.1712257642E+03   -0.1988419728E+01
    0.1907203222E+03    0.1890730123E+03    0.1647309919E+01
    0.1876005778E+03    0.1877571616E+03   -0.1565837938E+00
    0.1818018444E+03    0.1832402405E+03   -0.1438396100E+01
    0.2193693111E+03    0.2255003818E+03   -0.6131070694E+01
    0.2862961111E+03    0.2825074261E+03    0.3788685028E+01
    0.2418327444E+03    0.2430794502E+03   -0.1246705788E+01
    0.2875471778E+03    0.2828670481E+03    0.4680129688E+01
    0.2096941111E+03    0.2118940330E+03   -0.2199921938E+01
    0.2737433333E+03    0.2705761424E+03    0.3167190931E+01
    0.2989490444E+03    0.2986462837E+03    0.3027607561E+00
    0.2053415111E+03    0.2076990240E+03   -0.2357512910E+01
    0.1936777556E+03    0.1964441195E+03   -0.2766363896E+01
    0.2785376444E+03    0.2736014086E+03    0.4936235810E+01
    0.2147564222E+03    0.2175408536E+03   -0.2784431408E+01
    0.2144034778E+03    0.2185689272E+03   -0.4165449423E+01
    0.2281654778E+03    0.2325169276E+03   -0.4351449826E+01
    0.2003932667E+03    0.2031197735E+03   -0.2726506825E+01
    0.2000597778E+03    0.2037826089E+03   -0.3722831118E+01
    0.2051309444E+03    0.2072852694E+03   -0.2154324983E+01
    0.1914784222E+03    0.1929226642E+03   -0.1444241951E+01
    0.2811406222E+03    0.2778076794E+03    0.3332942843E+01
    0.2452193667E+03    0.2494602665E+03   -0.4240899880E+01
    0.1845425556E+03    0.1824771682E+03    0.2065387351E+01
    0.2105854111E+03    0.2090276572E+03    0.1557753955E+01
    0.2213828000E+03    0.2180763564E+03    0.3306443592E+01
    0.2304738556E+03    0.2272283433E+03    0.3245512206E+01
    0.2572186333E+03    0.2553299273E+03    0.1888706067E+01
    0.2172658444E+03    0.2200776939E+03   -0.2811849449E+01
    0.2024171778E+03    0.2014811208E+03    0.9360569338E+00
    0.2350597111E+03    0.2328216328E+03    0.2238078282E+01
    0.3013589222E+03    0.3055473877E+03   -0.4188465516E+01
    0.2843988222E+03    0.2873298707E+03   -0.2931048527E+01
    0.1717623333E+03    0.1722751375E+03   -0.5128042100E+00
    0.1808356889E+03    0.1852707299E+03   -0.4435041014E+01
    0.1786953444E+03    0.1832913498E+03   -0.4596005346E+01
    0.2087044444E+03    0.2099995653E+03   -0.1295120868E+01
    0.2691348000E+03    0.2644963302E+03    0.4638469789E+01
    0.2765467111E+03    0.2715286732E+03    0.5018037953E+01
    0.2105255556E+03    0.2058707404E+03    0.4654815133E+01
    0.2637099889E+03    0.2655432976E+03   -0.1833308686E+01
    0.2945108667E+03    0.2887896347E+03    0.5721231924E+01
    0.1966388111E+03    0.1898190157E+03    0.6819795430E+01
    0.2049353111E+03    0.2024422954E+03    0.2493015676E+01
    0.2828206778E+03    0.2767708944E+03    0.6049783401E+01
    0.2466663556E+03    0.2449102723E+03    0.1756083264E+01
    0.2036199000E+03    0.2052111963E+03   -0.1591296275E+01
    0.1988755111E+03    0.2012921476E+03   -0.2416636503E+01
    0.2604490667E+03    0.2598361791E+03    0.6128875323E+00
    0.1894734000E+03    0.1890263563E+03    0.4470436919E+00
    0.1935410889E+03    0.1927998179E+03    0.7412709912E+00
    0.2416573111E+03    0.2438092529E+03   -0.2151941751E+01
    0.1790172889E+03    0.1783088731E+03    0.7084158083E+00
    0.2011406222E+03    0.2046481513E+03   -0.3507529111E+01
    0.2062119333E+03    0.2055260743E+03    0.6858590116E+00
    0.2928621333E+03    0.2937164388E+03   -0.8543054944E+00
    0.2456214556E+03    0.2472813828E+03   -0.1659927209E+01
    0.1790136222E+03    0.1774293974E+03    0.1584224783E+01
    0.2834870333E+03    0.2809307224E+03    0.2556310910E+01
    0.2641083000E+03    0.2586285241E+03    0.5479775910E+01
    0.2611882111E+03    0.2600845046E+03    0.1103706497E+01
    0.2922040889E+03    0.2897423871E+03    0.2461701823E+01
    0.2347459556E+03    0.2334905025E+03    0.1255453023E+01
    0.2431637556E+03    0.2408174219E+03    0.2346333647E+01
    0.2792287556E+03    0.2733142206E+03    0.5914534921E+01
    0.1886036444E+03    0.1747014093E+03    0.1390223516E+02
    0.1870368222E+03    0.1767258687E+03    0.1031095347E+02
    0.1853664667E+03    0.1807750935E+03    0.4591373180E+01
    0.1870591111E+03    0.1827998583E+03    0.4259252843E+01
    0.1905193889E+03    0.1868496914E+03    0.3669697461E+01
    0.1730694778E+03    0.1727978973E+03    0.2715804773E+00
    0.1700707556E+03    0.1739650402E+03   -0.3894284601E+01
    0.1718423667E+03    0.1747928727E+03   -0.2950505988E+01
    0.1740759667E+03    0.1751243282E+03   -0.1048361516E+01
    0.1967226222E+03    0.1910299696E+03    0.5692652672E+01
    0.2028386333E+03    0.2060605319E+03   -0.3221898600E+01
    0.2532290889E+03    0.2535269113E+03   -0.2978223780E+00
    0.2194879000E+03    0.2184914207E+03    0.9964793203E+00
    0.2531147778E+03    0.2528323007E+03    0.2824770423E+00
    0.2226869444E+03    0.2240495876E+03   -0.1362643116E+01
    0.1820647889E+03    0.1834169836E+03   -0.1352194696E+01
    0.2668892556E+03    0.2670915599E+03   -0.2023043789E+00
    0.2256499111E+03    0.2302119823E+03   -0.4562071198E+01
    0.1817765778E+03    0.1821136617E+03   -0.3370839704E+00
    0.1819319111E+03    0.1814506304E+03    0.4812806992E+00
    0.2107032667E+03    0.2154103462E+03   -0.4707079489E+01
    0.2290660778E+03    0.2328981852E+03   -0.3832107450E+01
    0.2137194444E+03    0.2160526714E+03   -0.2333226935E+01
    0.1923749111E+03    0.1935734538E+03   -0.1198542675E+01
    0.2098778222E+03    0.2075862449E+03    0.2291577343E+01
    0.1898993111E+03    0.1914057449E+03   -0.1506433763E+01
    0.2082812222E+03    0.2031404163E+03    0.5140805897E+01
    0.2147394667E+03    0.2147990623E+03   -0.5959568192E-01
    0.2631218000E+03    0.2628536703E+03    0.2681296961E+00
    0.2505340222E+03    0.2496087316E+03    0.9252906334E+00
    0.3058445778E+03    0.3113194535E+03   -0.5474875711E+01
    0.2966810000E+03    0.3007992405E+03   -0.4118240492E+01
    0.2926131333E+03    0.2956528542E+03   -0.3039720914E+01
    0.2820282667E+03    0.2806493548E+03    0.1378911853E+01
    0.2803237333E+03    0.2782102987E+03    0.2113434588E+01
    0.1700829333E+03    0.1715840046E+03   -0.1501071310E+01
    0.1708686111E+03    0.1743587408E+03   -0.3490129665E+01
    0.1730707556E+03    0.1764497839E+03   -0.3379028381E+01
    0.1853022667E+03    0.1864956205E+03   -0.1193353842E+01
    0.1787971889E+03    0.1831402994E+03   -0.4343110476E+01
    0.1967213778E+03    0.1963335216E+03    0.3878561292E+00
    0.2250481778E+03    0.2223943224E+03    0.2653855352E+01
    0.2798409111E+03    0.2789259546E+03    0.9149564746E+00
    0.3012605778E+03    0.3046324649E+03   -0.3371887098E+01
    0.2288574333E+03    0.2308792828E+03   -0.2021849476E+01
    0.2417612556E+03    0.2441560998E+03   -0.2394844250E+01
    0.2556504667E+03    0.2575116267E+03   -0.1861160073E+01
    0.2900036000E+03    0.2844616269E+03    0.5541973148E+01
    0.2595301222E+03    0.2592917097E+03    0.2384125355E+00
    0.2079026556E+03    0.2089853737E+03   -0.1082718096E+01
    0.2405868667E+03    0.2415668958E+03   -0.9800291329E+00
    0.2209334444E+03    0.2217799618E+03   -0.8465173231E+00
    0.2110321000E+03    0.2144551894E+03   -0.3423089449E+01
    0.2279487222E+03    0.2280552234E+03   -0.1065012071E+00
    0.2505142889E+03    0.2519010075E+03   -0.1386718657E+01
    0.2044317667E+03    0.2055300495E+03   -0.1098282870E+01
    0.1893699333E+03    0.1899170636E+03   -0.5471302647E+00
    0.2630736333E+03    0.2657461834E+03   -0.2672550040E+01
    0.1871043000E+03    0.1885023266E+03   -0.1398026585E+01
    0.2534758778E+03    0.2479495721E+03    0.5526305681E+01
    0.2469492333E+03    0.2430220722E+03    0.3927161090E+01
    0.2402382000E+03    0.2410454710E+03   -0.8072710054E+00
    0.2422979556E+03    0.2461389971E+03   -0.3841041586E+01
    0.2458938778E+03    0.2513066510E+03   -0.5412773214E+01
    0.2124671556E+03    0.2130586736E+03   -0.5915180918E+00
    0.2253844556E+03    0.2271747666E+03   -0.1790311008E+01
    0.1983598444E+03    0.1985593326E+03   -0.1994881580E+00
    0.2237516111E+03    0.2238341395E+03   -0.8252838440E-01
    0.2445528889E+03    0.2423568066E+03    0.2196082272E+01
    0.2601386889E+03    0.2622582405E+03   -0.2119551634E+01
    0.2744485778E+03    0.2713340081E+03    0.3114569682E+01
    0.1889144889E+03    0.1868945129E+03    0.2019975983E+01
    0.1899346000E+03    0.1905154137E+03   -0.5808136628E+00
    0.1704806556E+03    0.1724162649E+03   -0.1935609356E+01
    0.1931341889E+03    0.1907989083E+03    0.2335280617E+01
    0.1796762778E+03    0.1772627323E+03    0.2413545441E+01
    0.1785659444E+03    0.1759311980E+03    0.2634746437E+01
    0.1863562667E+03    0.1884958399E+03   -0.2139573189E+01
    0.2362448000E+03    0.2396538620E+03   -0.3409062014E+01
    0.2959017111E+03    0.3002857021E+03   -0.4383991002E+01
    0.2306701222E+03    0.2301951727E+03    0.4749495265E+00
    0.2163081222E+03    0.2172072399E+03   -0.8991176449E+00
