	 Y 	 Y_pred 	 diff
    0.1862727778E+03    0.1857894949E+03    0.4832828436E+00
    0.2896785556E+03    0.2868683691E+03    0.2810186475E+01
    0.2568662444E+03    0.2562930024E+03    0.5732420779E+00
    0.2151194444E+03    0.2170891674E+03   -0.1969722909E+01
    0.2164706222E+03    0.2194509692E+03   -0.2980346928E+01
    0.1764319667E+03    0.1732172665E+03    0.3214700216E+01
    0.1980689000E+03    0.1952280992E+03    0.2840800828E+01
    0.1952178111E+03    0.1959440018E+03   -0.7261907205E+00
    0.2016502556E+03    0.2004842998E+03    0.1165955772E+01
    0.2513636333E+03    0.2465367873E+03    0.4826846021E+01
    0.2534225000E+03    0.2503404850E+03    0.3082014986E+01
    0.2547179556E+03    0.2542015678E+03    0.5163877068E+00
    0.1924218778E+03    0.1901226324E+03    0.2299245395E+01
    0.2065748778E+03    0.2073033712E+03   -0.7284934112E+00
    0.2156308111E+03    0.2161740748E+03   -0.5432637071E+00
    0.2477960889E+03    0.2486526073E+03   -0.8565184307E+00
    0.2990407000E+03    0.3011857204E+03   -0.2145020446E+01
    0.2877935333E+03    0.2907707842E+03   -0.2977250866E+01
    0.1870242778E+03    0.1859459116E+03    0.1078366225E+01
    0.1838565333E+03    0.1859557895E+03   -0.2099256159E+01
    0.1915395111E+03    0.1924469219E+03   -0.9074108073E+00
    0.1921652444E+03    0.1948613114E+03   -0.2696066949E+01
    0.1813102889E+03    0.1696771407E+03    0.1163314817E+02
    0.1692373444E+03    0.1706361927E+03   -0.1398848257E+01
    0.1907203222E+03    0.1911700353E+03   -0.4497131181E+00
    0.1876005778E+03    0.1897691992E+03   -0.2168621442E+01
    0.1818018444E+03    0.1847264624E+03   -0.2924617988E+01
    0.2193693111E+03    0.2235843567E+03   -0.4215045613E+01
    0.2862961111E+03    0.2805553117E+03    0.5740799457E+01
    0.2418327444E+03    0.2418159229E+03    0.1682157042E-01
    0.2875471778E+03    0.2849136062E+03    0.2633571565E+01
    0.2096941111E+03    0.2123293625E+03   -0.2635251400E+01
    0.2737433333E+03    0.2714904527E+03    0.2252880662E+01
    0.2989490444E+03    0.2988832253E+03    0.6581916624E-01
    0.2053415111E+03    0.2054642227E+03   -0.1227116163E+00
    0.1936777556E+03    0.1935635591E+03    0.1141964088E+00
    0.2785376444E+03    0.2770950598E+03    0.1442584677E+01
    0.2147564222E+03    0.2135466258E+03    0.1209796389E+01
    0.2144034778E+03    0.2154243572E+03   -0.1020879424E+01
    0.2281654778E+03    0.2311559640E+03   -0.2990486202E+01
    0.2003932667E+03    0.2029513068E+03   -0.2558040173E+01
    0.2000597778E+03    0.2029923191E+03   -0.2932541302E+01
    0.2051309444E+03    0.2078067687E+03   -0.2675824214E+01
    0.1914784222E+03    0.1942071941E+03   -0.2728771908E+01
    0.2811406222E+03    0.2802638518E+03    0.8767704411E+00
    0.2452193667E+03    0.2475438579E+03   -0.2324491225E+01
    0.1845425556E+03    0.1810983140E+03    0.3444241573E+01
    0.2105854111E+03    0.2076838173E+03    0.2901593859E+01
    0.2213828000E+03    0.2171849568E+03    0.4197843198E+01
    0.2304738556E+03    0.2270102577E+03    0.3463597862E+01
    0.2572186333E+03    0.2584762970E+03   -0.1257663675E+01
    0.2172658444E+03    0.2186237637E+03   -0.1357919248E+01
    0.2024171778E+03    0.2013465663E+03    0.1070611440E+01
    0.2350597111E+03    0.2314058267E+03    0.3653884369E+01
    0.3013589222E+03    0.3038546281E+03   -0.2495705893E+01
    0.2843988222E+03    0.2865847471E+03   -0.2185924897E+01
    0.1717623333E+03    0.1733482586E+03   -0.1585925244E+01
    0.1808356889E+03    0.1821659104E+03   -0.1330221517E+01
    0.1786953444E+03    0.1808619625E+03   -0.2166618049E+01
    0.2087044444E+03    0.2104007335E+03   -0.1696289093E+01
    0.2691348000E+03    0.2673120086E+03    0.1822791361E+01
    0.2765467111E+03    0.2747297707E+03    0.1816940437E+01
    0.2105255556E+03    0.2096566353E+03    0.8689202687E+00
    0.2637099889E+03    0.2645826649E+03   -0.8726760039E+00
    0.2945108667E+03    0.2908705968E+03    0.3640269832E+01
    0.1966388111E+03    0.1940567524E+03    0.2582058726E+01
    0.2049353111E+03    0.2061612137E+03   -0.1225902544E+01
    0.2828206778E+03    0.2790542333E+03    0.3766444460E+01
    0.2466663556E+03    0.2462628135E+03    0.4035420101E+00
    0.2036199000E+03    0.2046375559E+03   -0.1017655865E+01
    0.1988755111E+03    0.2013681776E+03   -0.2492666445E+01
    0.2604490667E+03    0.2608575506E+03   -0.4084839007E+00
    0.1894734000E+03    0.1866731493E+03    0.2800250690E+01
    0.1935410889E+03    0.1913719635E+03    0.2169125422E+01
    0.2416573111E+03    0.2446447327E+03   -0.2987421603E+01
    0.1790172889E+03    0.1758153307E+03    0.3201958189E+01
    0.2011406222E+03    0.2056376401E+03   -0.4497017917E+01
    0.2062119333E+03    0.2068165395E+03   -0.6046061690E+00
    0.2928621333E+03    0.2923646744E+03    0.4974589609E+00
    0.2456214556E+03    0.2476923285E+03   -0.2070872910E+01
    0.1790136222E+03    0.1753935206E+03    0.3620101631E+01
    0.2834870333E+03    0.2806814172E+03    0.2805616151E+01
    0.2641083000E+03    0.2622717201E+03    0.1836579911E+01
    0.2611882111E+03    0.2631998992E+03   -0.2011688086E+01
    0.2922040889E+03    0.2896060578E+03    0.2598031050E+01
    0.2347459556E+03    0.2325377922E+03    0.2208163399E+01
    0.2431637556E+03    0.2402004197E+03    0.2963335869E+01
    0.2792287556E+03    0.2771172148E+03    0.2111540718E+01
    0.1886036444E+03    0.1795716623E+03    0.9031982153E+01
    0.1870368222E+03    0.1813191155E+03    0.5717706722E+01
    0.1853664667E+03    0.1848481396E+03    0.5183270633E+00
    0.1870591111E+03    0.1866299293E+03    0.4291818216E+00
    0.1905193889E+03    0.1902286222E+03    0.2907666897E+00
    0.1730694778E+03    0.1718784073E+03    0.1191070504E+01
    0.1700707556E+03    0.1701385923E+03   -0.6783673026E-01
    0.1718423667E+03    0.1718023717E+03    0.3999501559E-01
    0.1740759667E+03    0.1726929397E+03    0.1383026972E+01
    0.1967226222E+03    0.1929365262E+03    0.3786096009E+01
    0.2028386333E+03    0.2061200134E+03   -0.3281380109E+01
    0.2532290889E+03    0.2530931551E+03    0.1359337871E+00
    0.2194879000E+03    0.2183046148E+03    0.1183285207E+01
    0.2531147778E+03    0.2530133930E+03    0.1013848240E+00
    0.2226869444E+03    0.2229399296E+03   -0.2529851434E+00
    0.1820647889E+03    0.1844895465E+03   -0.2424757646E+01
    0.2668892556E+03    0.2676306585E+03   -0.7414029431E+00
    0.2256499111E+03    0.2291974347E+03   -0.3547523548E+01
    0.1817765778E+03    0.1792431786E+03    0.2533399181E+01
    0.1819319111E+03    0.1791568985E+03    0.2775012597E+01
    0.2107032667E+03    0.2143706410E+03   -0.3667374345E+01
    0.2290660778E+03    0.2319758329E+03   -0.2909755139E+01
    0.2137194444E+03    0.2150811462E+03   -0.1361701737E+01
    0.1923749111E+03    0.1904273388E+03    0.1947572311E+01
    0.2098778222E+03    0.2068101871E+03    0.3067635145E+01
    0.1898993111E+03    0.1901192409E+03   -0.2199297633E+00
    0.2082812222E+03    0.2048410839E+03    0.3440138299E+01
    0.2147394667E+03    0.2147669039E+03   -0.2743728230E-01
    0.2631218000E+03    0.2642671591E+03   -0.1145359138E+01
    0.2505340222E+03    0.2507492792E+03   -0.2152569665E+00
    0.3058445778E+03    0.3088984719E+03   -0.3053894130E+01
    0.2966810000E+03    0.3003683741E+03   -0.3687374093E+01
    0.2926131333E+03    0.2961324077E+03   -0.3519274394E+01
    0.2820282667E+03    0.2836913043E+03   -0.1663037673E+01
    0.2803237333E+03    0.2816809092E+03   -0.1357175824E+01
    0.1700829333E+03    0.1734451508E+03   -0.3362217463E+01
    0.1708686111E+03    0.1740143512E+03   -0.3145740078E+01
    0.1730707556E+03    0.1773705685E+03   -0.4299812903E+01
    0.1853022667E+03    0.1860728768E+03   -0.7706101733E+00
    0.1787971889E+03    0.1787305333E+03    0.6665554447E-01
    0.1967213778E+03    0.1966064110E+03    0.1149668232E+00
    0.2250481778E+03    0.2247247511E+03    0.3234266882E+00
    0.2798409111E+03    0.2791140185E+03    0.7268926431E+00
    0.3012605778E+03    0.3066150508E+03   -0.5354473033E+01
    0.2288574333E+03    0.2293031123E+03   -0.4456789715E+00
    0.2417612556E+03    0.2427423019E+03   -0.9810463592E+00
    0.2556504667E+03    0.2566780021E+03   -0.1027535441E+01
    0.2900036000E+03    0.2856070812E+03    0.4396518788E+01
    0.2595301222E+03    0.2589241516E+03    0.6059706129E+00
    0.2079026556E+03    0.2087081766E+03   -0.8055210842E+00
    0.2405868667E+03    0.2409808602E+03   -0.3939935827E+00
    0.2209334444E+03    0.2212692051E+03   -0.3357606909E+00
    0.2110321000E+03    0.2136940399E+03   -0.2661939914E+01
    0.2279487222E+03    0.2276070077E+03    0.3417145508E+00
    0.2505142889E+03    0.2511427136E+03   -0.6284246629E+00
    0.2044317667E+03    0.2046046201E+03   -0.1728534730E+00
    0.1893699333E+03    0.1880646336E+03    0.1305299728E+01
    0.2630736333E+03    0.2655183160E+03   -0.2444682698E+01
    0.1871043000E+03    0.1878558872E+03   -0.7515872017E+00
    0.2534758778E+03    0.2481937330E+03    0.5282144804E+01
    0.2469492333E+03    0.2432589041E+03    0.3690329237E+01
    0.2402382000E+03    0.2407273951E+03   -0.4891950769E+00
    0.2422979556E+03    0.2459196083E+03   -0.3621652789E+01
    0.2458938778E+03    0.2511881250E+03   -0.5294247197E+01
    0.2124671556E+03    0.2116800619E+03    0.7870936101E+00
    0.2253844556E+03    0.2262839250E+03   -0.8994694379E+00
    0.1983598444E+03    0.1991128199E+03   -0.7529755041E+00
    0.2237516111E+03    0.2242844962E+03   -0.5328850530E+00
    0.2445528889E+03    0.2427497085E+03    0.1803180382E+01
    0.2601386889E+03    0.2626036509E+03   -0.2464962044E+01
    0.2744485778E+03    0.2711418307E+03    0.3306747033E+01
    0.1889144889E+03    0.1888156159E+03    0.9887296429E-01
    0.1899346000E+03    0.1914378487E+03   -0.1503248733E+01
    0.1704806556E+03    0.1718233281E+03   -0.1342672544E+01
    0.1931341889E+03    0.1887546689E+03    0.4379520014E+01
    0.1796762778E+03    0.1764932835E+03    0.3182994232E+01
    0.1785659444E+03    0.1754808628E+03    0.3085081629E+01
    0.1863562667E+03    0.1871444349E+03   -0.7881681908E+00
    0.2362448000E+03    0.2389894698E+03   -0.2744669808E+01
    0.2959017111E+03    0.3004378333E+03   -0.4536122224E+01
    0.2306701222E+03    0.2297028683E+03    0.9672539692E+00
    0.2163081222E+03    0.2177809013E+03   -0.1472779056E+01
