	 Y 	 Y_pred 	 diff
    0.6448746667E+02    0.6996437714E+02   -0.5476910477E+01
    0.3551316667E+02    0.2718460542E+02    0.8328561249E+01
    0.2607280000E+02    0.2733311807E+02   -0.1260318067E+01
    0.7808313333E+02    0.8446260806E+02   -0.6379474726E+01
    0.1068950000E+02    0.7860668987E+01    0.2828831013E+01
    0.4136713333E+02    0.3653398035E+02    0.4833152980E+01
    0.6935780000E+02    0.7030253001E+02   -0.9447300122E+00
    0.1222562000E+03    0.1234907413E+03   -0.1234541312E+01
    0.1137695667E+03    0.1141430162E+03   -0.3734495522E+00
    0.2498340000E+02    0.2370047949E+02    0.1282920512E+01
    0.5834003333E+02    0.5955581307E+02   -0.1215779737E+01
    0.1301593333E+02    0.1980706092E+02   -0.6791127591E+01
    0.3220636667E+02    0.3958208024E+02   -0.7375713570E+01
    0.1105675667E+03    0.1097636370E+03    0.8039296876E+00
    0.2881536667E+02    0.3243906466E+02   -0.3623697990E+01
    0.8769866667E+02    0.9366411440E+02   -0.5965447735E+01
    0.1218290333E+03    0.1209372675E+03    0.8917658078E+00
    0.4091123333E+02    0.3908138099E+02    0.1829852346E+01
    0.1317270667E+03    0.1309599999E+03    0.7670667370E+00
    0.9909350000E+02    0.1074158702E+03   -0.8322370212E+01
    0.6916680000E+02    0.7616149096E+02   -0.6994690962E+01
    0.4979963333E+02    0.4016092033E+02    0.9638713000E+01
    0.3288510000E+02    0.3161657746E+02    0.1268522539E+01
    0.7547280000E+02    0.7917131500E+02   -0.3698514997E+01
    0.7631323333E+02    0.8188950320E+02   -0.5576269863E+01
    0.3218210000E+02    0.2687617404E+02    0.5305925963E+01
    0.3413013333E+02    0.2670681946E+02    0.7423313869E+01
    0.6338693333E+02    0.6628905675E+02   -0.2902123412E+01
    0.1739346667E+02    0.2121548001E+02   -0.3822013339E+01
    0.4744456667E+02    0.4871952228E+02   -0.1274955616E+01
    0.4271046667E+02    0.4697631242E+02   -0.4265845752E+01
    0.4469730000E+02    0.5486722031E+02   -0.1016992031E+02
    0.1150665667E+03    0.1072636626E+03    0.7802904116E+01
    0.6905330000E+02    0.7585953614E+02   -0.6806236144E+01
    0.5629570000E+02    0.5592260251E+02    0.3730974888E+00
    0.1236949333E+03    0.1195161804E+03    0.4178752945E+01
    0.6419260000E+02    0.8393805078E+02   -0.1974545078E+02
    0.6074053333E+02    0.6100719562E+02   -0.2666622849E+00
    0.5040940000E+02    0.3930210492E+02    0.1110729508E+02
    0.6252836667E+02    0.4814972681E+02    0.1437863986E+02
    0.7978300000E+02    0.8437777293E+02   -0.4594772927E+01
    0.2953980000E+02    0.2100107621E+02    0.8538723788E+01
    0.6125163333E+02    0.5470825941E+02    0.6543373919E+01
    0.1227551333E+03    0.1257887316E+03   -0.3033598217E+01
    0.1092017667E+03    0.1107562068E+03   -0.1554440101E+01
    0.1519966667E+02    0.2110143635E+02   -0.5901769683E+01
    0.2608033333E+02    0.3577855071E+02   -0.9698217372E+01
    0.2318960000E+02    0.3150381883E+02   -0.8314218832E+01
    0.9001296667E+02    0.9270987303E+02   -0.2696906362E+01
    0.6961473333E+02    0.4639279091E+02    0.2322194242E+02
    0.1186644000E+03    0.1137651133E+03    0.4899286719E+01
    0.4909853333E+02    0.4620616056E+02    0.2892372769E+01
    0.6544593333E+02    0.6127700338E+02    0.4168929951E+01
    0.5754726667E+02    0.7092538729E+02   -0.1337812063E+02
    0.6109540000E+02    0.6086131032E+02    0.2340896831E+00
    0.6641613333E+02    0.6381351634E+02    0.2602616991E+01
    0.4331223333E+02    0.4682964831E+02   -0.3517414978E+01
    0.1270568667E+03    0.1140631841E+03    0.1299368256E+02
    0.1048403333E+03    0.8921059920E+02    0.1562973413E+02
    0.1511233333E+02    0.1360021876E+02    0.1512114568E+01
    0.6859230000E+02    0.6032580982E+02    0.8266490177E+01
    0.4609493333E+02    0.6265923625E+02   -0.1656430291E+02
    0.3464173333E+02    0.3963610351E+02   -0.4994370176E+01
    0.9820813333E+02    0.1000344275E+03   -0.1826294144E+01
    0.8448030000E+02    0.9041002985E+02   -0.5929729851E+01
    0.1662153333E+02    0.1540393202E+02    0.1217601309E+01
    0.2838256667E+02    0.2573962996E+02    0.2642936710E+01
    0.9953940000E+02    0.9960789155E+02   -0.6849154939E-01
    0.9851213333E+02    0.9452377151E+02    0.3988361819E+01
    0.5078230000E+02    0.5328005751E+02   -0.2497757508E+01
    0.4755836667E+02    0.6100369761E+02   -0.1344533095E+02
    0.6976280000E+02    0.6582664377E+02    0.3936156231E+01
    0.1298107667E+03    0.1345947135E+03   -0.4783946871E+01
    0.1119227000E+03    0.1047169937E+03    0.7205706323E+01
    0.7535336667E+02    0.7046692630E+02    0.4886440371E+01
    0.1040530000E+03    0.1020016785E+03    0.2051321480E+01
    0.1408233333E+02    0.2992283566E+02   -0.1584050233E+02
    0.2335330000E+02    0.3315230137E+02   -0.9799001369E+01
    0.3871113333E+02    0.3955466660E+02   -0.8435332687E+00
    0.1596020000E+02    0.2408556784E+02   -0.8125367843E+01
    0.1194016667E+02    0.1663078329E+02   -0.4690616625E+01
    0.5977913333E+02    0.5430323941E+02    0.5475893924E+01
    0.2911583333E+02    0.3623156798E+02   -0.7115734648E+01
    0.8876800000E+02    0.8006965183E+02    0.8698348171E+01
    0.6873096667E+02    0.5447343454E+02    0.1425753212E+02
    0.4487846667E+02    0.4913821785E+02   -0.4259751184E+01
    0.1155721667E+03    0.1046893902E+03    0.1088277648E+02
    0.4379320000E+02    0.2923048740E+02    0.1456271260E+02
    0.4094110000E+02    0.3422524605E+02    0.6715853947E+01
    0.1067330000E+03    0.8813476651E+02    0.1859823349E+02
    0.4281686667E+02    0.3004550073E+02    0.1277136594E+02
    0.1050881333E+03    0.9377021361E+02    0.1131791972E+02
    0.3710063333E+02    0.2321932204E+02    0.1388131129E+02
    0.1283589667E+03    0.1220224037E+03    0.6336562996E+01
    0.1167444000E+03    0.1041745556E+03    0.1256984437E+02
    0.1322718667E+03    0.1290117268E+03    0.3260139864E+01
    0.6211446667E+02    0.6798457674E+02   -0.5870110072E+01
    0.4574376667E+02    0.3910289722E+02    0.6640869447E+01
    0.5412566667E+02    0.5144887790E+02    0.2676788762E+01
    0.1339103333E+02    0.1850323584E+02   -0.5112202506E+01
    0.1242090000E+02    0.1757000228E+02   -0.5149102279E+01
    0.7560066667E+02    0.8524730419E+02   -0.9646637525E+01
    0.6408266667E+02    0.6605347265E+02   -0.1970805982E+01
    0.1185663333E+03    0.1181155668E+03    0.4507665663E+00
    0.3968340000E+02    0.3555738384E+02    0.4126016158E+01
    0.4298803333E+02    0.3781600614E+02    0.5172027198E+01
    0.5702396667E+02    0.6740129466E+02   -0.1037732799E+02
    0.6892443333E+02    0.7882180009E+02   -0.9897366757E+01
    0.4623996667E+02    0.3124182596E+02    0.1499814071E+02
    0.5990580000E+02    0.3633117508E+02    0.2357462492E+02
    0.5238350000E+02    0.6078861544E+02   -0.8405115436E+01
    0.8207633333E+02    0.8432329600E+02   -0.2246962670E+01
    0.1053764667E+03    0.1077084151E+03   -0.2331948440E+01
    0.1395766667E+02    0.1604874135E+02   -0.2091074682E+01
    0.2272800000E+02    0.2770416386E+02   -0.4976163863E+01
    0.6801640000E+02    0.6647662618E+02    0.1539773816E+01
    0.9811226667E+02    0.9828612884E+02   -0.1738621689E+00
    0.1239530333E+03    0.1146994730E+03    0.9253560309E+01
    0.5756113333E+02    0.6222020250E+02   -0.4659069171E+01
    0.3941803333E+02    0.3514403242E+02    0.4274000912E+01
    0.6653600000E+02    0.7948334664E+02   -0.1294734664E+02
    0.6024150000E+02    0.6753917917E+02   -0.7297679167E+01
    0.1506720000E+02    0.2323500795E+02   -0.8167807950E+01
    0.5943460000E+02    0.4446846322E+02    0.1496613678E+02
    0.7244110000E+02    0.7510530184E+02   -0.2664201838E+01
    0.1244658000E+03    0.1293860412E+03   -0.4920241162E+01
    0.1211050000E+03    0.1220706901E+03   -0.9656901331E+00
    0.1179466667E+03    0.1183567974E+03   -0.4101307460E+00
    0.1067584667E+03    0.1069782602E+03   -0.2197935670E+00
    0.1577603333E+02    0.2087118082E+02   -0.5095147483E+01
    0.1529943333E+02    0.1925996075E+02   -0.3960527417E+01
    0.3855643333E+02    0.4382422014E+02   -0.5267786804E+01
    0.1569666667E+02    0.2955810894E+02   -0.1386144228E+02
    0.4475480000E+02    0.5289340693E+02   -0.8138606926E+01
    0.6879203333E+02    0.7996809262E+02   -0.1117605929E+02
    0.1128509667E+03    0.1070809726E+03    0.5769994094E+01
    0.5741510000E+02    0.5587602212E+02    0.1539077881E+01
    0.9577526667E+02    0.8946167532E+02    0.6313591345E+01
    0.6416440000E+02    0.6917990252E+02   -0.5015502515E+01
    0.5631520000E+02    0.6688027965E+02   -0.1056507965E+02
    0.5462010000E+02    0.5671176219E+02   -0.2091662193E+01
    0.5625880000E+02    0.4884990148E+02    0.7408898520E+01
    0.4263683333E+02    0.4285814400E+02   -0.2213106639E+00
    0.9410970000E+02    0.9137725799E+02    0.2732442007E+01
    0.9391083333E+02    0.8644750031E+02    0.7463333022E+01
    0.7601236667E+02    0.7986774613E+02   -0.3855379465E+01
    0.2761040000E+02    0.1627750428E+02    0.1133289572E+02
    0.4472750000E+02    0.4598375541E+02   -0.1256255405E+01
    0.5592400000E+02    0.5011073562E+02    0.5813264384E+01
    0.1462273333E+02    0.2188795623E+02   -0.7265222900E+01
    0.1876863333E+02    0.1931803680E+02   -0.5494034692E+00
    0.1240794333E+03    0.1257520558E+03   -0.1672622424E+01
    0.3478613333E+02    0.3504371329E+02   -0.2575799595E+00
    0.1129134333E+03    0.1060161724E+03    0.6897260929E+01
    0.7081320000E+02    0.7513783548E+02   -0.4324635482E+01
    0.9879613333E+02    0.1000050232E+03   -0.1208889896E+01
    0.1171394000E+03    0.1103286216E+03    0.6810778446E+01
    0.7457800000E+02    0.6975841422E+02    0.4819585776E+01
    0.7547360000E+02    0.7485190107E+02    0.6216989328E+00
    0.5415630000E+02    0.4960725556E+02    0.4549044436E+01
    0.5043943333E+02    0.5978177727E+02   -0.9342343935E+01
    0.6651516667E+02    0.6799151725E+02   -0.1476350588E+01
    0.7973906667E+02    0.9155236643E+02   -0.1181329977E+02
    0.1005121667E+03    0.9853725858E+02    0.1974908086E+01
    0.4908086667E+02    0.4540198666E+02    0.3678880009E+01
    0.5274676667E+02    0.4976247644E+02    0.2984290230E+01
    0.1263756667E+02    0.2323299394E+02   -0.1059542728E+02
    0.1576773333E+02    0.1846757843E+02   -0.2699845094E+01
    0.6769980000E+02    0.6724212461E+02    0.4576753917E+00
    0.6587150000E+02    0.6322311880E+02    0.2648381196E+01
