	 Y 	 Y_pred 	 diff
    0.6448746667E+02    0.7091003401E+02   -0.6422567344E+01
    0.3551316667E+02    0.2583306307E+02    0.9680103600E+01
    0.2607280000E+02    0.2921766753E+02   -0.3144867529E+01
    0.7808313333E+02    0.8347421018E+02   -0.5391076851E+01
    0.1068950000E+02    0.6260713904E+01    0.4428786096E+01
    0.4136713333E+02    0.3896295678E+02    0.2404176553E+01
    0.6935780000E+02    0.7158309948E+02   -0.2225299484E+01
    0.1222562000E+03    0.1314831412E+03   -0.9226941232E+01
    0.1137695667E+03    0.1245716817E+03   -0.1080211505E+02
    0.2498340000E+02    0.3146793116E+02   -0.6484531159E+01
    0.5834003333E+02    0.5116644523E+02    0.7173588102E+01
    0.1301593333E+02    0.1742334681E+02   -0.4407413476E+01
    0.3220636667E+02    0.3899712109E+02   -0.6790754422E+01
    0.1105675667E+03    0.1031918433E+03    0.7375723409E+01
    0.2881536667E+02    0.3444889850E+02   -0.5633531830E+01
    0.8769866667E+02    0.9101443282E+02   -0.3315766150E+01
    0.1218290333E+03    0.1113522336E+03    0.1047679971E+02
    0.4091123333E+02    0.3833087215E+02    0.2580361184E+01
    0.1317270667E+03    0.1220524565E+03    0.9674610178E+01
    0.9909350000E+02    0.1035490597E+03   -0.4455559654E+01
    0.6916680000E+02    0.7622850930E+02   -0.7061709299E+01
    0.4979963333E+02    0.3927474696E+02    0.1052488637E+02
    0.3288510000E+02    0.3440219329E+02   -0.1517093286E+01
    0.7547280000E+02    0.7914166544E+02   -0.3668865445E+01
    0.7631323333E+02    0.8142368211E+02   -0.5110448778E+01
    0.3218210000E+02    0.2908371404E+02    0.3098385962E+01
    0.3413013333E+02    0.3317682670E+02    0.9533066378E+00
    0.6338693333E+02    0.5411852101E+02    0.9268412325E+01
    0.1739346667E+02    0.2062778419E+02   -0.3234317520E+01
    0.4744456667E+02    0.4886244042E+02   -0.1417873754E+01
    0.4271046667E+02    0.4698799977E+02   -0.4277533105E+01
    0.4469730000E+02    0.5773104001E+02   -0.1303374001E+02
    0.1150665667E+03    0.1015089750E+03    0.1355759169E+02
    0.6905330000E+02    0.7625168690E+02   -0.7198386900E+01
    0.5629570000E+02    0.5691931679E+02   -0.6236167877E+00
    0.1236949333E+03    0.1139069419E+03    0.9787991451E+01
    0.6419260000E+02    0.8412809010E+02   -0.1993549010E+02
    0.6074053333E+02    0.6174831051E+02   -0.1007777176E+01
    0.5040940000E+02    0.4226612542E+02    0.8143274580E+01
    0.6252836667E+02    0.5115358413E+02    0.1137478254E+02
    0.7978300000E+02    0.8369072108E+02   -0.3907721083E+01
    0.2953980000E+02    0.2229149441E+02    0.7248305589E+01
    0.6125163333E+02    0.5740896892E+02    0.3842664417E+01
    0.1227551333E+03    0.1332494680E+03   -0.1049433466E+02
    0.1092017667E+03    0.1220819438E+03   -0.1288017716E+02
    0.1519966667E+02    0.1978437159E+02   -0.4584704924E+01
    0.2608033333E+02    0.3454559062E+02   -0.8465257290E+01
    0.2318960000E+02    0.2951347505E+02   -0.6323875047E+01
    0.9001296667E+02    0.9040990028E+02   -0.3969336157E+00
    0.6961473333E+02    0.4892292693E+02    0.2069180640E+02
    0.1186644000E+03    0.1060858334E+03    0.1257856656E+02
    0.4909853333E+02    0.4371394970E+02    0.5384583635E+01
    0.6544593333E+02    0.6532329827E+02    0.1226350678E+00
    0.5754726667E+02    0.7122079985E+02   -0.1367353318E+02
    0.6109540000E+02    0.6099457003E+02    0.1008299747E+00
    0.6641613333E+02    0.6507118615E+02    0.1344947188E+01
    0.4331223333E+02    0.4374334563E+02   -0.4311122936E+00
    0.1270568667E+03    0.1162271311E+03    0.1082973556E+02
    0.1048403333E+03    0.9319788915E+02    0.1164244418E+02
    0.1511233333E+02    0.1507251770E+02    0.3981563591E-01
    0.6859230000E+02    0.6084750879E+02    0.7744791209E+01
    0.4609493333E+02    0.5876366776E+02   -0.1266873442E+02
    0.3464173333E+02    0.4544897180E+02   -0.1080723847E+02
    0.9820813333E+02    0.9639792367E+02    0.1810209660E+01
    0.8448030000E+02    0.9203855610E+02   -0.7558256099E+01
    0.1662153333E+02    0.1186157248E+02    0.4759960850E+01
    0.2838256667E+02    0.2751675168E+02    0.8658149819E+00
    0.9953940000E+02    0.9637347755E+02    0.3165922450E+01
    0.9851213333E+02    0.9227454383E+02    0.6237589504E+01
    0.5078230000E+02    0.5429961120E+02   -0.3517311202E+01
    0.4755836667E+02    0.6041227367E+02   -0.1285390700E+02
    0.6976280000E+02    0.6543588209E+02    0.4326917912E+01
    0.1298107667E+03    0.1252918906E+03    0.4518876089E+01
    0.1119227000E+03    0.1014096921E+03    0.1051300792E+02
    0.7535336667E+02    0.7396988047E+02    0.1383486201E+01
    0.1040530000E+03    0.1149083343E+03   -0.1085533427E+02
    0.1408233333E+02    0.2598324481E+02   -0.1190091148E+02
    0.2335330000E+02    0.2991079091E+02   -0.6557490910E+01
    0.3871113333E+02    0.3743250150E+02    0.1278631833E+01
    0.1596020000E+02    0.2053896206E+02   -0.4578762055E+01
    0.1194016667E+02    0.1472490558E+02   -0.2784738917E+01
    0.5977913333E+02    0.5449614752E+02    0.5282985817E+01
    0.2911583333E+02    0.3889502923E+02   -0.9779195895E+01
    0.8876800000E+02    0.8013981311E+02    0.8628186892E+01
    0.6873096667E+02    0.5885772328E+02    0.9873243386E+01
    0.4487846667E+02    0.4959649719E+02   -0.4718030528E+01
    0.1155721667E+03    0.1020005851E+03    0.1357158157E+02
    0.4379320000E+02    0.2653514672E+02    0.1725805328E+02
    0.4094110000E+02    0.3239746194E+02    0.8543638058E+01
    0.1067330000E+03    0.8750405817E+02    0.1922894183E+02
    0.4281686667E+02    0.2805091544E+02    0.1476595123E+02
    0.1050881333E+03    0.9233002157E+02    0.1275811176E+02
    0.3710063333E+02    0.1948189634E+02    0.1761873699E+02
    0.1283589667E+03    0.1149518166E+03    0.1340715007E+02
    0.1167444000E+03    0.1015728832E+03    0.1517151680E+02
    0.1322718667E+03    0.1206030553E+03    0.1166881132E+02
    0.6211446667E+02    0.6945928823E+02   -0.7344821566E+01
    0.4574376667E+02    0.3927494918E+02    0.6468817488E+01
    0.5412566667E+02    0.4622606292E+02    0.7899603745E+01
    0.1339103333E+02    0.1509262643E+02   -0.1701593098E+01
    0.1242090000E+02    0.1343528702E+02   -0.1014387017E+01
    0.7560066667E+02    0.8429426617E+02   -0.8693599501E+01
    0.6408266667E+02    0.7011182959E+02   -0.6029162928E+01
    0.1185663333E+03    0.1098678565E+03    0.8698476861E+01
    0.3968340000E+02    0.3419139354E+02    0.5492006457E+01
    0.4298803333E+02    0.3480152185E+02    0.8186511484E+01
    0.5702396667E+02    0.6857349501E+02   -0.1154952835E+02
    0.6892443333E+02    0.8336835678E+02   -0.1444392345E+02
    0.4623996667E+02    0.3343809415E+02    0.1280187251E+02
    0.5990580000E+02    0.4573913444E+02    0.1416666556E+02
    0.5238350000E+02    0.5594029230E+02   -0.3556792303E+01
    0.8207633333E+02    0.8820682862E+02   -0.6130495287E+01
    0.1053764667E+03    0.1169834994E+03   -0.1160703277E+02
    0.1395766667E+02    0.1239055064E+02    0.1567116029E+01
    0.2272800000E+02    0.3234425603E+02   -0.9616256029E+01
    0.6801640000E+02    0.6362938947E+02    0.4387010533E+01
    0.9811226667E+02    0.9996338940E+02   -0.1851122730E+01
    0.1239530333E+03    0.1143327679E+03    0.9620265433E+01
    0.5756113333E+02    0.6832633137E+02   -0.1076519804E+02
    0.3941803333E+02    0.3373608206E+02    0.5681951269E+01
    0.6653600000E+02    0.8055827676E+02   -0.1402227676E+02
    0.6024150000E+02    0.6873994024E+02   -0.8498440243E+01
    0.1506720000E+02    0.2430977533E+02   -0.9242575331E+01
    0.5943460000E+02    0.4677450380E+02    0.1266009620E+02
    0.7244110000E+02    0.7618402109E+02   -0.3742921088E+01
    0.1244658000E+03    0.1365430397E+03   -0.1207723974E+02
    0.1211050000E+03    0.1312206647E+03   -0.1011566469E+02
    0.1179466667E+03    0.1284518204E+03   -0.1050515370E+02
    0.1067584667E+03    0.1196743360E+03   -0.1291586929E+02
    0.1577603333E+02    0.1848563455E+02   -0.2709601220E+01
    0.1529943333E+02    0.1541594059E+02   -0.1165072525E+00
    0.3855643333E+02    0.4362919653E+02   -0.5072763199E+01
    0.1569666667E+02    0.2686990493E+02   -0.1117323827E+02
    0.4475480000E+02    0.5543374512E+02   -0.1067894512E+02
    0.6879203333E+02    0.8025271382E+02   -0.1146068049E+02
    0.1128509667E+03    0.1020660979E+03    0.1078486877E+02
    0.5741510000E+02    0.5547915623E+02    0.1935943772E+01
    0.9577526667E+02    0.8805451278E+02    0.7720753882E+01
    0.6416440000E+02    0.7049036859E+02   -0.6325968587E+01
    0.5631520000E+02    0.6694731549E+02   -0.1063211549E+02
    0.5462010000E+02    0.5872132273E+02   -0.4101222728E+01
    0.5625880000E+02    0.4908754307E+02    0.7171256932E+01
    0.4263683333E+02    0.3904417057E+02    0.3592662767E+01
    0.9410970000E+02    0.9108605020E+02    0.3023649798E+01
    0.9391083333E+02    0.8669241623E+02    0.7218417102E+01
    0.7601236667E+02    0.7658297932E+02   -0.5706126531E+00
    0.2761040000E+02    0.1794327419E+02    0.9667125809E+01
    0.4472750000E+02    0.4884522326E+02   -0.4117723262E+01
    0.5592400000E+02    0.4922733937E+02    0.6696660626E+01
    0.1462273333E+02    0.1917629961E+02   -0.4553566272E+01
    0.1876863333E+02    0.1869262735E+02    0.7600598262E-01
    0.1240794333E+03    0.1108163526E+03    0.1326308076E+02
    0.3478613333E+02    0.4169287621E+02   -0.6906742880E+01
    0.1129134333E+03    0.1020935284E+03    0.1081990495E+02
    0.7081320000E+02    0.7901189597E+02   -0.8198695971E+01
    0.9879613333E+02    0.1000524109E+03   -0.1256277547E+01
    0.1171394000E+03    0.1075924218E+03    0.9546978187E+01
    0.7457800000E+02    0.6906535126E+02    0.5512648744E+01
    0.7547360000E+02    0.7305716501E+02    0.2416434992E+01
    0.5415630000E+02    0.5306117452E+02    0.1095125478E+01
    0.5043943333E+02    0.6423892475E+02   -0.1379949142E+02
    0.6651516667E+02    0.6750664934E+02   -0.9914826734E+00
    0.7973906667E+02    0.8420522366E+02   -0.4466156989E+01
    0.1005121667E+03    0.1119766833E+03   -0.1146451666E+02
    0.4908086667E+02    0.4427836234E+02    0.4802504324E+01
    0.5274676667E+02    0.5087166007E+02    0.1875106600E+01
    0.1263756667E+02    0.2395484975E+02   -0.1131728308E+02
    0.1576773333E+02    0.1806610389E+02   -0.2298370556E+01
    0.6769980000E+02    0.6944249584E+02   -0.1742695844E+01
    0.6587150000E+02    0.6787874038E+02   -0.2007240375E+01
