	 Y 	 Y_pred 	 diff
    0.2935234994E+03    0.2717441549E+03    0.2177934451E+02
    0.1587309654E+03    0.1505684520E+03    0.8162513476E+01
    0.1746566799E+03    0.1853211544E+03   -0.1066447450E+02
    0.2635678493E+03    0.2436425734E+03    0.1992527591E+02
    0.2592711134E+03    0.2323820165E+03    0.2688909688E+02
    0.1533371356E+03    0.1525966146E+03    0.7405210302E+00
    0.1737380718E+03    0.1865123731E+03   -0.1277430127E+02
    0.1354613601E+03    0.1243472125E+03    0.1111414758E+02
    0.1415692716E+03    0.1470054301E+03   -0.5436158465E+01
    0.1215912466E+03    0.1404678794E+03   -0.1887663284E+02
    0.1096500264E+03    0.1022898887E+03    0.7360137718E+01
    0.1139947988E+03    0.1128383918E+03    0.1156406988E+01
    0.3022450560E+03    0.2762305155E+03    0.2601454050E+02
    0.3443617784E+03    0.3349738922E+03    0.9387886248E+01
    0.1198075480E+03    0.9110193362E+02    0.2870561434E+02
    0.1135857840E+03    0.1030607998E+03    0.1052498421E+02
    0.2788580290E+03    0.2349548492E+03    0.4390317976E+02
    0.3189353197E+03    0.3056341231E+03    0.1330119654E+02
    0.3054724589E+03    0.2944589233E+03    0.1101353562E+02
    0.1557885917E+03    0.1777728871E+03   -0.2198429541E+02
    0.1177067906E+03    0.9416184979E+02    0.2354494084E+02
    0.1777489072E+03    0.2092915252E+03   -0.3154261798E+02
    0.1784743125E+03    0.1739003522E+03    0.4573960366E+01
    0.1956337281E+03    0.2077018007E+03   -0.1206807260E+02
    0.2605553334E+03    0.2765828664E+03   -0.1602753296E+02
    0.2590247442E+03    0.2657383999E+03   -0.6713655768E+01
    0.1618420223E+03    0.1884129063E+03   -0.2657088396E+02
    0.1079419546E+03    0.1046049491E+03    0.3337005558E+01
    0.1750833160E+03    0.2195388077E+03   -0.4445549175E+02
    0.1299731940E+03    0.1612736439E+03   -0.3130044992E+02
    0.1169255214E+03    0.1058597139E+03    0.1106580750E+02
    0.1562825046E+03    0.1815537684E+03   -0.2527126374E+02
    0.1770777058E+03    0.1865123731E+03   -0.9434667308E+01
    0.1900791570E+03    0.2190915330E+03   -0.2901237607E+02
    0.1509485565E+03    0.1580965901E+03   -0.7148033608E+01
    0.1653278390E+03    0.1798314921E+03   -0.1450365304E+02
    0.1854096194E+03    0.2013420125E+03   -0.1593239303E+02
    0.1640343275E+03    0.1637956399E+03    0.2386876065E+00
    0.1464641946E+03    0.1360862858E+03    0.1037790883E+02
    0.1858012828E+03    0.1733433665E+03    0.1245791634E+02
    0.1653253369E+03    0.1635300643E+03    0.1795272625E+01
    0.1777252035E+03    0.1732898782E+03    0.4435325339E+01
    0.3048441671E+03    0.2882826507E+03    0.1656151650E+02
    0.3431197118E+03    0.3462917297E+03   -0.3172017870E+01
    0.1196200687E+03    0.1142459415E+03    0.5374127259E+01
    0.9846246946E+02    0.8690510377E+02    0.1155736569E+02
    0.1234999985E+03    0.1244110162E+03   -0.9110176476E+00
    0.2754221649E+03    0.2484393557E+03    0.2698280912E+02
    0.1012461757E+03    0.7714969045E+02    0.2409648520E+02
    0.3280589644E+03    0.3166215373E+03    0.1143742707E+02
    0.1252586322E+03    0.1030607998E+03    0.2219783243E+02
    0.1336360451E+03    0.1148354899E+03    0.1880055519E+02
    0.2730061052E+03    0.2471302700E+03    0.2587583521E+02
    0.3342069804E+03    0.3168968442E+03    0.1731013621E+02
    0.2925690386E+03    0.2700720164E+03    0.2249702219E+02
    0.2499290681E+03    0.2407566803E+03    0.9172387844E+01
    0.2494959393E+03    0.2286650425E+03    0.2083089684E+02
    0.1635212792E+03    0.1292900971E+03    0.3423118205E+02
    0.3044292394E+03    0.2749524629E+03    0.2947677647E+02
    0.3466922574E+03    0.3350727913E+03    0.1161946615E+02
    0.7539411855E+02    0.9879733888E+02   -0.2340322032E+02
    0.8308542094E+02    0.1194557688E+03   -0.3637034788E+02
    0.1161810959E+03    0.1298562198E+03   -0.1367512381E+02
    0.1374857342E+03    0.1403045990E+03   -0.2818864793E+01
    0.1810345920E+03    0.1613464740E+03    0.1968811800E+02
    0.2137989748E+03    0.1825840873E+03    0.3121488748E+02
    0.2362153392E+03    0.2040201830E+03    0.3219515626E+02
    0.2531818108E+03    0.2256575566E+03    0.2752425424E+02
    0.2540849331E+03    0.2365526106E+03    0.1753232252E+02
    0.2565445535E+03    0.2474990563E+03    0.9045497182E+01
    0.2716754675E+03    0.2695475845E+03    0.2127883049E+01
    0.1656333067E+03    0.1696665747E+03   -0.4033267944E+01
    0.1614262859E+03    0.1842863494E+03   -0.2286006353E+02
    0.1638021596E+03    0.1915074097E+03   -0.2770525012E+02
    0.1557274398E+03    0.1986676927E+03   -0.4294025288E+02
    0.1765848111E+03    0.2128010961E+03   -0.3621628495E+02
    0.2133581471E+03    0.2266766309E+03   -0.1331848382E+02
    0.2477361032E+03    0.2402839233E+03    0.7452179931E+01
    0.2563639819E+03    0.2536121285E+03    0.2751853400E+01
    0.2589913668E+03    0.2601680488E+03   -0.1176681991E+01
    0.2636269676E+03    0.2666499026E+03   -0.3022934998E+01
    0.2787418701E+03    0.2793853714E+03   -0.6435013466E+00
    0.7419914298E+02    0.8244420764E+02   -0.8245064662E+01
    0.1199555727E+03    0.1054403119E+03    0.1451526080E+02
    0.1275768211E+03    0.1169665043E+03    0.1061031682E+02
    0.1365911272E+03    0.1285108557E+03    0.8080271472E+01
    0.1664174620E+03    0.1516522829E+03    0.1476517913E+02
    0.1835905845E+03    0.1748611686E+03    0.8729415912E+01
    0.2269835653E+03    0.1981342136E+03    0.2884935173E+02
    0.2427378609E+03    0.2214682388E+03    0.2126962210E+02
    0.2489758592E+03    0.2331571570E+03    0.1581870224E+02
    0.2556213033E+03    0.2448601799E+03    0.1076112343E+02
    0.2752750396E+03    0.2683070828E+03    0.6967956813E+01
    0.3579410584E+03    0.3786225326E+03   -0.2068147427E+02
    0.3560854796E+03    0.3693560680E+03   -0.1327058834E+02
    0.3559526572E+03    0.3646895151E+03   -0.8736857925E+01
    0.3545054002E+03    0.3600003733E+03   -0.5494973102E+01
    0.3498113830E+03    0.3505531596E+03   -0.7417765940E+00
    0.3429812803E+03    0.3410120359E+03    0.1969244369E+01
    0.3356323513E+03    0.3313745032E+03    0.4257848033E+01
    0.3316835756E+03    0.3216379470E+03    0.1004562852E+02
    0.3292392192E+03    0.3167316847E+03    0.1250753448E+02
    0.3269858934E+03    0.3117996300E+03    0.1518626345E+02
    0.3207503283E+03    0.3018566835E+03    0.1889364481E+02
    0.7685966542E+02    0.8633358770E+02   -0.9473922273E+01
    0.9037831757E+02    0.9425506196E+02   -0.3876744388E+01
    0.9507898511E+02    0.9818452506E+02   -0.3105539955E+01
    0.1152563537E+03    0.1020935252E+03    0.1316282842E+02
    0.1250793226E+03    0.1098512557E+03    0.1522806686E+02
    0.1376933148E+03    0.1175304273E+03    0.2016288753E+02
    0.1448486749E+03    0.1251331162E+03    0.1971555866E+02
    0.1532934530E+03    0.1326613072E+03    0.2063214582E+02
    0.1533473073E+03    0.1363980624E+03    0.1694924490E+02
    0.1575849665E+03    0.1401168988E+03    0.1746806777E+02
    0.1621881784E+03    0.1475017088E+03    0.1468646967E+02
    0.8311168116E+02    0.7701578440E+02    0.6095896758E+01
    0.7247803067E+02    0.7559516320E+02   -0.3117132537E+01
    0.6678121200E+02    0.7484197348E+02   -0.8060761473E+01
    0.6475675694E+02    0.7405922500E+02   -0.9302468061E+01
    0.7030410540E+02    0.7240199909E+02   -0.2097893691E+01
    0.6625141588E+02    0.7061714146E+02   -0.4365725573E+01
    0.6514082646E+02    0.6869790533E+02   -0.3557078875E+01
    0.7365959505E+02    0.6663710882E+02    0.7022486229E+01
    0.6708569690E+02    0.6555125341E+02    0.1534443491E+01
    0.6606186028E+02    0.6442709928E+02    0.1634760996E+01
    0.7019308169E+02    0.6205971396E+02    0.8133367730E+01
    0.1593068290E+03    0.1474572433E+03    0.1184958570E+02
    0.1468949451E+03    0.1396959135E+03    0.7199031625E+01
    0.1388089549E+03    0.1356569414E+03    0.3152013485E+01
    0.1291537303E+03    0.1315079403E+03   -0.2354209999E+01
    0.1235282770E+03    0.1228654576E+03    0.6628193461E+00
    0.1106958100E+03    0.1137379854E+03   -0.3042175389E+01
    0.9736886424E+02    0.1040920811E+03   -0.6723216911E+01
    0.9411222420E+02    0.9389092884E+02    0.2212953626E+00
    0.7726231874E+02    0.8856958857E+02   -0.1130726983E+02
    0.6947861574E+02    0.8309384926E+02   -0.1361523352E+02
    0.7451208676E+02    0.7165571389E+02    0.2856372865E+01
    0.8219213345E+02    0.1070004555E+03   -0.2480832201E+02
    0.9923806785E+02    0.1361682941E+03   -0.3693022629E+02
    0.1193451659E+03    0.1509387303E+03   -0.3159356439E+02
    0.1356927131E+03    0.1658341847E+03   -0.3014147162E+02
    0.1672786173E+03    0.1960022203E+03   -0.2872360300E+02
    0.2253661327E+03    0.2266766309E+03   -0.1310498201E+01
    0.2698899312E+03    0.2578617835E+03    0.1202814766E+02
    0.2781444213E+03    0.2895621823E+03   -0.1141776099E+02
    0.2994904688E+03    0.3056070441E+03   -0.6116575255E+01
    0.3348078087E+03    0.3217824687E+03    0.1302533995E+02
    0.3536124748E+03    0.3545274222E+03   -0.9149473990E+00
    0.1815617150E+03    0.1771613623E+03    0.4400352674E+01
    0.1851328402E+03    0.1997096107E+03   -0.1457677043E+02
    0.1879236927E+03    0.2110612498E+03   -0.2313755713E+02
    0.1904213831E+03    0.2224650404E+03   -0.3204365731E+02
    0.2062694130E+03    0.2454305203E+03   -0.3916110738E+02
    0.2324792831E+03    0.2686089722E+03   -0.3612968911E+02
    0.2580894811E+03    0.2920033724E+03   -0.3391389137E+02
    0.2927787662E+03    0.3156167530E+03   -0.2283798678E+02
    0.3243674594E+03    0.3275065240E+03   -0.3139064546E+01
    0.3451406716E+03    0.3394522029E+03    0.5688468679E+01
    0.3548500077E+03    0.3635128697E+03   -0.8662862088E+01
    0.8919480068E+02    0.9227916545E+02   -0.3084364769E+01
    0.1207847205E+03    0.1250393224E+03   -0.4254601949E+01
    0.1243448504E+03    0.1414238042E+03   -0.1707895372E+02
    0.1408027874E+03    0.1578119615E+03   -0.1700917411E+02
    0.1693828405E+03    0.1906011095E+03   -0.2121826896E+02
    0.2053585443E+03    0.2234097906E+03   -0.1805124630E+02
    0.2357175677E+03    0.2562402072E+03   -0.2052263954E+02
    0.2786727984E+03    0.2890938857E+03   -0.1042108734E+02
    0.3075347098E+03    0.3055297700E+03    0.2004939863E+01
    0.3365297414E+03    0.3219717951E+03    0.1455794629E+02
    0.3525696231E+03    0.3548744440E+03   -0.2304820824E+01
