     Index       y_measurement           y_fitting        descriptor_1        descriptor_2
         1    0.2595301222E+03    0.2590330521E+03    0.5568693694E+02    0.3471350527E+05
         2    0.2079026556E+03    0.2088727600E+03    0.4257081342E+02    0.3825376464E+05
         3    0.2226869444E+03    0.2222086397E+03    0.4596758154E+02    0.3768424028E+05
         4    0.2405868667E+03    0.2412763381E+03    0.5176884496E+02    0.3298412930E+05
         5    0.2053415111E+03    0.2083198057E+03    0.4323921820E+02    0.3494820042E+05
         6    0.2209334444E+03    0.2215482831E+03    0.4659778226E+02    0.3442788950E+05
         7    0.1936777556E+03    0.1970319424E+03    0.4037262470E+02    0.3539518454E+05
         8    0.1988755111E+03    0.2015752383E+03    0.4328083110E+02    0.2799773118E+05
         9    0.1820647889E+03    0.1851841648E+03    0.3944394975E+02    0.2730692970E+05
        10    0.1862727778E+03    0.1891243833E+03    0.4043976135E+02    0.2717073582E+05
        11    0.2604490667E+03    0.2618607865E+03    0.5580207512E+02    0.3708212275E+05
        12    0.2896785556E+03    0.2882981301E+03    0.6248401220E+02    0.3616656188E+05
        13    0.1894734000E+03    0.1880257355E+03    0.3634640822E+02    0.4290616429E+05
        14    0.1935410889E+03    0.1921258486E+03    0.3740019833E+02    0.4269216890E+05
        15    0.2416573111E+03    0.2457149550E+03    0.5112757732E+02    0.4008371303E+05
        16    0.2785376444E+03    0.2761568244E+03    0.5885334256E+02    0.3889906028E+05
        17    0.2668892556E+03    0.2660826749E+03    0.5823140900E+02    0.3133165136E+05
        18    0.2110321000E+03    0.2140035097E+03    0.4672338275E+02    0.2632757785E+05
        19    0.1790172889E+03    0.1772405748E+03    0.3811571540E+02    0.2478671027E+05
        20    0.2256499111E+03    0.2270365760E+03    0.5000300481E+02    0.2593561128E+05
        21    0.2147564222E+03    0.2144371019E+03    0.4483622662E+02    0.3452701211E+05
        22    0.2279487222E+03    0.2278060747E+03    0.4822759340E+02    0.3401297186E+05
        23    0.2568662444E+03    0.2562776167E+03    0.5661099767E+02    0.2814237692E+05
        24    0.2505142889E+03    0.2514691819E+03    0.5540187257E+02    0.2828344117E+05
        25    0.2144034778E+03    0.2171727344E+03    0.4781743168E+02    0.2501228183E+05
        26    0.1817765778E+03    0.1799461299E+03    0.3907776475E+02    0.2354839425E+05
        27    0.2281654778E+03    0.2302149572E+03    0.5109453095E+02    0.2463989746E+05
        28    0.1819319111E+03    0.1801458297E+03    0.3962118284E+02    0.2151354278E+05
        29    0.2107032667E+03    0.2135012322E+03    0.4743068834E+02    0.2291291628E+05
        30    0.2151194444E+03    0.2171108355E+03    0.4659778226E+02    0.2996760537E+05
        31    0.2290660778E+03    0.2303806773E+03    0.4994842829E+02    0.2952144585E+05
        32    0.2044317667E+03    0.2051993555E+03    0.4359430605E+02    0.3035088816E+05
        33    0.2137194444E+03    0.2136721281E+03    0.4573785065E+02    0.3004889178E+05
        34    0.2164706222E+03    0.2196593972E+03    0.4950085976E+02    0.2058625206E+05
        35    0.2003932667E+03    0.2027818864E+03    0.4592241543E+02    0.1834332055E+05
        36    0.1893699333E+03    0.1892229635E+03    0.4297173415E+02    0.1685348792E+05
        37    0.2000597778E+03    0.2023998801E+03    0.4540734249E+02    0.2007831758E+05
        38    0.2051309444E+03    0.2063572028E+03    0.4639856951E+02    0.1997817655E+05
        39    0.2630736333E+03    0.2654959579E+03    0.5714056957E+02    0.3522954182E+05
        40    0.1871043000E+03    0.1880012935E+03    0.4100878237E+02    0.2370095885E+05
        41    0.1764319667E+03    0.1748774941E+03    0.3827018752E+02    0.2177598231E+05
        42    0.1914784222E+03    0.1919119741E+03    0.4199300533E+02    0.2358274983E+05
        43    0.2456214556E+03    0.2486791867E+03    0.5313847511E+02    0.3479052546E+05
        44    0.1790136222E+03    0.1754330333E+03    0.3538212697E+02    0.3421563261E+05
        45    0.2811406222E+03    0.2788987593E+03    0.6077190066E+02    0.3376231004E+05
        46    0.1923749111E+03    0.1902061798E+03    0.3740019833E+02    0.4076262083E+05
        47    0.1980689000E+03    0.1943134211E+03    0.3845313135E+02    0.4055931641E+05
        48    0.2452193667E+03    0.2490031912E+03    0.5241775664E+02    0.3808117604E+05
        49    0.2834870333E+03    0.2794789104E+03    0.6013740609E+02    0.3695570720E+05
        50    0.2534758778E+03    0.2479346809E+03    0.5095108696E+02    0.4304092966E+05
        51    0.2469492333E+03    0.2430178169E+03    0.4969731675E+02    0.4325667322E+05
        52    0.2098778222E+03    0.2061025908E+03    0.3948782235E+02    0.4815252020E+05
        53    0.2611882111E+03    0.2622673604E+03    0.5504884370E+02    0.4058952332E+05
        54    0.2922040889E+03    0.2889293986E+03    0.6180673000E+02    0.3958736442E+05
        55    0.1845425556E+03    0.1849854562E+03    0.3958904110E+02    0.2651030412E+05
        56    0.1898993111E+03    0.1936174661E+03    0.4134556575E+02    0.2796053392E+05
        57    0.1952178111E+03    0.1980318371E+03    0.4224137931E+02    0.2871231672E+05
        58    0.2016502556E+03    0.2025127719E+03    0.4314900154E+02    0.2948242592E+05
        59    0.2105854111E+03    0.2116773650E+03    0.4500000000E+02    0.3107932202E+05
        60    0.2213828000E+03    0.2211174359E+03    0.4689922481E+02    0.3275471424E+05
        61    0.2304738556E+03    0.2308393816E+03    0.4884735202E+02    0.3451225126E+05
        62    0.2402382000E+03    0.2408498139E+03    0.5084507042E+02    0.3635574533E+05
        63    0.2422979556E+03    0.2459653394E+03    0.5186274510E+02    0.3731096405E+05
        64    0.2458938778E+03    0.2511555675E+03    0.5289308176E+02    0.3828917937E+05
        65    0.2572186333E+03    0.2617637089E+03    0.5499210111E+02    0.4031671441E+05
        66    0.2082812222E+03    0.2054903493E+03    0.4658743169E+02    0.1832989791E+05
        67    0.2124671556E+03    0.2124350756E+03    0.4784380720E+02    0.2014173465E+05
        68    0.2147394667E+03    0.2159472906E+03    0.4846616972E+02    0.2111167457E+05
        69    0.2172658444E+03    0.2194872605E+03    0.4908430411E+02    0.2212690645E+05
        70    0.2253844556E+03    0.2266544942E+03    0.5030683919E+02    0.2430161263E+05
        71    0.2347459556E+03    0.2339456777E+03    0.5150928793E+02    0.2668354005E+05
        72    0.2513636333E+03    0.2489428439E+03    0.5384521576E+02    0.3214806452E+05
        73    0.2534225000E+03    0.2527877174E+03    0.5441320533E+02    0.3367606090E+05
        74    0.2547179556E+03    0.2566744127E+03    0.5497423004E+02    0.3527474727E+05
        75    0.2631218000E+03    0.2645814272E+03    0.5607422615E+02    0.3869715692E+05
        76    0.1924218778E+03    0.1910413685E+03    0.3516023739E+02    0.5081712948E+05
        77    0.1983598444E+03    0.1987814118E+03    0.3728430729E+02    0.4985875027E+05
        78    0.2024171778E+03    0.2027719279E+03    0.3837530713E+02    0.4938151603E+05
        79    0.2065748778E+03    0.2068435735E+03    0.3948577967E+02    0.4890571958E+05
        80    0.2156308111E+03    0.2152326035E+03    0.4176562500E+02    0.4795881930E+05
        81    0.2237516111E+03    0.2239531246E+03    0.4412479741E+02    0.4701877067E+05
        82    0.2350597111E+03    0.2330096365E+03    0.4656423499E+02    0.4608623752E+05
        83    0.2445528889E+03    0.2424065212E+03    0.4908486017E+02    0.4516182938E+05
        84    0.2477960889E+03    0.2472339414E+03    0.5037590217E+02    0.4470284857E+05
        85    0.2505340222E+03    0.2521480465E+03    0.5168758003E+02    0.4424610448E+05
        86    0.2601386889E+03    0.2622383703E+03    0.5437328658E+02    0.4333957252E+05
        87    0.3058445778E+03    0.3066812740E+03    0.6723646724E+02    0.3509308808E+05
        88    0.3013589222E+03    0.3022426456E+03    0.6611779607E+02    0.3523374155E+05
        89    0.2990407000E+03    0.3000224540E+03    0.6555819477E+02    0.3530427955E+05
        90    0.2966810000E+03    0.2978016775E+03    0.6499841622E+02    0.3537495876E+05
        91    0.2926131333E+03    0.2933583691E+03    0.6387832700E+02    0.3551674198E+05
        92    0.2877935333E+03    0.2889127200E+03    0.6275752773E+02    0.3565909346E+05
        93    0.2843988222E+03    0.2844647297E+03    0.6163601776E+02    0.3580201548E+05
        94    0.2820282667E+03    0.2800143976E+03    0.6051379638E+02    0.3594551034E+05
        95    0.2803237333E+03    0.2777883533E+03    0.5995241872E+02    0.3601747330E+05
        96    0.2744485778E+03    0.2711067064E+03    0.5826721676E+02    0.3623422776E+05
        97    0.1870242778E+03    0.1780430795E+03    0.3974261923E+02    0.1890039145E+05
        98    0.1838565333E+03    0.1791858230E+03    0.4011504693E+02    0.1851687787E+05
        99    0.1870591111E+03    0.1838280513E+03    0.4160363086E+02    0.1705908034E+05
       100    0.1889144889E+03    0.1861897986E+03    0.4234724743E+02    0.1637380224E+05
       101    0.1905193889E+03    0.1885770924E+03    0.4309041427E+02    0.1571605236E+05
       102    0.1899346000E+03    0.1897799743E+03    0.4346182918E+02    0.1539715317E+05
       103    0.1915395111E+03    0.1909888343E+03    0.4383313180E+02    0.1508472486E+05
       104    0.1921652444E+03    0.1934239701E+03    0.4457540042E+02    0.1447875834E+05
       105    0.1813102889E+03    0.1722058258E+03    0.3743887531E+02    0.2251051725E+05
       106    0.1717623333E+03    0.1720119054E+03    0.3676470588E+02    0.2508907854E+05
       107    0.1704806556E+03    0.1719949643E+03    0.3653606965E+02    0.2601264155E+05
       108    0.1700829333E+03    0.1720391412E+03    0.3607277290E+02    0.2796301190E+05
       109    0.1692373444E+03    0.1721952001E+03    0.3560126582E+02    0.3005961671E+05
       110    0.1700707556E+03    0.1724731481E+03    0.3512132822E+02    0.3231342031E+05
       111    0.1708686111E+03    0.1728837774E+03    0.3463273196E+02    0.3473620912E+05
       112    0.1718423667E+03    0.1731424495E+03    0.3438511327E+02    0.3601489610E+05
       113    0.1730707556E+03    0.1741505394E+03    0.3362860892E+02    0.4014037291E+05
       114    0.1931341889E+03    0.1901201736E+03    0.4305043050E+02    0.1743156483E+05
       115    0.1907203222E+03    0.1887596238E+03    0.4247104247E+02    0.1844756961E+05
       116    0.1876005778E+03    0.1874366519E+03    0.4188644120E+02    0.1952279258E+05
       117    0.1853022667E+03    0.1849162154E+03    0.4070131497E+02    0.2186490048E+05
       118    0.1818018444E+03    0.1825864295E+03    0.3949447077E+02    0.2448798609E+05
       119    0.1808356889E+03    0.1804783639E+03    0.3826530612E+02    0.2742575769E+05
       120    0.1786953444E+03    0.1786270196E+03    0.3701319601E+02    0.3071596750E+05
       121    0.1787971889E+03    0.1778097472E+03    0.3637833468E+02    0.3250625829E+05
       122    0.1796762778E+03    0.1770718069E+03    0.3573749188E+02    0.3440089679E+05
       123    0.1785659444E+03    0.1758570814E+03    0.3443752050E+02    0.3852789920E+05
       124    0.1863562667E+03    0.1880705186E+03    0.4036853317E+02    0.2640447471E+05
       125    0.1967213778E+03    0.2000571017E+03    0.4297310513E+02    0.2773774201E+05
       126    0.2087044444E+03    0.2125866860E+03    0.4569582566E+02    0.2913075108E+05
       127    0.2193693111E+03    0.2256755972E+03    0.4854007398E+02    0.3058600989E+05
       128    0.2362448000E+03    0.2393405016E+03    0.5150928793E+02    0.3210612744E+05
       129    0.2691348000E+03    0.2684667111E+03    0.5783666458E+02    0.3535190383E+05
       130    0.2765467111E+03    0.2761352832E+03    0.5950215180E+02    0.3620825842E+05
       131    0.2862961111E+03    0.2839631341E+03    0.6120200753E+02    0.3708332224E+05
       132    0.2959017111E+03    0.3001058055E+03    0.6470667927E+02    0.3889112722E+05
       133    0.2105255556E+03    0.2085904937E+03    0.4736267071E+02    0.1825672476E+05
       134    0.2250481778E+03    0.2242047442E+03    0.5053475936E+02    0.2090160990E+05
       135    0.2306701222E+03    0.2296037954E+03    0.5162021440E+02    0.2186297036E+05
       136    0.2418327444E+03    0.2407062746E+03    0.5383384615E+02    0.2391588091E+05
       137    0.2531147778E+03    0.2522300196E+03    0.5610510046E+02    0.2615517056E+05
       138    0.2637099889E+03    0.2641947613E+03    0.5843478261E+02    0.2859735898E+05
       139    0.2798409111E+03    0.2766217232E+03    0.6082371295E+02    0.3126040396E+05
       140    0.2875471778E+03    0.2830156075E+03    0.6204065676E+02    0.3268078289E+05
       141    0.2945108667E+03    0.2895337455E+03    0.6327272727E+02    0.3416382491E+05
       142    0.3012605778E+03    0.3029554201E+03    0.6578267717E+02    0.3732883680E+05
       143    0.1966388111E+03    0.1943008554E+03    0.3600593276E+02    0.5061426696E+05
       144    0.2049353111E+03    0.2055479043E+03    0.3903412073E+02    0.4946147151E+05
       145    0.2096941111E+03    0.2113860959E+03    0.4059942717E+02    0.4889016174E+05
       146    0.2163081222E+03    0.2173689080E+03    0.4219921620E+02    0.4832235811E+05
       147    0.2288574333E+03    0.2297728368E+03    0.4550325098E+02    0.4719758431E+05
       148    0.2417612556E+03    0.2427684393E+03    0.4894822006E+02    0.4608773663E+05
       149    0.2556504667E+03    0.2563642510E+03    0.5253608247E+02    0.4499333511E+05
       150    0.2737433333E+03    0.2705686010E+03    0.5626876203E+02    0.4391483752E+05
       151    0.2828206778E+03    0.2779015264E+03    0.5819000000E+02    0.4338167973E+05
       152    0.2900036000E+03    0.2853896202E+03    0.6014814815E+02    0.4285264342E+05
       153    0.2989490444E+03    0.3008352474E+03    0.6417609663E+02    0.4180709795E+05
