	 Y 	 Y_pred 	 diff
    0.1068349333E+03    0.9848461634E+02    0.8350316991E+01
    0.1181048000E+03    0.1220386640E+03   -0.3933863995E+01
    0.1163718000E+03    0.1105917619E+03    0.5780038149E+01
    0.8230160000E+02    0.7134585786E+02    0.1095574214E+02
    0.1333271667E+03    0.1242892928E+03    0.9037873836E+01
    0.1043592000E+03    0.1030304495E+03    0.1328750485E+01
    0.8228193333E+02    0.7692961297E+02    0.5352320366E+01
    0.6902210000E+02    0.6799954808E+02    0.1022551924E+01
    0.6465190000E+02    0.6522007500E+02   -0.5681750043E+00
    0.1275528667E+03    0.1184946307E+03    0.9058235976E+01
    0.9517810000E+02    0.1062221155E+03   -0.1104401554E+02
    0.1230619333E+03    0.1271538331E+03   -0.4091899740E+01
    0.1137924333E+03    0.1162954666E+03   -0.2503033249E+01
    0.7960966667E+02    0.8611762000E+02   -0.6507953338E+01
    0.1265596000E+03    0.1215685788E+03    0.4991021181E+01
    0.9512590000E+02    0.9217892703E+02    0.2946972966E+01
    0.7170470000E+02    0.7777922029E+02   -0.6074520293E+01
    0.1183212333E+03    0.1234988332E+03   -0.5177599837E+01
    0.6924846667E+02    0.7783765552E+02   -0.8589188851E+01
    0.9370783333E+02    0.8877008588E+02    0.4937747451E+01
    0.1026179667E+03    0.1030131767E+03   -0.3952100642E+00
    0.1177421333E+03    0.1246247006E+03   -0.6882567275E+01
    0.1096154000E+03    0.1077014229E+03    0.1913977064E+01
    0.8378776667E+02    0.7731366119E+02    0.6474105479E+01
    0.8411906667E+02    0.7438039598E+02    0.9738670691E+01
    0.1148520667E+03    0.1107402315E+03    0.4111835117E+01
    0.1131955333E+03    0.1177484225E+03   -0.4552889186E+01
    0.9246266667E+02    0.1042119129E+03   -0.1174924619E+02
    0.1244155333E+03    0.1249746353E+03   -0.5591019567E+00
    0.1065988000E+03    0.1093501136E+03   -0.2751313582E+01
    0.1094606333E+03    0.1108204432E+03   -0.1359809858E+01
    0.1109500000E+03    0.1110026121E+03   -0.5261210898E-01
    0.7063323333E+02    0.8468773754E+02   -0.1405450421E+02
    0.1143839667E+03    0.1035463323E+03    0.1083763436E+02
    0.1124396667E+03    0.1036866049E+03    0.8753061772E+01
    0.7548660000E+02    0.8855857718E+02   -0.1307197718E+02
    0.1218277333E+03    0.1075677176E+03    0.1426001569E+02
    0.1001382000E+03    0.1041644857E+03   -0.4026285704E+01
    0.9314260000E+02    0.1010149731E+03   -0.7872373140E+01
    0.8257986667E+02    0.9411706974E+02   -0.1153720307E+02
    0.7840820000E+02    0.6636311888E+02    0.1204508112E+02
    0.1165381667E+03    0.1142908002E+03    0.2247366506E+01
    0.8333353333E+02    0.8827523850E+02   -0.4941705168E+01
    0.7168876667E+02    0.6883707748E+02    0.2851689188E+01
    0.6549303333E+02    0.6438425953E+02    0.1108773800E+01
    0.1282895000E+03    0.1257796520E+03    0.2509847996E+01
    0.1200650667E+03    0.1193908926E+03    0.6741741128E+00
    0.1181213667E+03    0.1222208719E+03   -0.4099505217E+01
    0.9159523333E+02    0.9172306728E+02   -0.1278339501E+00
    0.9883910000E+02    0.1059960846E+03   -0.7156984644E+01
    0.7212493333E+02    0.8340131474E+02   -0.1127638140E+02
    0.1120797667E+03    0.1122438646E+03   -0.1640979596E+00
    0.1055167333E+03    0.1006881414E+03    0.4828591951E+01
    0.1162208000E+03    0.9756421470E+02    0.1865658530E+02
    0.9892276667E+02    0.1046292377E+03   -0.5706471042E+01
    0.9586320000E+02    0.1093052576E+03   -0.1344205759E+02
    0.1175400000E+03    0.1200164655E+03   -0.2476465547E+01
    0.7171576667E+02    0.8726084280E+02   -0.1554507614E+02
    0.7212726667E+02    0.7593801782E+02   -0.3810751151E+01
    0.1323314333E+03    0.1190802343E+03    0.1325119904E+02
    0.7522936667E+02    0.8703266068E+02   -0.1180329401E+02
    0.1204607667E+03    0.9716427223E+02    0.2329649443E+02
    0.1208332667E+03    0.1158270791E+03    0.5006187578E+01
    0.8447216667E+02    0.8819272421E+02   -0.3720557542E+01
    0.1007096000E+03    0.9462128507E+02    0.6088314927E+01
    0.1322593000E+03    0.1277278049E+03    0.4531495142E+01
    0.1247315333E+03    0.1238080236E+03    0.9235096834E+00
    0.8489250000E+02    0.8874927987E+02   -0.3856779872E+01
    0.8049570000E+02    0.9240054188E+02   -0.1190484188E+02
    0.1183827000E+03    0.1200292408E+03   -0.1646540768E+01
    0.1233274667E+03    0.1049854333E+03    0.1834203340E+02
    0.9148953333E+02    0.1088709629E+03   -0.1738142954E+02
    0.7368413333E+02    0.7739214795E+02   -0.3708014612E+01
    0.7875026667E+02    0.8327520344E+02   -0.4524936777E+01
    0.8288196667E+02    0.8329982857E+02   -0.4178619036E+00
    0.6509713333E+02    0.6238673119E+02    0.2710402144E+01
    0.1331329333E+03    0.1218877063E+03    0.1124522707E+02
    0.1303768667E+03    0.1197262097E+03    0.1065065693E+02
    0.1089584667E+03    0.1153618697E+03   -0.6403403012E+01
    0.1249338000E+03    0.1253179833E+03   -0.3841833467E+00
    0.1263286333E+03    0.1291364310E+03   -0.2807797661E+01
    0.9942550000E+02    0.1048813812E+03   -0.5455881154E+01
    0.1248918667E+03    0.1183575843E+03    0.6534282415E+01
    0.8069620000E+02    0.9853250345E+02   -0.1783630345E+02
    0.1059929000E+03    0.1071938937E+03   -0.1200993698E+01
    0.1263473667E+03    0.1150262850E+03    0.1132108169E+02
    0.6767893333E+02    0.7012489396E+02   -0.2445960632E+01
    0.1178638333E+03    0.1225773117E+03   -0.4713478343E+01
    0.1260300667E+03    0.1270390733E+03   -0.1009006585E+01
    0.6395140000E+02    0.7727724260E+02   -0.1332584260E+02
    0.1084637000E+03    0.1215418487E+03   -0.1307814869E+02
    0.7083120000E+02    0.7596415143E+02   -0.5132951430E+01
    0.1189540667E+03    0.1266661024E+03   -0.7712035732E+01
    0.6982910000E+02    0.8798361824E+02   -0.1815451824E+02
    0.6689893333E+02    0.7037951733E+02   -0.3480584000E+01
    0.7034353333E+02    0.7861872702E+02   -0.8275193684E+01
    0.9731303333E+02    0.8884200794E+02    0.8471025395E+01
    0.1032596000E+03    0.1135707821E+03   -0.1031118212E+02
    0.9690393333E+02    0.1090927713E+03   -0.1218883793E+02
    0.1256808333E+03    0.1283751616E+03   -0.2694328273E+01
    0.1237962000E+03    0.1293327977E+03   -0.5536597742E+01
    0.1074090000E+03    0.9996872644E+02    0.7440273557E+01
    0.1163904667E+03    0.1135609537E+03    0.2829512951E+01
    0.7241710000E+02    0.8009214401E+02   -0.7675044008E+01
    0.1175302333E+03    0.1183246554E+03   -0.7944220296E+00
    0.1119479000E+03    0.1174938929E+03   -0.5545992896E+01
    0.1160802000E+03    0.1125718233E+03    0.3508376690E+01
    0.1127276667E+03    0.1082971654E+03    0.4430501264E+01
    0.1173187667E+03    0.1198473194E+03   -0.2528552709E+01
    0.1104217667E+03    0.1179347111E+03   -0.7512944427E+01
    0.1140622333E+03    0.9868143997E+02    0.1538079336E+02
    0.7972536667E+02    0.6505437911E+02    0.1467098756E+02
    0.6491693333E+02    0.6200380632E+02    0.2913127018E+01
    0.1243047333E+03    0.1299124643E+03   -0.5607730994E+01
    0.1310257333E+03    0.1202916224E+03    0.1073411094E+02
    0.1099493000E+03    0.1067056957E+03    0.3243604293E+01
    0.9387423333E+02    0.8888080958E+02    0.4993423751E+01
    0.7295700000E+02    0.7672957707E+02   -0.3772577074E+01
    0.1090786333E+03    0.1062883315E+03    0.2790301876E+01
    0.1167774333E+03    0.1186412102E+03   -0.1863776898E+01
    0.1173802333E+03    0.1089233338E+03    0.8456899550E+01
    0.1132335667E+03    0.1142656908E+03   -0.1032124120E+01
    0.1293472000E+03    0.1136680360E+03    0.1567916403E+02
    0.1073171667E+03    0.1017556213E+03    0.5561545375E+01
    0.8122306667E+02    0.7318017404E+02    0.8042892630E+01
    0.7565850000E+02    0.6948114780E+02    0.6177352196E+01
    0.6723246667E+02    0.6728202205E+02   -0.4955538561E-01
    0.6564466667E+02    0.6616807494E+02   -0.5234082710E+00
    0.6527446667E+02    0.6276664312E+02    0.2507823542E+01
    0.1238324333E+03    0.1265915156E+03   -0.2759082272E+01
    0.1205031000E+03    0.1285218374E+03   -0.8018737352E+01
    0.1100665000E+03    0.1134405204E+03   -0.3374020416E+01
    0.1254120333E+03    0.1234587684E+03    0.1953264950E+01
    0.1190111667E+03    0.1128927638E+03    0.6118402877E+01
    0.1036082667E+03    0.9929913532E+02    0.4309131342E+01
    0.7258806667E+02    0.8486589025E+02   -0.1227782359E+02
    0.1115410667E+03    0.1039035461E+03    0.7637520559E+01
    0.7687850000E+02    0.8985458613E+02   -0.1297608613E+02
    0.1151615000E+03    0.1129344016E+03    0.2227098442E+01
    0.1167479333E+03    0.9917235815E+02    0.1757557518E+02
    0.1130756000E+03    0.1064652804E+03    0.6610319624E+01
    0.1001710667E+03    0.1081508900E+03   -0.7979823323E+01
    0.1155646000E+03    0.1155071816E+03    0.5741843609E-01
    0.9753893333E+02    0.9314667388E+02    0.4392259451E+01
    0.9081230000E+02    0.9088261120E+02   -0.7031119655E-01
    0.7789620000E+02    0.7310871592E+02    0.4787484081E+01
    0.1177511000E+03    0.1174463878E+03    0.3047122080E+00
    0.9885580000E+02    0.9556954227E+02    0.3286257729E+01
    0.9634486667E+02    0.1073099561E+03   -0.1096508948E+02
    0.1282394333E+03    0.1256689192E+03    0.2570514125E+01
    0.1324569000E+03    0.1228113253E+03    0.9645574661E+01
    0.6796646667E+02    0.7779608970E+02   -0.9829623037E+01
    0.1238607000E+03    0.1187275497E+03    0.5133150325E+01
    0.7301306667E+02    0.8213694274E+02   -0.9123876076E+01
    0.1077780667E+03    0.1104442054E+03   -0.2666138718E+01
    0.8791373333E+02    0.8615509812E+02    0.1758635213E+01
    0.6868523333E+02    0.6836654842E+02    0.3186849161E+00
    0.7383243333E+02    0.7965709413E+02   -0.5824660796E+01
    0.7589846667E+02    0.7614247129E+02   -0.2440046259E+00
    0.1140277000E+03    0.1001263577E+03    0.1390134235E+02
    0.1132415667E+03    0.9297065518E+02    0.2027091149E+02
    0.8251083333E+02    0.8043633197E+02    0.2074501362E+01
    0.7805130000E+02    0.6600669182E+02    0.1204460818E+02
    0.6360703333E+02    0.6033108658E+02    0.3275946752E+01
    0.1006016333E+03    0.1108349040E+03   -0.1023327066E+02
    0.1039796667E+03    0.1076558995E+03   -0.3676232832E+01
    0.1295430000E+03    0.1250088140E+03    0.4534185963E+01
    0.1281758000E+03    0.1278186905E+03    0.3571095194E+00
    0.9142540000E+02    0.1047559763E+03   -0.1333057627E+02
    0.1138922667E+03    0.1060207133E+03    0.7871553348E+01
