	 Y 	 Y_pred 	 diff
    0.1068349333E+03    0.1021590595E+03    0.4675873797E+01
    0.1181048000E+03    0.1205022828E+03   -0.2397482833E+01
    0.1163718000E+03    0.1148796730E+03    0.1492126973E+01
    0.8230160000E+02    0.7321123748E+02    0.9090362518E+01
    0.1333271667E+03    0.1316925305E+03    0.1634636148E+01
    0.1043592000E+03    0.1080621787E+03   -0.3702978668E+01
    0.8228193333E+02    0.7890172321E+02    0.3380210125E+01
    0.6902210000E+02    0.6962463685E+02   -0.6025368508E+00
    0.6465190000E+02    0.6834034332E+02   -0.3688443324E+01
    0.1275528667E+03    0.1154716928E+03    0.1208117389E+02
    0.9517810000E+02    0.1004320309E+03   -0.5253930880E+01
    0.1230619333E+03    0.1244219506E+03   -0.1360017225E+01
    0.1137924333E+03    0.1162695146E+03   -0.2477081244E+01
    0.7960966667E+02    0.8148096144E+02   -0.1871294769E+01
    0.1265596000E+03    0.1246128580E+03    0.1946742050E+01
    0.9512590000E+02    0.8859657111E+02    0.6529328894E+01
    0.7170470000E+02    0.7095008886E+02    0.7546111411E+00
    0.1183212333E+03    0.1240016138E+03   -0.5680380462E+01
    0.6924846667E+02    0.7257419897E+02   -0.3325732308E+01
    0.9370783333E+02    0.9203678920E+02    0.1671044136E+01
    0.1026179667E+03    0.1098881881E+03   -0.7270221385E+01
    0.1177421333E+03    0.1265230818E+03   -0.8780948503E+01
    0.1096154000E+03    0.1112236249E+03   -0.1608224930E+01
    0.8378776667E+02    0.8041094797E+02    0.3376818693E+01
    0.8411906667E+02    0.7682268402E+02    0.7296382646E+01
    0.1148520667E+03    0.1165656312E+03   -0.1713564548E+01
    0.1131955333E+03    0.1145144225E+03   -0.1318889163E+01
    0.9246266667E+02    0.9795520737E+02   -0.5492540698E+01
    0.1244155333E+03    0.1245097438E+03   -0.9421044423E-01
    0.1065988000E+03    0.1095388856E+03   -0.2940085595E+01
    0.1094606333E+03    0.1109693366E+03   -0.1508703316E+01
    0.1109500000E+03    0.1081753553E+03    0.2774644730E+01
    0.7063323333E+02    0.7310342873E+02   -0.2470195401E+01
    0.1143839667E+03    0.1054488530E+03    0.8935113639E+01
    0.1124396667E+03    0.1032957503E+03    0.9143916340E+01
    0.7548660000E+02    0.7869552571E+02   -0.3208925711E+01
    0.1218277333E+03    0.1058326535E+03    0.1599507982E+02
    0.1001382000E+03    0.1072742894E+03   -0.7136089418E+01
    0.9314260000E+02    0.1015231384E+03   -0.8380538391E+01
    0.8257986667E+02    0.9339365305E+02   -0.1081378638E+02
    0.7840820000E+02    0.6068439000E+02    0.1772381000E+02
    0.1165381667E+03    0.1180580621E+03   -0.1519895414E+01
    0.8333353333E+02    0.9023858143E+02   -0.6905048092E+01
    0.7168876667E+02    0.6742017850E+02    0.4268588164E+01
    0.6549303333E+02    0.6548372242E+02    0.9310913908E-02
    0.1282895000E+03    0.1242706006E+03    0.4018899446E+01
    0.1200650667E+03    0.1218143623E+03   -0.1749295682E+01
    0.1181213667E+03    0.1243545198E+03   -0.6233153142E+01
    0.9159523333E+02    0.8062822541E+02    0.1096700792E+02
    0.9883910000E+02    0.1125163218E+03   -0.1367722184E+02
    0.7212493333E+02    0.8023946091E+02   -0.8114527576E+01
    0.1120797667E+03    0.1148323020E+03   -0.2752535340E+01
    0.1055167333E+03    0.1042529941E+03    0.1263739199E+01
    0.1162208000E+03    0.1018481028E+03    0.1437269724E+02
    0.9892276667E+02    0.1044072631E+03   -0.5484496392E+01
    0.9586320000E+02    0.1095989305E+03   -0.1373573047E+02
    0.1175400000E+03    0.1217631977E+03   -0.4223197743E+01
    0.7171576667E+02    0.8185860835E+02   -0.1014284168E+02
    0.7212726667E+02    0.8117855450E+02   -0.9051287830E+01
    0.1323314333E+03    0.1201305753E+03    0.1220085804E+02
    0.7522936667E+02    0.9081720598E+02   -0.1558783931E+02
    0.1204607667E+03    0.1012508470E+03    0.1920991962E+02
    0.1208332667E+03    0.1181101528E+03    0.2723113844E+01
    0.8447216667E+02    0.8198646754E+02    0.2485699131E+01
    0.1007096000E+03    0.9380037061E+02    0.6909229395E+01
    0.1322593000E+03    0.1304109528E+03    0.1848347222E+01
    0.1247315333E+03    0.1267572431E+03   -0.2025709743E+01
    0.8489250000E+02    0.8206790787E+02    0.2824592129E+01
    0.8049570000E+02    0.9198328712E+02   -0.1148758712E+02
    0.1183827000E+03    0.1184419477E+03   -0.5924766013E-01
    0.1233274667E+03    0.1063548419E+03    0.1697262473E+02
    0.9148953333E+02    0.1081771994E+03   -0.1668766608E+02
    0.7368413333E+02    0.7583639915E+02   -0.2152265813E+01
    0.7875026667E+02    0.8476632675E+02   -0.6016060085E+01
    0.8288196667E+02    0.8794010007E+02   -0.5058133403E+01
    0.6509713333E+02    0.6769827023E+02   -0.2601136901E+01
    0.1331329333E+03    0.1192479190E+03    0.1388501435E+02
    0.1303768667E+03    0.1166125738E+03    0.1376429290E+02
    0.1089584667E+03    0.1112914721E+03   -0.2333005438E+01
    0.1249338000E+03    0.1238969558E+03    0.1036844150E+01
    0.1263286333E+03    0.1242490573E+03    0.2079576036E+01
    0.9942550000E+02    0.1050741365E+03   -0.5648636519E+01
    0.1248918667E+03    0.1180112115E+03    0.6880655134E+01
    0.8069620000E+02    0.9125700821E+02   -0.1056080821E+02
    0.1059929000E+03    0.1114146907E+03   -0.5421790742E+01
    0.1263473667E+03    0.1174559370E+03    0.8891429662E+01
    0.6767893333E+02    0.7380116390E+02   -0.6122230563E+01
    0.1178638333E+03    0.1243729675E+03   -0.6509134117E+01
    0.1260300667E+03    0.1295358782E+03   -0.3505811555E+01
    0.6395140000E+02    0.8177466459E+02   -0.1782326459E+02
    0.1084637000E+03    0.1194686136E+03   -0.1100491356E+02
    0.7083120000E+02    0.8180992901E+02   -0.1097872901E+02
    0.1189540667E+03    0.1260172857E+03   -0.7063219056E+01
    0.6982910000E+02    0.8231521156E+02   -0.1248611156E+02
    0.6689893333E+02    0.7371193204E+02   -0.6812998709E+01
    0.7034353333E+02    0.7141404191E+02   -0.1070508577E+01
    0.9731303333E+02    0.9507110307E+02    0.2241930266E+01
    0.1032596000E+03    0.1094102898E+03   -0.6150689752E+01
    0.9690393333E+02    0.1038294987E+03   -0.6925565352E+01
    0.1256808333E+03    0.1282155948E+03   -0.2534761456E+01
    0.1237962000E+03    0.1294504479E+03   -0.5654247868E+01
    0.1074090000E+03    0.1011911663E+03    0.6217833742E+01
    0.1163904667E+03    0.1103709386E+03    0.6019528086E+01
    0.7241710000E+02    0.8243879225E+02   -0.1002169225E+02
    0.1175302333E+03    0.1154259201E+03    0.2104313277E+01
    0.1119479000E+03    0.1148705780E+03   -0.2922677958E+01
    0.1160802000E+03    0.1114155807E+03    0.4664619290E+01
    0.1127276667E+03    0.1087177680E+03    0.4009898621E+01
    0.1173187667E+03    0.1236699285E+03   -0.6351161839E+01
    0.1104217667E+03    0.1236350425E+03   -0.1321327587E+02
    0.1140622333E+03    0.1071931478E+03    0.6869085515E+01
    0.7972536667E+02    0.6573282360E+02    0.1399254307E+02
    0.6491693333E+02    0.6700471831E+02   -0.2087784981E+01
    0.1243047333E+03    0.1245329745E+03   -0.2282411515E+00
    0.1310257333E+03    0.1210049503E+03    0.1002078306E+02
    0.1099493000E+03    0.1107765223E+03   -0.8272223298E+00
    0.9387423333E+02    0.8511739948E+02    0.8756833854E+01
    0.7295700000E+02    0.6849914443E+02    0.4457855572E+01
    0.1090786333E+03    0.1058403755E+03    0.3238257815E+01
    0.1167774333E+03    0.1201579281E+03   -0.3380494727E+01
    0.1173802333E+03    0.1108461752E+03    0.6534058139E+01
    0.1132335667E+03    0.1169202844E+03   -0.3686717751E+01
    0.1293472000E+03    0.1159462589E+03    0.1340094109E+02
    0.1073171667E+03    0.9982124461E+02    0.7495922054E+01
    0.8122306667E+02    0.7755089931E+02    0.3672167358E+01
    0.7565850000E+02    0.5861790605E+02    0.1704059395E+02
    0.6723246667E+02    0.6015768577E+02    0.7074780893E+01
    0.6564466667E+02    0.6098011338E+02    0.4664553287E+01
    0.6527446667E+02    0.6367125035E+02    0.1603216315E+01
    0.1238324333E+03    0.1262730993E+03   -0.2440665996E+01
    0.1205031000E+03    0.1288336741E+03   -0.8330574066E+01
    0.1100665000E+03    0.1090868117E+03    0.9796883075E+00
    0.1254120333E+03    0.1221379814E+03    0.3274051892E+01
    0.1190111667E+03    0.1134123372E+03    0.5598829437E+01
    0.1036082667E+03    0.9522713588E+02    0.8381130790E+01
    0.7258806667E+02    0.7602800420E+02   -0.3439937530E+01
    0.1115410667E+03    0.1040643863E+03    0.7476680389E+01
    0.7687850000E+02    0.9004887557E+02   -0.1317037557E+02
    0.1151615000E+03    0.1102022532E+03    0.4959246766E+01
    0.1167479333E+03    0.9995950815E+02    0.1678842518E+02
    0.1130756000E+03    0.1106276629E+03    0.2447937106E+01
    0.1001710667E+03    0.1048908397E+03   -0.4719773025E+01
    0.1155646000E+03    0.1178724653E+03   -0.2307865317E+01
    0.9753893333E+02    0.9524329987E+02    0.2295633467E+01
    0.9081230000E+02    0.9366383418E+02   -0.2851534178E+01
    0.7789620000E+02    0.6846711444E+02    0.9429085556E+01
    0.1177511000E+03    0.1244976782E+03   -0.6746578160E+01
    0.9885580000E+02    0.9980193864E+02   -0.9461386425E+00
    0.9634486667E+02    0.1015493377E+03   -0.5204471066E+01
    0.1282394333E+03    0.1241331372E+03    0.4106296149E+01
    0.1324569000E+03    0.1251211481E+03    0.7335751905E+01
    0.6796646667E+02    0.6305413889E+02    0.4912327774E+01
    0.1238607000E+03    0.1213506186E+03    0.2510081422E+01
    0.7301306667E+02    0.8152705500E+02   -0.8513988337E+01
    0.1077780667E+03    0.1120443576E+03   -0.4266290911E+01
    0.8791373333E+02    0.8967117389E+02   -0.1757440558E+01
    0.6868523333E+02    0.7370449426E+02   -0.5019260927E+01
    0.7383243333E+02    0.8447855168E+02   -0.1064611835E+02
    0.7589846667E+02    0.8135197390E+02   -0.5453507234E+01
    0.1140277000E+03    0.1021707783E+03    0.1185692166E+02
    0.1132415667E+03    0.9863474321E+02    0.1460682345E+02
    0.8251083333E+02    0.8457352114E+02   -0.2062687804E+01
    0.7805130000E+02    0.7254830817E+02    0.5502991826E+01
    0.6360703333E+02    0.6662032693E+02   -0.3013293598E+01
    0.1006016333E+03    0.1062378345E+03   -0.5636201167E+01
    0.1039796667E+03    0.1023493554E+03    0.1630311254E+01
    0.1295430000E+03    0.1238719298E+03    0.5671070242E+01
    0.1281758000E+03    0.1274242720E+03    0.7515280458E+00
    0.9142540000E+02    0.1040288381E+03   -0.1260343812E+02
    0.1138922667E+03    0.1090502638E+03    0.4842002883E+01
