     Index       y_measurement           y_fitting        descriptor_1        descriptor_2
         1    0.2595301222E+03    0.2591566481E+03    0.3157693639E-02    0.4504919091E-02
         2    0.2079026556E+03    0.2097465740E+03    0.2903907032E-02    0.4851582199E-02
         3    0.2226869444E+03    0.2239732195E+03    0.2988099928E-02    0.4464650980E-02
         4    0.2466663556E+03    0.2470561974E+03    0.3101589970E-02    0.4433652300E-02
         5    0.2405868667E+03    0.2414577888E+03    0.3073042826E-02    0.4467556651E-02
         6    0.2053415111E+03    0.2085735862E+03    0.2900945488E-02    0.4780718471E-02
         7    0.2209334444E+03    0.2226466584E+03    0.2984365700E-02    0.4394448524E-02
         8    0.1936777556E+03    0.1976443632E+03    0.2847759832E-02    0.4781218275E-02
         9    0.2036199000E+03    0.2061292134E+03    0.2902686042E-02    0.4428760047E-02
        10    0.1988755111E+03    0.1997561984E+03    0.2877006018E-02    0.4291344469E-02
        11    0.1862727778E+03    0.1863120197E+03    0.2812957313E-02    0.4256440344E-02
        12    0.2604490667E+03    0.2596909177E+03    0.3154731622E-02    0.4648502466E-02
        13    0.2896785556E+03    0.2892546776E+03    0.3305271744E-02    0.4474884946E-02
        14    0.1894734000E+03    0.1893063490E+03    0.2801537143E-02    0.4927398077E-02
        15    0.1935410889E+03    0.1925599805E+03    0.2829527701E-02    0.4613355914E-02
        16    0.2416573111E+03    0.2430671409E+03    0.3063279542E-02    0.4921778417E-02
        17    0.2785376444E+03    0.2758202429E+03    0.3241521756E-02    0.4433491946E-02
        18    0.2668892556E+03    0.2669952400E+03    0.3200108471E-02    0.4394328170E-02
        19    0.2110321000E+03    0.2156310405E+03    0.2955736149E-02    0.4252476326E-02
        20    0.1790172889E+03    0.1794517280E+03    0.2780845844E-02    0.4223879109E-02
        21    0.2147564222E+03    0.2168274715E+03    0.2942608581E-02    0.4741698800E-02
        22    0.2279487222E+03    0.2313133660E+03    0.3027955444E-02    0.4357534821E-02
        23    0.2568662444E+03    0.2576751673E+03    0.3157898049E-02    0.4313564411E-02
        24    0.2505142889E+03    0.2519711538E+03    0.3128815429E-02    0.4348030359E-02
        25    0.2144034778E+03    0.2183817680E+03    0.2969493323E-02    0.4242768542E-02
        26    0.1817765778E+03    0.1820193559E+03    0.2793655505E-02    0.4215638057E-02
        27    0.2281654778E+03    0.2328981369E+03    0.3053567266E-02    0.3895298478E-02
        28    0.2011406222E+03    0.2064956663E+03    0.2912479164E-02    0.4221932881E-02
        29    0.1819319111E+03    0.1813537528E+03    0.2791322933E-02    0.4192263043E-02
        30    0.2107032667E+03    0.2152706989E+03    0.2967357064E-02    0.3907169480E-02
        31    0.2151194444E+03    0.2183868498E+03    0.2953288215E-02    0.4661816033E-02
        32    0.2290660778E+03    0.2327974242E+03    0.3038262404E-02    0.4277813996E-02
        33    0.2044317667E+03    0.2072447615E+03    0.2899005311E-02    0.4663910041E-02
        34    0.2164706222E+03    0.2179979211E+03    0.2971387439E-02    0.4145651330E-02
        35    0.2003932667E+03    0.2026669620E+03    0.2895760812E-02    0.4172701047E-02
        36    0.1893699333E+03    0.1887538195E+03    0.2829112919E-02    0.4146004110E-02
        37    0.2062119333E+03    0.2060794777E+03    0.2923380307E-02    0.3888195759E-02
        38    0.2000597778E+03    0.2009814789E+03    0.2877342587E-02    0.4436552039E-02
        39    0.2051309444E+03    0.2041238256E+03    0.2904994252E-02    0.4117282371E-02
        40    0.2630736333E+03    0.2646043011E+03    0.3182455669E-02    0.4549809619E-02
        41    0.2928621333E+03    0.2944092270E+03    0.3334342628E-02    0.4371708247E-02
        42    0.1871043000E+03    0.1892077828E+03    0.2828440585E-02    0.4220382187E-02
        43    0.1764319667E+03    0.1755872573E+03    0.2763515103E-02    0.4185966570E-02
        44    0.1914784222E+03    0.1925164483E+03    0.2855397350E-02    0.3939944518E-02
        45    0.2456214556E+03    0.2477521570E+03    0.3109153428E-02    0.4325780822E-02
        46    0.1790136222E+03    0.1795580546E+03    0.2778049337E-02    0.4309438594E-02
        47    0.2811406222E+03    0.2810898984E+03    0.3288588254E-02    0.3880133465E-02
        48    0.1923749111E+03    0.1935484474E+03    0.2825915927E-02    0.4830763815E-02
        49    0.1980689000E+03    0.1968949926E+03    0.2854156981E-02    0.4521924106E-02
        50    0.2452193667E+03    0.2477449635E+03    0.3090127056E-02    0.4816130381E-02
        51    0.2834870333E+03    0.2808370529E+03    0.3269962791E-02    0.4329277348E-02
        52    0.2641083000E+03    0.2617956531E+03    0.3143004630E-02    0.5215647473E-02
        53    0.2534758778E+03    0.2511049209E+03    0.3091024395E-02    0.5214978719E-02
        54    0.2469492333E+03    0.2453853152E+03    0.3061869845E-02    0.5249343458E-02
        55    0.2098778222E+03    0.2076110496E+03    0.2876685270E-02    0.5286210802E-02
        56    0.2611882111E+03    0.2608862611E+03    0.3135908050E-02    0.5284656820E-02
        57    0.2922040889E+03    0.2905798119E+03    0.3286821572E-02    0.5117700257E-02
        58    0.1845425556E+03    0.1818225644E+03    0.2783179758E-02    0.4461400121E-02
        59    0.1952178111E+03    0.1960746869E+03    0.2852510633E-02    0.4461400121E-02
        60    0.2016502556E+03    0.2007977381E+03    0.2875486388E-02    0.4461400121E-02
        61    0.2105854111E+03    0.2102027174E+03    0.2921237850E-02    0.4461400121E-02
        62    0.2213828000E+03    0.2195532623E+03    0.2966724511E-02    0.4461400121E-02
        63    0.2304738556E+03    0.2288498442E+03    0.3011948663E-02    0.4461400121E-02
        64    0.2402382000E+03    0.2380929291E+03    0.3056912574E-02    0.4461400121E-02
        65    0.2422979556E+03    0.2426945541E+03    0.3079297639E-02    0.4461400121E-02
        66    0.2458938778E+03    0.2472829770E+03    0.3101618481E-02    0.4461400121E-02
        67    0.2572186333E+03    0.2564204434E+03    0.3146068600E-02    0.4461400121E-02
        68    0.2124671556E+03    0.2108452890E+03    0.2930659564E-02    0.4298843614E-02
        69    0.2147394667E+03    0.2147056858E+03    0.2949438850E-02    0.4298843614E-02
        70    0.2172658444E+03    0.2185416312E+03    0.2968099190E-02    0.4298843614E-02
        71    0.2253844556E+03    0.2261410926E+03    0.3005067530E-02    0.4298843614E-02
        72    0.2347459556E+03    0.2336454911E+03    0.3041573427E-02    0.4298843614E-02
        73    0.2431637556E+03    0.2410565993E+03    0.3077625504E-02    0.4298843614E-02
        74    0.2513636333E+03    0.2483761461E+03    0.3113232171E-02    0.4298843614E-02
        75    0.2534225000E+03    0.2520021127E+03    0.3130871048E-02    0.4298843614E-02
        76    0.2547179556E+03    0.2556058180E+03    0.3148401633E-02    0.4298843614E-02
        77    0.2631218000E+03    0.2627472601E+03    0.3183141892E-02    0.4298843614E-02
        78    0.1924218778E+03    0.1914021840E+03    0.2784130294E-02    0.5640076739E-02
        79    0.1983598444E+03    0.1998869526E+03    0.2825405299E-02    0.5640076739E-02
        80    0.2024171778E+03    0.2041079526E+03    0.2845938776E-02    0.5640076739E-02
        81    0.2065748778E+03    0.2083149904E+03    0.2866404332E-02    0.5640076739E-02
        82    0.2156308111E+03    0.2166880431E+03    0.2907135884E-02    0.5640076739E-02
        83    0.2237516111E+03    0.2250078117E+03    0.2947608230E-02    0.5640076739E-02
        84    0.2350597111E+03    0.2332759548E+03    0.2987829439E-02    0.5640076739E-02
        85    0.2445528889E+03    0.2414940893E+03    0.3027807376E-02    0.5640076739E-02
        86    0.2477960889E+03    0.2455848978E+03    0.3047707523E-02    0.5640076739E-02
        87    0.2601386889E+03    0.2577866050E+03    0.3107063948E-02    0.5640076739E-02
        88    0.3013589222E+03    0.3059957043E+03    0.3362949999E-02    0.5088362058E-02
        89    0.2990407000E+03    0.3033760817E+03    0.3350206583E-02    0.5088362058E-02
        90    0.2877935333E+03    0.2905591206E+03    0.3287857194E-02    0.5088362058E-02
        91    0.2843988222E+03    0.2855598181E+03    0.3263537587E-02    0.5088362058E-02
        92    0.2803237333E+03    0.2781926592E+03    0.3227699306E-02    0.5088362058E-02
        93    0.2792287556E+03    0.2757713475E+03    0.3215920593E-02    0.5088362058E-02
        94    0.2744485778E+03    0.2709792605E+03    0.3192609007E-02    0.5088362058E-02
        95    0.1886036444E+03    0.1791389643E+03    0.2788983342E-02    0.3974488529E-02
        96    0.1870368222E+03    0.1810464844E+03    0.2798262664E-02    0.3974488529E-02
        97    0.1870242778E+03    0.1820050123E+03    0.2802925519E-02    0.3974488529E-02
        98    0.1838565333E+03    0.1829667399E+03    0.2807603939E-02    0.3974488529E-02
        99    0.1853664667E+03    0.1848998590E+03    0.2817007790E-02    0.3974488529E-02
       100    0.1870591111E+03    0.1868459713E+03    0.2826474848E-02    0.3974488529E-02
       101    0.1889144889E+03    0.1888052082E+03    0.2836005752E-02    0.3974488529E-02
       102    0.1905193889E+03    0.1907777030E+03    0.2845601150E-02    0.3974488529E-02
       103    0.1899346000E+03    0.1917689641E+03    0.2850423239E-02    0.3974488529E-02
       104    0.1915395111E+03    0.1927635906E+03    0.2855261699E-02    0.3974488529E-02
       105    0.1921652444E+03    0.1947630078E+03    0.2864988064E-02    0.3974488529E-02
       106    0.1813102889E+03    0.1691692844E+03    0.2722128580E-02    0.4448439526E-02
       107    0.1730694778E+03    0.1699064822E+03    0.2725714752E-02    0.4448439526E-02
       108    0.1717623333E+03    0.1702923955E+03    0.2727592066E-02    0.4448439526E-02
       109    0.1704806556E+03    0.1706899135E+03    0.2729525832E-02    0.4448439526E-02
       110    0.1692373444E+03    0.1723970207E+03    0.2737830226E-02    0.4448439526E-02
       111    0.1700707556E+03    0.1733215305E+03    0.2742327596E-02    0.4448439526E-02
       112    0.1718423667E+03    0.1747982597E+03    0.2749511293E-02    0.4448439526E-02
       113    0.1740759667E+03    0.1753147353E+03    0.2752023740E-02    0.4448439526E-02
       114    0.1730707556E+03    0.1763844179E+03    0.2757227318E-02    0.4448439526E-02
       115    0.1967226222E+03    0.1900433453E+03    0.2829232591E-02    0.4304881211E-02
       116    0.1931341889E+03    0.1887531254E+03    0.2822956187E-02    0.4304881211E-02
       117    0.1907203222E+03    0.1881379404E+03    0.2819963558E-02    0.4304881211E-02
       118    0.1876005778E+03    0.1875425407E+03    0.2817067177E-02    0.4304881211E-02
       119    0.1818018444E+03    0.1853565041E+03    0.2806432983E-02    0.4304881211E-02
       120    0.1808356889E+03    0.1843793333E+03    0.2801679438E-02    0.4304881211E-02
       121    0.1786953444E+03    0.1834783564E+03    0.2797296546E-02    0.4304881211E-02
       122    0.1796762778E+03    0.1826528748E+03    0.2793280908E-02    0.4304881211E-02
       123    0.1785659444E+03    0.1819022501E+03    0.2789629419E-02    0.4304881211E-02
       124    0.1863562667E+03    0.1823273240E+03    0.2805525087E-02    0.3947851741E-02
       125    0.1967213778E+03    0.1962038374E+03    0.2873028774E-02    0.3947851741E-02
       126    0.2028386333E+03    0.2031958374E+03    0.2907042057E-02    0.3947851741E-02
       127    0.2087044444E+03    0.2102242381E+03    0.2941232415E-02    0.3947851741E-02
       128    0.2193693111E+03    0.2243919917E+03    0.3010152869E-02    0.3947851741E-02
       129    0.2362448000E+03    0.2387106584E+03    0.3079807455E-02    0.3947851741E-02
       130    0.2532290889E+03    0.2531838969E+03    0.3150213971E-02    0.3947851741E-02
       131    0.2691348000E+03    0.2678154674E+03    0.3221390709E-02    0.3947851741E-02
       132    0.2765467111E+03    0.2751918312E+03    0.3257273768E-02    0.3947851741E-02
       133    0.2862961111E+03    0.2826092361E+03    0.3293356476E-02    0.3947851741E-02
       134    0.2959017111E+03    0.2975691788E+03    0.3366130613E-02    0.3947851741E-02
       135    0.2105255556E+03    0.2037602767E+03    0.2915971256E-02    0.3788198187E-02
       136    0.2194879000E+03    0.2160606810E+03    0.2975807803E-02    0.3788198187E-02
       137    0.2250481778E+03    0.2222387767E+03    0.3005861767E-02    0.3788198187E-02
       138    0.2306701222E+03    0.2284360264E+03    0.3036008908E-02    0.3788198187E-02
       139    0.2418327444E+03    0.2408896847E+03    0.3096590974E-02    0.3788198187E-02
       140    0.2531147778E+03    0.2534250806E+03    0.3157570661E-02    0.3788198187E-02
       141    0.2637099889E+03    0.2660456969E+03    0.3218964911E-02    0.3788198187E-02
       142    0.2798409111E+03    0.2787550759E+03    0.3280790956E-02    0.3788198187E-02
       143    0.2875471778E+03    0.2851441760E+03    0.3311871372E-02    0.3788198187E-02
       144    0.2945108667E+03    0.2915568239E+03    0.3343066339E-02    0.3788198187E-02
       145    0.3012605778E+03    0.3044546140E+03    0.3405808929E-02    0.3788198187E-02
       146    0.1966388111E+03    0.1915148598E+03    0.2807760411E-02    0.5044109164E-02
       147    0.2049353111E+03    0.2045561391E+03    0.2871201018E-02    0.5044109164E-02
       148    0.2096941111E+03    0.2111054737E+03    0.2903060911E-02    0.5044109164E-02
       149    0.2163081222E+03    0.2176740506E+03    0.2935014410E-02    0.5044109164E-02
       150    0.2417612556E+03    0.2441424875E+03    0.3063772768E-02    0.5044109164E-02
       151    0.2737433333E+03    0.2709256869E+03    0.3194062320E-02    0.5044109164E-02
       152    0.2828206778E+03    0.2776713275E+03    0.3226877163E-02    0.5044109164E-02
       153    0.2989490444E+03    0.2980292975E+03    0.3325910544E-02    0.5044109164E-02
