     Index       y_measurement           y_fitting        descriptor_1        descriptor_2        descriptor_3
         1    0.1115410667E+03    0.1040796117E+03    0.2776342656E-02    0.1556120605E+03    0.4107056628E+05
         2    0.1163904667E+03    0.1119726840E+03    0.2963224183E-02    0.1556120605E+03    0.3870361070E+05
         3    0.8049570000E+02    0.9283052138E+02    0.2544681672E-02    0.1783034668E+03    0.4118770334E+05
         4    0.7687850000E+02    0.9067471436E+02    0.2499879069E-02    0.1783034668E+03    0.4169647781E+05
         5    0.1124396667E+03    0.1045898978E+03    0.2766797646E-02    0.1556120605E+03    0.4139482663E+05
         6    0.1151615000E+03    0.1123432240E+03    0.2954057069E-02    0.1556120605E+03    0.3898841781E+05
         7    0.1120797667E+03    0.1143301043E+03    0.2940341033E-02    0.1449472656E+03    0.4090416926E+05
         8    0.1183827000E+03    0.1204279777E+03    0.3088064184E-02    0.1449472656E+03    0.3900171239E+05
         9    0.1263473667E+03    0.1212075082E+03    0.2981381201E-02    0.1453730469E+03    0.4148291820E+05
        10    0.1167774333E+03    0.1236349570E+03    0.3062698064E-02    0.1347893066E+03    0.4139057969E+05
        11    0.1183212333E+03    0.1255333814E+03    0.3150857089E-02    0.1347893066E+03    0.3986766763E+05
        12    0.6767893333E+02    0.6809992119E+02    0.2103940809E-02    0.2029572754E+03    0.4270205180E+05
        13    0.6924846667E+02    0.7252945040E+02    0.2265224730E-02    0.2029572754E+03    0.4012887765E+05
        14    0.1178638333E+03    0.1229400416E+03    0.3128939566E-02    0.1347893066E+03    0.3977397763E+05
        15    0.1260300667E+03    0.1256757451E+03    0.3216129066E-02    0.1347893066E+03    0.3845887607E+05
        16    0.6395140000E+02    0.7379747208E+02    0.2243708407E-02    0.1907792969E+03    0.4222282918E+05
        17    0.7548660000E+02    0.7904496237E+02    0.2471282202E-02    0.1907792969E+03    0.3836881626E+05
        18    0.7241710000E+02    0.8403948527E+02    0.2315627736E-02    0.1903535156E+03    0.4296268821E+05
        19    0.1167479333E+03    0.1034864918E+03    0.2683239594E-02    0.1556120605E+03    0.4299320475E+05
        20    0.1084637000E+03    0.1183036372E+03    0.3108705069E-02    0.1250000000E+03    0.4026285609E+05
        21    0.1173802333E+03    0.1113588894E+03    0.2873839283E-02    0.1556120605E+03    0.4053958995E+05
        22    0.1055167333E+03    0.1040568132E+03    0.2712334467E-02    0.1556120605E+03    0.4247808762E+05
        23    0.9370783333E+02    0.9380396065E+02    0.2477267314E-02    0.1783034668E+03    0.4289220044E+05
        24    0.1162208000E+03    0.1009458845E+03    0.2650696110E-02    0.1556120605E+03    0.4314575968E+05
        25    0.1175302333E+03    0.1135321746E+03    0.3055398249E-02    0.1250000000E+03    0.4037695375E+05
        26    0.1218277333E+03    0.1090076574E+03    0.2842612470E-02    0.1556120605E+03    0.4070525028E+05
        27    0.1233274667E+03    0.1086691367E+03    0.2792192781E-02    0.1449472656E+03    0.4291328154E+05
        28    0.1119479000E+03    0.1132550148E+03    0.3039323616E-02    0.1250000000E+03    0.4066999738E+05
        29    0.1160802000E+03    0.1149702534E+03    0.2944085249E-02    0.1449472656E+03    0.4096406261E+05
        30    0.1068349333E+03    0.1020759543E+03    0.2670249631E-02    0.1556120605E+03    0.4296583458E+05
        31    0.1127276667E+03    0.1102833516E+03    0.2861373814E-02    0.1556120605E+03    0.4057522992E+05
        32    0.1130756000E+03    0.1099050537E+03    0.2826753949E-02    0.1449472656E+03    0.4242571866E+05
        33    0.1132335667E+03    0.1163870034E+03    0.2977663512E-02    0.1449472656E+03    0.4053845259E+05
        34    0.1026179667E+03    0.1085504038E+03    0.2753522610E-02    0.1453730469E+03    0.4369352031E+05
        35    0.1001382000E+03    0.1030696555E+03    0.2776132714E-02    0.1347893066E+03    0.4313607995E+05
        36    0.1001710667E+03    0.9832777519E+02    0.2859924353E-02    0.1250000000E+03    0.4130572131E+05
        37    0.9148953333E+02    0.1059178920E+03    0.2868610742E-02    0.1347893066E+03    0.4172932044E+05
        38    0.9892276667E+02    0.1054198185E+03    0.2790096440E-02    0.1347893066E+03    0.4335116083E+05
        39    0.9586320000E+02    0.1080168841E+03    0.2882359227E-02    0.1347893066E+03    0.4189323013E+05
        40    0.7368413333E+02    0.7722269005E+02    0.2249506758E-02    0.2029572754E+03    0.4152067292E+05
        41    0.1155646000E+03    0.1223163678E+03    0.3004685727E-02    0.1347893066E+03    0.4237728026E+05
        42    0.1181048000E+03    0.1225327130E+03    0.3129910270E-02    0.1250000000E+03    0.4073645088E+05
        43    0.1175400000E+03    0.1243877722E+03    0.3093702619E-02    0.1347893066E+03    0.4087394865E+05
        44    0.7083120000E+02    0.7720128083E+02    0.2218048640E-02    0.1907792969E+03    0.4354694772E+05
        45    0.1189540667E+03    0.1238270515E+03    0.3208840657E-02    0.1250000000E+03    0.3928271044E+05
        46    0.7171576667E+02    0.8215596495E+02    0.2447399752E-02    0.1907792969E+03    0.3958852004E+05
        47    0.1173187667E+03    0.1237185635E+03    0.3084860659E-02    0.1347893066E+03    0.4092008755E+05
        48    0.1177421333E+03    0.1264027592E+03    0.3172694122E-02    0.1347893066E+03    0.3957930652E+05
        49    0.7212726667E+02    0.7809398753E+02    0.2223988513E-02    0.1907792969E+03    0.4361461518E+05
        50    0.6982910000E+02    0.8347439360E+02    0.2452927014E-02    0.1907792969E+03    0.3976007727E+05
        51    0.7875026667E+02    0.8127780216E+02    0.2365210704E-02    0.1903535156E+03    0.4125357289E+05
        52    0.9753893333E+02    0.9270222252E+02    0.2564662682E-02    0.1783034668E+03    0.4071817747E+05
        53    0.9081230000E+02    0.9044653892E+02    0.2520109143E-02    0.1783034668E+03    0.4119921856E+05
        54    0.1104217667E+03    0.1214484841E+03    0.3047853118E-02    0.1453730469E+03    0.4006960043E+05
        55    0.6689893333E+02    0.6888526112E+02    0.2108916530E-02    0.2029572754E+03    0.4276709272E+05
        56    0.7034353333E+02    0.7396205629E+02    0.2269923021E-02    0.2029572754E+03    0.4034415017E+05
        57    0.1323314333E+03    0.1298249424E+03    0.3075229793E-02    0.1336510000E+03    0.4261712482E+05
        58    0.1293472000E+03    0.1229256753E+03    0.2966048592E-02    0.1416080000E+03    0.4261712482E+05
        59    0.1163718000E+03    0.1190443039E+03    0.2906522323E-02    0.1457031250E+03    0.4261712482E+05
        60    0.1096154000E+03    0.1149498445E+03    0.2844454618E-02    0.1498770000E+03    0.4261712482E+05
        61    0.9314260000E+02    0.1063128906E+03    0.2714609188E-02    0.1584640000E+03    0.4261712482E+05
        62    0.8257986667E+02    0.9734994946E+02    0.2579863468E-02    0.1673750000E+03    0.4261712482E+05
        63    0.7522936667E+02    0.8832963106E+02    0.2442897479E-02    0.1766160000E+03    0.4261712482E+05
        64    0.7789620000E+02    0.7092558736E+02    0.2170344118E-02    0.1961120000E+03    0.4261712482E+05
        65    0.7840820000E+02    0.6284045863E+02    0.2037709442E-02    0.2063790000E+03    0.4261712482E+05
        66    0.1073171667E+03    0.1071651525E+03    0.2734540800E-02    0.1336510000E+03    0.4509075779E+05
        67    0.1140622333E+03    0.1072368370E+03    0.2675316716E-02    0.1457031250E+03    0.4509075779E+05
        68    0.1204607667E+03    0.1060720389E+03    0.2642804824E-02    0.1498770000E+03    0.4509075779E+05
        69    0.9731303333E+02    0.9754066629E+02    0.2469701233E-02    0.1673750000E+03    0.4509075779E+05
        70    0.8288196667E+02    0.9178741961E+02    0.2365695014E-02    0.1766160000E+03    0.4509075779E+05
        71    0.8378776667E+02    0.8554291343E+02    0.2255061472E-02    0.1861930000E+03    0.4509075779E+05
        72    0.8411906667E+02    0.8232748176E+02    0.2198168621E-02    0.1911093750E+03    0.4509075779E+05
        73    0.8230160000E+02    0.7909084565E+02    0.2140632842E-02    0.1961120000E+03    0.4509075779E+05
        74    0.7972536667E+02    0.7265711236E+02    0.2024658227E-02    0.2063790000E+03    0.4509075779E+05
        75    0.1333271667E+03    0.1306906050E+03    0.3173831617E-02    0.1336510000E+03    0.4063381375E+05
        76    0.1177511000E+03    0.1229720356E+03    0.3042846552E-02    0.1416080000E+03    0.4093259179E+05
        77    0.1165381667E+03    0.1188321594E+03    0.2973943187E-02    0.1457031250E+03    0.4108198081E+05
        78    0.1148520667E+03    0.1145680268E+03    0.2903394561E-02    0.1498770000E+03    0.4123136983E+05
        79    0.1043592000E+03    0.1058271368E+03    0.2758962221E-02    0.1584640000E+03    0.4153014787E+05
        80    0.9885580000E+02    0.9702905163E+02    0.2612341292E-02    0.1673750000E+03    0.4182892592E+05
        81    0.8333353333E+02    0.8839634682E+02    0.2465747379E-02    0.1766160000E+03    0.4212770396E+05
        82    0.8228193333E+02    0.7612995631E+02    0.2249600629E-02    0.1911093750E+03    0.4257587102E+05
        83    0.8122306667E+02    0.7228919189E+02    0.2179200940E-02    0.1961120000E+03    0.4272526004E+05
        84    0.7565850000E+02    0.6920167483E+02    0.2107313467E-02    0.2160000000E+03    0.4144120171E+05
        85    0.7168876667E+02    0.6846126408E+02    0.2086036493E-02    0.2160000000E+03    0.4174591643E+05
        86    0.6902210000E+02    0.6808423092E+02    0.2075329124E-02    0.2160000000E+03    0.4189827379E+05
        87    0.6723246667E+02    0.6770259310E+02    0.2064575301E-02    0.2160000000E+03    0.4205063115E+05
        88    0.6564466667E+02    0.6692534289E+02    0.2042926673E-02    0.2160000000E+03    0.4235534587E+05
        89    0.6465190000E+02    0.6612918602E+02    0.2021087306E-02    0.2160000000E+03    0.4266006058E+05
        90    0.6549303333E+02    0.6531378634E+02    0.1999053808E-02    0.2160000000E+03    0.4296477530E+05
        91    0.6527446667E+02    0.6447879876E+02    0.1976822698E-02    0.2160000000E+03    0.4326949002E+05
        92    0.6491693333E+02    0.6405384904E+02    0.1965631924E-02    0.2160000000E+03    0.4342184738E+05
        93    0.6509713333E+02    0.6362386863E+02    0.1954390398E-02    0.2160000000E+03    0.4357420474E+05
        94    0.1331329333E+03    0.1250982792E+03    0.3124615223E-02    0.1250000000E+03    0.4142451173E+05
        95    0.1303768667E+03    0.1208844759E+03    0.3082104375E-02    0.1250000000E+03    0.4142451173E+05
        96    0.1275528667E+03    0.1187675626E+03    0.3060747949E-02    0.1250000000E+03    0.4142451173E+05
        97    0.1131955333E+03    0.1166439182E+03    0.3039323616E-02    0.1250000000E+03    0.4142451173E+05
        98    0.1089584667E+03    0.1123762640E+03    0.2996269495E-02    0.1250000000E+03    0.4142451173E+05
        99    0.1032596000E+03    0.1080811649E+03    0.2952938497E-02    0.1250000000E+03    0.4142451173E+05
       100    0.9690393333E+02    0.9940720393E+02    0.2865431462E-02    0.1250000000E+03    0.4142451173E+05
       101    0.9634486667E+02    0.9722099701E+02    0.2843375969E-02    0.1250000000E+03    0.4142451173E+05
       102    0.9517810000E+02    0.9502761042E+02    0.2821248044E-02    0.1250000000E+03    0.4142451173E+05
       103    0.9246266667E+02    0.9061910857E+02    0.2776772985E-02    0.1250000000E+03    0.4142451173E+05
       104    0.1244155333E+03    0.1249596340E+03    0.3179481365E-02    0.1250000000E+03    0.4018280206E+05
       105    0.1249338000E+03    0.1249550662E+03    0.3192079586E-02    0.1250000000E+03    0.3990375483E+05
       106    0.1282895000E+03    0.1249519079E+03    0.3198369875E-02    0.1250000000E+03    0.3976423121E+05
       107    0.1282394333E+03    0.1249481680E+03    0.3204654297E-02    0.1250000000E+03    0.3962470759E+05
       108    0.1238324333E+03    0.1249389478E+03    0.3217205583E-02    0.1250000000E+03    0.3934566035E+05
       109    0.1230619333E+03    0.1249274145E+03    0.3229733533E-02    0.1250000000E+03    0.3906661312E+05
       110    0.1256808333E+03    0.1249135765E+03    0.3242238232E-02    0.1250000000E+03    0.3878756588E+05
       111    0.1205031000E+03    0.1248974425E+03    0.3254719768E-02    0.1250000000E+03    0.3850851864E+05
       112    0.1237962000E+03    0.1248885171E+03    0.3260951876E-02    0.1250000000E+03    0.3836899503E+05
       113    0.1263286333E+03    0.1248790209E+03    0.3267178225E-02    0.1250000000E+03    0.3822947141E+05
       114    0.1243047333E+03    0.1248583201E+03    0.3279613689E-02    0.1250000000E+03    0.3795042417E+05
       115    0.9942550000E+02    0.9517248801E+02    0.2790146354E-02    0.1250000000E+03    0.4214315111E+05
       116    0.1065988000E+03    0.1017536704E+03    0.2876432194E-02    0.1250000000E+03    0.4170415996E+05
       117    0.1094606333E+03    0.1039232303E+03    0.2904950326E-02    0.1250000000E+03    0.4155782957E+05
       118    0.1100665000E+03    0.1082267081E+03    0.2961627018E-02    0.1250000000E+03    0.4126516880E+05
       119    0.1137924333E+03    0.1124833239E+03    0.3017830944E-02    0.1250000000E+03    0.4097250803E+05
       120    0.1200650667E+03    0.1166938530E+03    0.3073569926E-02    0.1250000000E+03    0.4067984725E+05
       121    0.1181213667E+03    0.1208590518E+03    0.3128851594E-02    0.1250000000E+03    0.4038718648E+05
       122    0.1254120333E+03    0.1229248835E+03    0.3156323267E-02    0.1250000000E+03    0.4024085610E+05
       123    0.1324569000E+03    0.1260388461E+03    0.3148420906E-02    0.1336510000E+03    0.4015892310E+05
       124    0.1310257333E+03    0.1232612224E+03    0.3093457590E-02    0.1416080000E+03    0.3988004169E+05
       125    0.1248918667E+03    0.1208604973E+03    0.3055187177E-02    0.1457031250E+03    0.3974060099E+05
       126    0.1208332667E+03    0.1179162369E+03    0.3011041621E-02    0.1498770000E+03    0.3960116028E+05
       127    0.1109500000E+03    0.1107314992E+03    0.2908483627E-02    0.1584640000E+03    0.3932227887E+05
       128    0.8069620000E+02    0.9306894586E+02    0.2665280933E-02    0.1766160000E+03    0.3876451605E+05
       129    0.9159523333E+02    0.8343583251E+02    0.2533098303E-02    0.1861930000E+03    0.3848563464E+05
       130    0.8447216667E+02    0.7856136951E+02    0.2465786751E-02    0.1911093750E+03    0.3834619394E+05
       131    0.7063323333E+02    0.7369096580E+02    0.2398087144E-02    0.1961120000E+03    0.3820675323E+05
       132    0.6796646667E+02    0.6406900638E+02    0.2262584980E-02    0.2063790000E+03    0.3792787182E+05
       133    0.9883910000E+02    0.1043918055E+03    0.2811911718E-02    0.1336510000E+03    0.4276579311E+05
       134    0.1059929000E+03    0.1093317587E+03    0.2835627283E-02    0.1416080000E+03    0.4246880844E+05
       135    0.1099493000E+03    0.1101835613E+03    0.2830580065E-02    0.1457031250E+03    0.4232031610E+05
       136    0.1143839667E+03    0.1078611536E+03    0.2763863557E-02    0.1584640000E+03    0.4187483909E+05
       137    0.1074090000E+03    0.1033150387E+03    0.2687133968E-02    0.1673750000E+03    0.4157785442E+05
       138    0.1007096000E+03    0.9716967857E+02    0.2592629015E-02    0.1766160000E+03    0.4128086974E+05
       139    0.9387423333E+02    0.8995666910E+02    0.2485681844E-02    0.1861930000E+03    0.4098388507E+05
       140    0.7960966667E+02    0.8608587303E+02    0.2428905912E-02    0.1911093750E+03    0.4083539273E+05
       141    0.7212493333E+02    0.8209986752E+02    0.2370538685E-02    0.1961120000E+03    0.4068690039E+05
       142    0.7295700000E+02    0.7393578515E+02    0.2250564579E-02    0.2063790000E+03    0.4038991572E+05
       143    0.1322593000E+03    0.1288508497E+03    0.3245855450E-02    0.1336510000E+03    0.3863471122E+05
       144    0.1247315333E+03    0.1251076391E+03    0.3168514046E-02    0.1416080000E+03    0.3863471122E+05
       145    0.1265596000E+03    0.1223908356E+03    0.3120736490E-02    0.1457031250E+03    0.3863471122E+05
       146    0.1238607000E+03    0.1192270634E+03    0.3068057999E-02    0.1498770000E+03    0.3863471122E+05
       147    0.1190111667E+03    0.1118558368E+03    0.2950981827E-02    0.1584640000E+03    0.3863471122E+05
       148    0.1090786333E+03    0.1035142257E+03    0.2822504379E-02    0.1673750000E+03    0.3863471122E+05
       149    0.1036082667E+03    0.9461906643E+02    0.2686801055E-02    0.1766160000E+03    0.3863471122E+05
       150    0.9512590000E+02    0.8550253845E+02    0.2547193194E-02    0.1861930000E+03    0.3863471122E+05
       151    0.8489250000E+02    0.8094575801E+02    0.2476768180E-02    0.1911093750E+03    0.3863471122E+05
       152    0.7258806667E+02    0.7642752439E+02    0.2406303037E-02    0.1961120000E+03    0.3863471122E+05
       153    0.7170470000E+02    0.6760020992E+02    0.2266180839E-02    0.2063790000E+03    0.3863471122E+05
