	 Y 	 Y_pred 	 diff
    0.1129134333E+03    0.1021209710E+03    0.1079246229E+02
    0.5741510000E+02    0.5555991699E+02    0.1855183013E+01
    0.6408266667E+02    0.7014482495E+02   -0.6062158286E+01
    0.9851213333E+02    0.9233261643E+02    0.6179516905E+01
    0.9577526667E+02    0.8825348450E+02    0.7521782166E+01
    0.5629570000E+02    0.5644188639E+02   -0.1461863877E+00
    0.6416440000E+02    0.7062560273E+02   -0.6461202727E+01
    0.4909853333E+02    0.4378971643E+02    0.5308816902E+01
    0.5078230000E+02    0.5400088173E+02   -0.3218581728E+01
    0.4487846667E+02    0.5096974826E+02   -0.6091281593E+01
    0.3941803333E+02    0.3332897026E+02    0.6089063075E+01
    0.4091123333E+02    0.3839820980E+02    0.2513023536E+01
    0.1155721667E+03    0.1036341263E+03    0.1193804032E+02
    0.1317270667E+03    0.1222943633E+03    0.9432703347E+01
    0.4379320000E+02    0.2781379601E+02    0.1597940399E+02
    0.4094110000E+02    0.3370367999E+02    0.7237420012E+01
    0.1067330000E+03    0.8905557744E+02    0.1767742256E+02
    0.1236949333E+03    0.1130953803E+03    0.1059955306E+02
    0.1185663333E+03    0.1096487140E+03    0.8917619379E+01
    0.5631520000E+02    0.6706969244E+02   -0.1075449244E+02
    0.4281686667E+02    0.2933669294E+02    0.1348017372E+02
    0.6653600000E+02    0.7959002375E+02   -0.1305402375E+02
    0.6544593333E+02    0.6547257512E+02   -0.2664178470E-01
    0.7081320000E+02    0.7897822453E+02   -0.8165024528E+01
    0.9909350000E+02    0.1037523843E+03   -0.4658884304E+01
    0.9879613333E+02    0.1000744490E+03   -0.1278315693E+01
    0.5754726667E+02    0.7139013879E+02   -0.1384287213E+02
    0.3968340000E+02    0.3445220185E+02    0.5231198152E+01
    0.6419260000E+02    0.8348559563E+02   -0.1929299563E+02
    0.4755836667E+02    0.6017097702E+02   -0.1261261035E+02
    0.4298803333E+02    0.3505846064E+02    0.7929572698E+01
    0.5702396667E+02    0.6861624716E+02   -0.1159228050E+02
    0.6448746667E+02    0.7062560273E+02   -0.6138136060E+01
    0.6892443333E+02    0.8331727738E+02   -0.1439284404E+02
    0.5462010000E+02    0.5881384873E+02   -0.4193748728E+01
    0.6024150000E+02    0.6791332365E+02   -0.7671823649E+01
    0.6916680000E+02    0.7637215347E+02   -0.7205353469E+01
    0.6074053333E+02    0.6124158269E+02   -0.5010493560E+00
    0.5625880000E+02    0.4914510956E+02    0.7113690440E+01
    0.6976280000E+02    0.6524178581E+02    0.4521014192E+01
    0.6109540000E+02    0.6112912190E+02   -0.3372189550E-01
    0.6641613333E+02    0.6521960583E+02    0.1196527507E+01
    0.1171394000E+03    0.1076344241E+03    0.9504975940E+01
    0.1298107667E+03    0.1256601842E+03    0.4150582465E+01
    0.4263683333E+02    0.3906529120E+02    0.3571542128E+01
    0.3551316667E+02    0.2570699500E+02    0.9806171663E+01
    0.4331223333E+02    0.4381921237E+02   -0.5069790401E+00
    0.1050881333E+03    0.9390423595E+02    0.1118389739E+02
    0.3710063333E+02    0.2072737625E+02    0.1637325708E+02
    0.1270568667E+03    0.1165468442E+03    0.1051002248E+02
    0.4623996667E+02    0.3370367999E+02    0.1253628668E+02
    0.4979963333E+02    0.3934405269E+02    0.1045558064E+02
    0.1048403333E+03    0.9343926148E+02    0.1140107186E+02
    0.1283589667E+03    0.1166324147E+03    0.1172655198E+02
    0.1119227000E+03    0.1015535954E+03    0.1036910457E+02
    0.9410970000E+02    0.9129602290E+02    0.2813677099E+01
    0.9391083333E+02    0.8688644511E+02    0.7024388224E+01
    0.5990580000E+02    0.4592392137E+02    0.1398187863E+02
    0.1167444000E+03    0.1032044131E+03    0.1353998691E+02
    0.1322718667E+03    0.1223240786E+03    0.9947788079E+01
    0.1511233333E+02    0.1471692331E+02    0.3954100211E+00
    0.1506720000E+02    0.2460969124E+02   -0.9542491236E+01
    0.2607280000E+02    0.2941474994E+02   -0.3341949941E+01
    0.3288510000E+02    0.3412914716E+02   -0.1244047162E+01
    0.5040940000E+02    0.4329603065E+02    0.7113369354E+01
    0.6252836667E+02    0.5212957291E+02    0.1039879375E+02
    0.6859230000E+02    0.6064763153E+02    0.7944668472E+01
    0.7457800000E+02    0.6886681089E+02    0.5711189107E+01
    0.7547360000E+02    0.7286919389E+02    0.2604406112E+01
    0.7601236667E+02    0.7680257028E+02   -0.7902036127E+00
    0.7978300000E+02    0.8446932087E+02   -0.4686320873E+01
    0.5943460000E+02    0.4680519047E+02    0.1262940953E+02
    0.5415630000E+02    0.5282025943E+02    0.1336040570E+01
    0.5238350000E+02    0.5572246393E+02   -0.3338963930E+01
    0.4609493333E+02    0.5855670169E+02   -0.1246176836E+02
    0.5043943333E+02    0.6402760532E+02   -0.1358817198E+02
    0.6211446667E+02    0.6924495406E+02   -0.7130487391E+01
    0.7535336667E+02    0.7421971342E+02    0.1133653247E+01
    0.7547280000E+02    0.7896190629E+02   -0.3489106293E+01
    0.7631323333E+02    0.8124868123E+02   -0.4935447895E+01
    0.7808313333E+02    0.8348067939E+02   -0.5397546056E+01
    0.8207633333E+02    0.8778436132E+02   -0.5708027986E+01
    0.1068950000E+02    0.6538448315E+01    0.4151051685E+01
    0.2761040000E+02    0.1795007068E+02    0.9660329317E+01
    0.2953980000E+02    0.2344257724E+02    0.6097222756E+01
    0.3218210000E+02    0.2879957827E+02    0.3382521731E+01
    0.4136713333E+02    0.3912580220E+02    0.2241331133E+01
    0.4472750000E+02    0.4896415817E+02   -0.4236658173E+01
    0.6125163333E+02    0.5834700894E+02    0.2904624394E+01
    0.6651516667E+02    0.6730398196E+02   -0.7888152896E+00
    0.6935780000E+02    0.7163134435E+02   -0.2273544347E+01
    0.7244110000E+02    0.7586224850E+02   -0.3421148501E+01
    0.7973906667E+02    0.8404676958E+02   -0.4307702912E+01
    0.1244658000E+03    0.1349038348E+03   -0.1043803479E+02
    0.1227551333E+03    0.1323089730E+03   -0.9553839670E+01
    0.1222562000E+03    0.1309859050E+03   -0.8729705024E+01
    0.1211050000E+03    0.1296452459E+03   -0.8540245905E+01
    0.1179466667E+03    0.1269095849E+03   -0.8962918222E+01
    0.1137695667E+03    0.1240987267E+03   -0.1032916007E+02
    0.1092017667E+03    0.1212091975E+03   -0.1200743080E+02
    0.1067584667E+03    0.1182372945E+03   -0.1147882784E+02
    0.1053764667E+03    0.1167192285E+03   -0.1134276185E+02
    0.1040530000E+03    0.1151790670E+03   -0.1112606698E+02
    0.1005121667E+03    0.1120302939E+03   -0.1151812725E+02
    0.1408233333E+02    0.2541846286E+02   -0.1133612952E+02
    0.2335330000E+02    0.2938291105E+02   -0.6029611052E+01
    0.2498340000E+02    0.3132206677E+02   -0.6338666769E+01
    0.3413013333E+02    0.3323341756E+02    0.8967157704E+00
    0.3871113333E+02    0.3697529348E+02    0.1735839853E+01
    0.4574376667E+02    0.4061351004E+02    0.5130256622E+01
    0.4908086667E+02    0.4415272609E+02    0.4928140573E+01
    0.5412566667E+02    0.4759731285E+02    0.6528353817E+01
    0.5592400000E+02    0.4928541317E+02    0.6638586834E+01
    0.5834003333E+02    0.5095137634E+02    0.7388656993E+01
    0.6338693333E+02    0.5421877773E+02    0.9168155603E+01
    0.1739346667E+02    0.2065820885E+02   -0.3264742183E+01
    0.1596020000E+02    0.1992302718E+02   -0.3962827180E+01
    0.1519966667E+02    0.1953222117E+02   -0.4332554506E+01
    0.1462273333E+02    0.1912532280E+02   -0.4502589465E+01
    0.1577603333E+02    0.1826129220E+02   -0.2485258869E+01
    0.1301593333E+02    0.1732682363E+02   -0.4310890292E+01
    0.1339103333E+02    0.1631746488E+02   -0.2926431549E+01
    0.1529943333E+02    0.1522838708E+02    0.7104625614E-01
    0.1242090000E+02    0.1465233148E+02   -0.2231431484E+01
    0.1194016667E+02    0.1405434350E+02   -0.2114176833E+01
    0.1395766667E+02    0.1278962297E+02    0.1168043701E+01
    0.5977913333E+02    0.5419926463E+02    0.5579868708E+01
    0.5274676667E+02    0.5076348109E+02    0.1983285580E+01
    0.4744456667E+02    0.4895173761E+02   -0.1507170939E+01
    0.4271046667E+02    0.4707338853E+02   -0.4362921865E+01
    0.3855643333E+02    0.4310352039E+02   -0.4547087057E+01
    0.3220636667E+02    0.3882480527E+02   -0.6618438604E+01
    0.2608033333E+02    0.3420389016E+02   -0.8123556822E+01
    0.2318960000E+02    0.2920230229E+02   -0.6012702288E+01
    0.1569666667E+02    0.2654508104E+02   -0.1084841437E+02
    0.1263756667E+02    0.2377540234E+02   -0.1113783567E+02
    0.1576773333E+02    0.1787106467E+02   -0.2103331341E+01
    0.1876863333E+02    0.1870214313E+02    0.6649020311E-01
    0.2272800000E+02    0.3227607705E+02   -0.9548077048E+01
    0.2911583333E+02    0.3881530893E+02   -0.9699475597E+01
    0.3464173333E+02    0.4519671188E+02   -0.1055497854E+02
    0.4469730000E+02    0.5750663723E+02   -0.1280933723E+02
    0.6769980000E+02    0.6924495406E+02   -0.1545154058E+01
    0.8876800000E+02    0.8044761698E+02    0.8320383019E+01
    0.9001296667E+02    0.9114773766E+02   -0.1134770998E+01
    0.9820813333E+02    0.9631898162E+02    0.1889151710E+01
    0.1150665667E+03    0.1013758543E+03    0.1369071241E+02
    0.1240794333E+03    0.1111601712E+03    0.1291926216E+02
    0.6961473333E+02    0.4991244817E+02    0.1970228517E+02
    0.6873096667E+02    0.5896556674E+02    0.9765399931E+01
    0.6801640000E+02    0.6336279575E+02    0.4653604246E+01
    0.6587150000E+02    0.6767705819E+02   -0.1805558188E+01
    0.6905330000E+02    0.7606590181E+02   -0.7012601808E+01
    0.7560066667E+02    0.8414969657E+02   -0.8549029903E+01
    0.8448030000E+02    0.9194478438E+02   -0.7464484376E+01
    0.9811226667E+02    0.9946636033E+02   -0.1354093662E+01
    0.1105675667E+03    0.1031290408E+03    0.7438525874E+01
    0.1186644000E+03    0.1067285716E+03    0.1193582841E+02
    0.1239530333E+03    0.1137446062E+03    0.1020842713E+02
    0.1662153333E+02    0.1149505512E+02    0.5126478212E+01
    0.2838256667E+02    0.2720349003E+02    0.1179076638E+01
    0.2881536667E+02    0.3462760263E+02   -0.5812235967E+01
    0.3478613333E+02    0.4178585636E+02   -0.6999723023E+01
    0.4475480000E+02    0.5536065485E+02   -0.1060585485E+02
    0.5756113333E+02    0.6802994899E+02   -0.1046881566E+02
    0.6879203333E+02    0.7988217986E+02   -0.1109014653E+02
    0.8769866667E+02    0.9099441183E+02   -0.3295745167E+01
    0.9953940000E+02    0.9629445234E+02    0.3244947661E+01
    0.1128509667E+03    0.1014341408E+03    0.1141682590E+02
    0.1218290333E+03    0.1112607622E+03    0.1056827112E+02
