	 Y 	 Y_pred 	 diff
    0.1129134333E+03    0.1044043770E+03    0.8509056331E+01
    0.5741510000E+02    0.5471750272E+02    0.2697597282E+01
    0.6408266667E+02    0.6919303706E+02   -0.5110370397E+01
    0.9851213333E+02    0.9286636602E+02    0.5645767314E+01
    0.9577526667E+02    0.8820244358E+02    0.7572823084E+01
    0.5629570000E+02    0.5552048557E+02    0.7752144277E+00
    0.6416440000E+02    0.6965201096E+02   -0.5487610958E+01
    0.4909853333E+02    0.4383629526E+02    0.5262238072E+01
    0.5078230000E+02    0.5330885869E+02   -0.2526558691E+01
    0.4487846667E+02    0.5019037079E+02   -0.5311904119E+01
    0.3941803333E+02    0.3459584421E+02    0.4822189120E+01
    0.4091123333E+02    0.3906426144E+02    0.1846971897E+01
    0.1155721667E+03    0.1061325062E+03    0.9439660498E+01
    0.1317270667E+03    0.1304692396E+03    0.1257827093E+01
    0.4379320000E+02    0.3016614178E+02    0.1362705822E+02
    0.4094110000E+02    0.3520369174E+02    0.5737408257E+01
    0.1067330000E+03    0.8948614865E+02    0.1724685135E+02
    0.1236949333E+03    0.1188333737E+03    0.4861559680E+01
    0.1185663333E+03    0.1143103987E+03    0.4255934647E+01
    0.5631520000E+02    0.6597301327E+02   -0.9657813269E+01
    0.4281686667E+02    0.3095357469E+02    0.1186329198E+02
    0.6653600000E+02    0.7906645681E+02   -0.1253045681E+02
    0.6544593333E+02    0.6455273147E+02    0.8932018599E+00
    0.7081320000E+02    0.7860638107E+02   -0.7793181067E+01
    0.9909350000E+02    0.1070270109E+03   -0.7933510888E+01
    0.9879613333E+02    0.1025356645E+03   -0.3739531163E+01
    0.5754726667E+02    0.7048778584E+02   -0.1294051918E+02
    0.3968340000E+02    0.3552961553E+02    0.4153784467E+01
    0.6419260000E+02    0.8340636398E+02   -0.1921376398E+02
    0.4755836667E+02    0.5918603509E+02   -0.1162766843E+02
    0.4298803333E+02    0.3590272156E+02    0.7085311777E+01
    0.5702396667E+02    0.6762408177E+02   -0.1060011510E+02
    0.6448746667E+02    0.6980562101E+02   -0.5318154344E+01
    0.6892443333E+02    0.8334456511E+02   -0.1442013178E+02
    0.5462010000E+02    0.5804085493E+02   -0.3420754933E+01
    0.6024150000E+02    0.6709005886E+02   -0.6848558861E+01
    0.6916680000E+02    0.7593293388E+02   -0.6766133882E+01
    0.6074053333E+02    0.6057842544E+02    0.1621078905E+00
    0.5625880000E+02    0.4899971247E+02    0.7259087529E+01
    0.6976280000E+02    0.6454395127E+02    0.5218848735E+01
    0.6109540000E+02    0.6037920746E+02    0.7161925413E+00
    0.6641613333E+02    0.6444901085E+02    0.1967122485E+01
    0.1171394000E+03    0.1115827677E+03    0.5556632293E+01
    0.1298107667E+03    0.1356276758E+03   -0.5816909148E+01
    0.4263683333E+02    0.3930594152E+02    0.3330891813E+01
    0.3551316667E+02    0.2713482244E+02    0.8378344232E+01
    0.4331223333E+02    0.4360641505E+02   -0.2941817148E+00
    0.1050881333E+03    0.9517013631E+02    0.9917997024E+01
    0.3710063333E+02    0.2408975285E+02    0.1301088048E+02
    0.1270568667E+03    0.1234318505E+03    0.3625016128E+01
    0.4623996667E+02    0.3518509578E+02    0.1105487089E+02
    0.4979963333E+02    0.4013010810E+02    0.9669525232E+01
    0.1048403333E+03    0.9468441256E+02    0.1015592078E+02
    0.1283589667E+03    0.1236389982E+03    0.4719968439E+01
    0.1119227000E+03    0.1038496529E+03    0.8073047105E+01
    0.9410970000E+02    0.9186044815E+02    0.2249251851E+01
    0.9391083333E+02    0.8683943229E+02    0.7071401040E+01
    0.5990580000E+02    0.4581897959E+02    0.1408682041E+02
    0.1167444000E+03    0.1056146762E+03    0.1112972381E+02
    0.1322718667E+03    0.1306442704E+03    0.1627596275E+01
    0.1511233333E+02    0.1440407345E+02    0.7082598878E+00
    0.1506720000E+02    0.2297121882E+02   -0.7904018817E+01
    0.2607280000E+02    0.2728429464E+02   -0.1211494635E+01
    0.3288510000E+02    0.3161722049E+02    0.1267879512E+01
    0.5040940000E+02    0.4034317368E+02    0.1006622632E+02
    0.6252836667E+02    0.4915019401E+02    0.1337817266E+02
    0.6859230000E+02    0.5803941791E+02    0.1055288209E+02
    0.7457800000E+02    0.6701200320E+02    0.7565996799E+01
    0.7547360000E+02    0.7152992413E+02    0.3943675867E+01
    0.7601236667E+02    0.7606912951E+02   -0.5676284362E-01
    0.7978300000E+02    0.8521199885E+02   -0.5428998847E+01
    0.5943460000E+02    0.4427263972E+02    0.1516196028E+02
    0.5415630000E+02    0.5030509761E+02    0.3851202389E+01
    0.5238350000E+02    0.5328453785E+02   -0.9010378533E+00
    0.4609493333E+02    0.5623880655E+02   -0.1014387322E+02
    0.5043943333E+02    0.6206982858E+02   -0.1163039524E+02
    0.6211446667E+02    0.6779405156E+02   -0.5679584892E+01
    0.7535336667E+02    0.7340717911E+02    0.1946187555E+01
    0.7547280000E+02    0.7890471975E+02   -0.3431919753E+01
    0.7631323333E+02    0.8160868519E+02   -0.5295451852E+01
    0.7808313333E+02    0.8428197520E+02   -0.6198841869E+01
    0.8207633333E+02    0.8953402777E+02   -0.7457694439E+01
    0.1068950000E+02    0.7853915685E+01    0.2835584315E+01
    0.2761040000E+02    0.1735996313E+02    0.1025043687E+02
    0.2953980000E+02    0.2212464143E+02    0.7415158570E+01
    0.3218210000E+02    0.2689684050E+02    0.5285259499E+01
    0.4136713333E+02    0.3646307498E+02    0.4904058355E+01
    0.4472750000E+02    0.4605724813E+02   -0.1329748133E+01
    0.6125163333E+02    0.5567799354E+02    0.5573639791E+01
    0.6651516667E+02    0.6532399453E+02    0.1191172137E+01
    0.6935780000E+02    0.7015606748E+02   -0.7982674776E+00
    0.7244110000E+02    0.7499398202E+02   -0.2552882023E+01
    0.7973906667E+02    0.8468673252E+02   -0.4947665851E+01
    0.1244658000E+03    0.1288754665E+03   -0.4409666477E+01
    0.1227551333E+03    0.1252278284E+03   -0.2472695034E+01
    0.1222562000E+03    0.1233902093E+03   -0.1134009276E+01
    0.1211050000E+03    0.1215432347E+03   -0.4382347084E+00
    0.1179466667E+03    0.1178207375E+03    0.1259292075E+00
    0.1137695667E+03    0.1140593464E+03   -0.2897797539E+00
    0.1092017667E+03    0.1102580265E+03   -0.1056259882E+01
    0.1067584667E+03    0.1064156950E+03    0.3427716215E+00
    0.1053764667E+03    0.1044787977E+03    0.8976689403E+00
    0.1040530000E+03    0.1025312182E+03    0.1521781805E+01
    0.1005121667E+03    0.9860340794E+02    0.1908758728E+01
    0.1408233333E+02    0.1384558474E+02    0.2367485895E+00
    0.2335330000E+02    0.2044385234E+02    0.2909447656E+01
    0.2498340000E+02    0.2373003367E+02    0.1253366329E+01
    0.3413013333E+02    0.2700774006E+02    0.7122393274E+01
    0.3871113333E+02    0.3353819142E+02    0.5172941912E+01
    0.4574376667E+02    0.4003610678E+02    0.5707659883E+01
    0.4908086667E+02    0.4650234605E+02    0.2578520616E+01
    0.5412566667E+02    0.5293773118E+02    0.1187935483E+01
    0.5592400000E+02    0.5614410051E+02   -0.2201005135E+00
    0.5834003333E+02    0.5934304852E+02   -0.1003015188E+01
    0.6338693333E+02    0.6571905091E+02   -0.2332117575E+01
    0.1739346667E+02    0.2138821631E+02   -0.3994749643E+01
    0.1596020000E+02    0.2106013927E+02   -0.5099939270E+01
    0.1519966667E+02    0.2087834190E+02   -0.5678675236E+01
    0.1462273333E+02    0.2068430247E+02   -0.6061569134E+01
    0.1577603333E+02    0.2025823307E+02   -0.4482199736E+01
    0.1301593333E+02    0.1977930364E+02   -0.6763370302E+01
    0.1339103333E+02    0.1924471992E+02   -0.5853686587E+01
    0.1529943333E+02    0.1865150747E+02   -0.3352074135E+01
    0.1242090000E+02    0.1833193307E+02   -0.5911033070E+01
    0.1194016667E+02    0.1799649685E+02   -0.6056330186E+01
    0.1395766667E+02    0.1727630738E+02   -0.3318640714E+01
    0.5977913333E+02    0.5357852783E+02    0.6200605504E+01
    0.5274676667E+02    0.5033408836E+02    0.2412678311E+01
    0.4744456667E+02    0.4864630401E+02   -0.1201737346E+01
    0.4271046667E+02    0.4691294999E+02   -0.4202483326E+01
    0.3855643333E+02    0.4330357169E+02   -0.4747138357E+01
    0.3220636667E+02    0.3949332980E+02   -0.7286963134E+01
    0.2608033333E+02    0.3546837380E+02   -0.9388040469E+01
    0.2318960000E+02    0.3121345590E+02   -0.8023855900E+01
    0.1569666667E+02    0.2899456515E+02   -0.1329789848E+02
    0.1263756667E+02    0.2671172838E+02   -0.1407416172E+02
    0.1576773333E+02    0.2194450080E+02   -0.6176767463E+01
    0.1876863333E+02    0.1786425002E+02    0.9043833162E+00
    0.2272800000E+02    0.2994971727E+02   -0.7221717268E+01
    0.2911583333E+02    0.3606969883E+02   -0.6953865501E+01
    0.3464173333E+02    0.4224145801E+02   -0.7599724677E+01
    0.4469730000E+02    0.5474116743E+02   -0.1004386743E+02
    0.6769980000E+02    0.6745059747E+02    0.2492025316E+00
    0.8876800000E+02    0.8037155675E+02    0.8396443247E+01
    0.9001296667E+02    0.9350591070E+02   -0.3492944037E+01
    0.9820813333E+02    0.1001537092E+03   -0.1945575844E+01
    0.1150665667E+03    0.1068555816E+03    0.8210985022E+01
    0.1240794333E+03    0.1204225490E+03    0.3656884319E+01
    0.6961473333E+02    0.4739734400E+02    0.2221738933E+02
    0.6873096667E+02    0.5671459248E+02    0.1201637419E+02
    0.6801640000E+02    0.6140532037E+02    0.6611079630E+01
    0.6587150000E+02    0.6611764735E+02   -0.2461473538E+00
    0.6905330000E+02    0.7560769672E+02   -0.6554396722E+01
    0.7560066667E+02    0.8518595071E+02   -0.9585284039E+01
    0.8448030000E+02    0.9485364198E+02   -0.1037334198E+02
    0.9811226667E+02    0.1046120263E+03   -0.6499759622E+01
    0.1105675667E+03    0.1095256272E+03    0.1041939468E+01
    0.1186644000E+03    0.1144623830E+03    0.4202016993E+01
    0.1239530333E+03    0.1244060157E+03   -0.4529823456E+00
    0.1662153333E+02    0.1204611266E+02    0.4575420673E+01
    0.2838256667E+02    0.2559820084E+02    0.2784365824E+01
    0.2881536667E+02    0.3237606859E+02   -0.3560701920E+01
    0.3478613333E+02    0.3915545864E+02   -0.4369325303E+01
    0.4475480000E+02    0.5271955374E+02   -0.7964753742E+01
    0.5756113333E+02    0.6629173870E+02   -0.8730605370E+01
    0.6879203333E+02    0.7987292567E+02   -0.1108089234E+02
    0.8769866667E+02    0.9346374680E+02   -0.5765080131E+01
    0.9953940000E+02    0.1002629034E+03   -0.7235034449E+00
    0.1128509667E+03    0.1070646034E+03    0.5786363277E+01
    0.1218290333E+03    0.1206757061E+03    0.1153327221E+01
