	 Y 	 Y_pred 	 diff
    0.1592324667E+03    0.1628631264E+03   -0.3630659737E+01
    0.2009755333E+03    0.1977964252E+03    0.3179108096E+01
    0.1928013333E+03    0.1823603235E+03    0.1044100981E+02
    0.1713224000E+03    0.1703260104E+03    0.9963896084E+00
    0.1717847667E+03    0.1700258200E+03    0.1758946664E+01
    0.1536179667E+03    0.1435975686E+03    0.1002039805E+02
    0.1675417667E+03    0.1651549251E+03    0.2386841546E+01
    0.1424446000E+03    0.1489877504E+03   -0.6543150374E+01
    0.1425005000E+03    0.1497600898E+03   -0.7259589758E+01
    0.1592605667E+03    0.1700016595E+03   -0.1074109282E+02
    0.1604323000E+03    0.1701818495E+03   -0.9749549546E+01
    0.1603847333E+03    0.1703330233E+03   -0.9948289987E+01
    0.1440166667E+03    0.1479866342E+03   -0.3969967498E+01
    0.1470341667E+03    0.1514169502E+03   -0.4382783512E+01
    0.1457263333E+03    0.1532025754E+03   -0.7476242059E+01
    0.1516397333E+03    0.1598098095E+03   -0.8170076139E+01
    0.1912783000E+03    0.1893887414E+03    0.1889558551E+01
    0.1784214667E+03    0.1808248347E+03   -0.2403368055E+01
    0.1525362667E+03    0.1476821773E+03    0.4854089318E+01
    0.1473256667E+03    0.1483161128E+03   -0.9904461604E+00
    0.1535181333E+03    0.1541780789E+03   -0.6599455498E+00
    0.1558496000E+03    0.1552483519E+03    0.6012481445E+00
    0.1418090000E+03    0.1397275040E+03    0.2081495954E+01
    0.1360778667E+03    0.1386125863E+03   -0.2534719636E+01
    0.1540433667E+03    0.1511316038E+03    0.2911762853E+01
    0.1521711000E+03    0.1504836738E+03    0.1687426190E+01
    0.1459988000E+03    0.1476767495E+03   -0.1677949522E+01
    0.1556473000E+03    0.1699982175E+03   -0.1435091746E+02
    0.1856998000E+03    0.1913427123E+03   -0.5642912295E+01
    0.1834372667E+03    0.1794932820E+03    0.3943984625E+01
    0.1901772333E+03    0.1948843647E+03   -0.4707131401E+01
    0.1553749667E+03    0.1611895503E+03   -0.5814583649E+01
    0.1828245667E+03    0.1844727518E+03   -0.1648185181E+01
    0.1935337333E+03    0.1962290746E+03   -0.2695341223E+01
    0.1687353667E+03    0.1557793858E+03    0.1295598091E+02
    0.1611783000E+03    0.1559204899E+03    0.5257810076E+01
    0.1991815333E+03    0.1890433876E+03    0.1013814572E+02
    0.1709626667E+03    0.1683842230E+03    0.2578443665E+01
    0.1737680667E+03    0.1687683704E+03    0.4999696223E+01
    0.1860203333E+03    0.1772214712E+03    0.8798862128E+01
    0.1608787333E+03    0.1759563792E+03   -0.1507764582E+02
    0.1600181667E+03    0.1769680842E+03   -0.1694991756E+02
    0.1622793333E+03    0.1712820603E+03   -0.9002726984E+01
    0.1608522333E+03    0.1663616578E+03   -0.5509424515E+01
    0.1987726333E+03    0.1921337678E+03    0.6638865489E+01
    0.1769676000E+03    0.1664329410E+03    0.1053465901E+02
    0.1474437667E+03    0.1467357024E+03    0.7080643051E+00
    0.1435520000E+03    0.1507034769E+03   -0.7151476887E+01
    0.1451082333E+03    0.1520725726E+03   -0.6964339283E+01
    0.1438216667E+03    0.1534649205E+03   -0.9643253788E+01
    0.1581912000E+03    0.1577814766E+03    0.4097233676E+00
    0.1665557000E+03    0.1681197225E+03   -0.1564022532E+01
    0.1460779667E+03    0.1505004076E+03   -0.4422440921E+01
    0.1445851667E+03    0.1561209209E+03   -0.1153575428E+02
    0.1944439000E+03    0.1903664024E+03    0.4077497631E+01
    0.1746948000E+03    0.1752198849E+03   -0.5250849179E+00
    0.1434891667E+03    0.1394181307E+03    0.4071035945E+01
    0.1461454000E+03    0.1463536958E+03   -0.2082957939E+00
    0.1413109667E+03    0.1446122981E+03   -0.3301331443E+01
    0.1554750000E+03    0.1654430249E+03   -0.9968024892E+01
    0.1816082000E+03    0.1858703597E+03   -0.4262159707E+01
    0.1826803000E+03    0.1887507995E+03   -0.6070499522E+01
    0.1684538333E+03    0.1690456486E+03   -0.5918152998E+00
    0.1851899000E+03    0.1890098195E+03   -0.3819919523E+01
    0.1907893333E+03    0.1978277670E+03   -0.7038433658E+01
    0.1488808333E+03    0.1547351247E+03   -0.5854291385E+01
    0.1531141000E+03    0.1590916596E+03   -0.5977559629E+01
    0.1844319000E+03    0.1877045870E+03   -0.3272687002E+01
    0.1790078333E+03    0.1786301469E+03    0.3776864630E+00
    0.1691650000E+03    0.1656615251E+03    0.3503474911E+01
    0.1712258333E+03    0.1642675930E+03    0.6958240313E+01
    0.1832511000E+03    0.1741967789E+03    0.9054321069E+01
    0.1616570333E+03    0.1478719136E+03    0.1378511976E+02
    0.1669711667E+03    0.1585913342E+03    0.8379832458E+01
    0.1706844000E+03    0.1666417568E+03    0.4042643198E+01
    0.1512805667E+03    0.1593801425E+03   -0.8099575857E+01
    0.1708858333E+03    0.1534187428E+03    0.1746709058E+02
    0.1612523333E+03    0.1781854431E+03   -0.1693310973E+02
    0.2034949000E+03    0.1974861477E+03    0.6008752339E+01
    0.1759193333E+03    0.1556769594E+03    0.2024237396E+02
    0.1560547000E+03    0.1491532942E+03    0.6901405775E+01
    0.1981880667E+03    0.2016705436E+03   -0.3482476943E+01
    0.1906729667E+03    0.1796858035E+03    0.1098716316E+02
    0.1836433333E+03    0.1664443368E+03    0.1719899649E+02
    0.2026154000E+03    0.2009843595E+03    0.1631040523E+01
    0.1594275000E+03    0.1608118415E+03   -0.1384341501E+01
    0.1582353333E+03    0.1602165067E+03   -0.1981173411E+01
    0.1691501333E+03    0.1682417789E+03    0.9083544043E+00
    0.1472152667E+03    0.1435118001E+03    0.3703466602E+01
    0.1537301667E+03    0.1456273484E+03    0.8102818224E+01
    0.1476696000E+03    0.1497717417E+03   -0.2102141692E+01
    0.1490033667E+03    0.1518005866E+03   -0.2797219898E+01
    0.1510296000E+03    0.1557715728E+03   -0.4741972803E+01
    0.1408940000E+03    0.1453615570E+03   -0.4467557003E+01
    0.1390718667E+03    0.1433506093E+03   -0.4278742653E+01
    0.1362171000E+03    0.1425576857E+03   -0.6340585700E+01
    0.1382688000E+03    0.1422884805E+03   -0.4019680536E+01
    0.1592046333E+03    0.1631082448E+03   -0.3903611437E+01
    0.1540077000E+03    0.1576178456E+03   -0.3610145577E+01
    0.1694642000E+03    0.1770605328E+03   -0.7596332766E+01
    0.1747238667E+03    0.1720553555E+03    0.2668511190E+01
    0.1830096667E+03    0.1833366387E+03   -0.3269720151E+00
    0.1804731333E+03    0.1772520063E+03    0.3221126990E+01
    0.1561954667E+03    0.1517883059E+03    0.4407160805E+01
    0.1909834333E+03    0.1871445377E+03    0.3838895655E+01
    0.1839162333E+03    0.1787247644E+03    0.5191468910E+01
    0.1572136333E+03    0.1527412032E+03    0.4472430120E+01
    0.1549359333E+03    0.1525067698E+03    0.2429163508E+01
    0.1731041667E+03    0.1719860256E+03    0.1118141101E+01
    0.1816521000E+03    0.1806277191E+03    0.1024380930E+01
    0.1734750667E+03    0.1731777221E+03    0.2973446127E+00
    0.1635587333E+03    0.1539151314E+03    0.9643601885E+01
    0.1703275667E+03    0.1586243559E+03    0.1170321080E+02
    0.1444144000E+03    0.1374512983E+03    0.6963101734E+01
    0.1667517667E+03    0.1554049990E+03    0.1134676771E+02
    0.1664457333E+03    0.1581596691E+03    0.8286064266E+01
    0.1618017000E+03    0.1655488967E+03   -0.3747196680E+01
    0.1536641667E+03    0.1557495985E+03   -0.2085431865E+01
    0.2001243000E+03    0.2043634580E+03   -0.4239157983E+01
    0.1883374667E+03    0.1995753297E+03   -0.1123786306E+02
    0.1835913333E+03    0.1969514126E+03   -0.1336007928E+02
    0.1720329333E+03    0.1880051608E+03   -0.1597222742E+02
    0.1702934000E+03    0.1863375344E+03   -0.1604413435E+02
    0.1396084667E+03    0.1476990107E+03   -0.8090544038E+01
    0.1358025333E+03    0.1475070885E+03   -0.1170455518E+02
    0.1382624000E+03    0.1471504580E+03   -0.8888058004E+01
    0.1486229333E+03    0.1554420058E+03   -0.6819072490E+01
    0.1411087000E+03    0.1513637282E+03   -0.1025502824E+02
    0.1537537333E+03    0.1514460977E+03    0.2307635590E+01
    0.1779657000E+03    0.1707766801E+03    0.7189019914E+01
    0.1919865000E+03    0.1898546847E+03    0.2131815252E+01
    0.1969100333E+03    0.1956587706E+03    0.1251262755E+01
    0.1637659667E+03    0.1680624768E+03   -0.4296510118E+01
    0.1666397667E+03    0.1732423389E+03   -0.6602572214E+01
    0.1724003000E+03    0.1776977136E+03   -0.5297413552E+01
    0.1854390333E+03    0.1848820739E+03    0.5569594097E+00
    0.1859265000E+03    0.1831818140E+03    0.2744685982E+01
    0.1689561667E+03    0.1596199173E+03    0.9336249328E+01
    0.1726537667E+03    0.1762796666E+03   -0.3625899885E+01
    0.1793259000E+03    0.1729327395E+03    0.6393160538E+01
    0.1730631333E+03    0.1535911907E+03    0.1947194264E+02
    0.1785912667E+03    0.1791318766E+03   -0.5406099034E+00
    0.1867098667E+03    0.1847182354E+03    0.1991631238E+01
    0.1676957000E+03    0.1664160221E+03    0.1279677868E+01
    0.1564298667E+03    0.1684436849E+03   -0.1201381823E+02
    0.1858246333E+03    0.1806382651E+03    0.5186368282E+01
    0.1582014333E+03    0.1453537212E+03    0.1284771209E+02
    0.1916486333E+03    0.1796269416E+03    0.1202169170E+02
    0.1847231333E+03    0.1740720885E+03    0.1065104488E+02
    0.1484104333E+03    0.1543959587E+03   -0.5985525388E+01
    0.1513720667E+03    0.1555151759E+03   -0.4143109239E+01
    0.1539085667E+03    0.1566461730E+03   -0.2737606316E+01
    0.1681840000E+03    0.1601274642E+03    0.8056535839E+01
    0.1636810000E+03    0.1615465824E+03    0.2134417632E+01
    0.1453615000E+03    0.1461081150E+03   -0.7466150500E+00
    0.1435833000E+03    0.1531540720E+03   -0.9570771956E+01
    0.1490260000E+03    0.1579214271E+03   -0.8895427149E+01
    0.1577903667E+03    0.1627368170E+03   -0.4946450366E+01
    0.1641192000E+03    0.1693606028E+03   -0.5241402771E+01
    0.1496825000E+03    0.1520523467E+03   -0.2369846748E+01
    0.1522688667E+03    0.1544786485E+03   -0.2209781882E+01
    0.1428621667E+03    0.1438459113E+03   -0.9837446697E+00
    0.1567264333E+03    0.1596105466E+03   -0.2884113310E+01
    0.1421805667E+03    0.1477173264E+03   -0.5536759750E+01
    0.1439435333E+03    0.1447935398E+03   -0.8500064680E+00
    0.1512255333E+03    0.1498419891E+03    0.1383544273E+01
    0.1591252000E+03    0.1725559932E+03   -0.1343079317E+02
    0.1920459000E+03    0.1976274704E+03   -0.5581570354E+01
    0.1797637667E+03    0.1737313168E+03    0.6032449848E+01
    0.1586468333E+03    0.1530316789E+03    0.5615154418E+01
