	 Y 	 Y_pred 	 diff
    0.1592324667E+03    0.1612937046E+03   -0.2061237968E+01
    0.2009755333E+03    0.1974533402E+03    0.3522193087E+01
    0.1928013333E+03    0.1924470749E+03    0.3542584602E+00
    0.1713224000E+03    0.1746229402E+03   -0.3300540180E+01
    0.1717847667E+03    0.1831974838E+03   -0.1141271713E+02
    0.1536179667E+03    0.1441070282E+03    0.9510938508E+01
    0.1675417667E+03    0.1629438816E+03    0.4597885069E+01
    0.1424446000E+03    0.1470652445E+03   -0.4620644463E+01
    0.1425005000E+03    0.1474924806E+03   -0.4991980635E+01
    0.1592605667E+03    0.1596351804E+03   -0.3746137290E+00
    0.1604323000E+03    0.1588711711E+03    0.1561128855E+01
    0.1603847333E+03    0.1580667445E+03    0.2317988804E+01
    0.1440166667E+03    0.1420258322E+03    0.1990834424E+01
    0.1470341667E+03    0.1446375965E+03    0.2396570170E+01
    0.1457263333E+03    0.1459763350E+03   -0.2500016917E+00
    0.1516397333E+03    0.1508206913E+03    0.8190419919E+00
    0.1912783000E+03    0.1911514513E+03    0.1268486509E+00
    0.1784214667E+03    0.1828146592E+03   -0.4393192568E+01
    0.1525362667E+03    0.1461302871E+03    0.6405979608E+01
    0.1473256667E+03    0.1468438843E+03    0.4817823320E+00
    0.1535181333E+03    0.1529602824E+03    0.5578509203E+00
    0.1558496000E+03    0.1539856169E+03    0.1863983132E+01
    0.1418090000E+03    0.1420674220E+03   -0.2584220274E+00
    0.1360778667E+03    0.1412722028E+03   -0.5194336134E+01
    0.1540433667E+03    0.1526484405E+03    0.1394926173E+01
    0.1521711000E+03    0.1521023283E+03    0.6877170189E-01
    0.1459988000E+03    0.1495768123E+03   -0.3578012319E+01
    0.1556473000E+03    0.1644741394E+03   -0.8826839405E+01
    0.1856998000E+03    0.1859988522E+03   -0.2990522159E+00
    0.1834372667E+03    0.1778453392E+03    0.5591927487E+01
    0.1901772333E+03    0.1888621801E+03    0.1315053185E+01
    0.1553749667E+03    0.1551572427E+03    0.2177240041E+00
    0.1828245667E+03    0.1806458595E+03    0.2178707179E+01
    0.1935337333E+03    0.1918500595E+03    0.1683673789E+01
    0.1687353667E+03    0.1678512624E+03    0.8841042577E+00
    0.1611783000E+03    0.1626230194E+03   -0.1444719377E+01
    0.1991815333E+03    0.1988894403E+03    0.2920930472E+00
    0.1709626667E+03    0.1734543698E+03   -0.2491703138E+01
    0.1737680667E+03    0.1760575699E+03   -0.2289503197E+01
    0.1860203333E+03    0.1854110998E+03    0.6092335224E+00
    0.1608787333E+03    0.1700939266E+03   -0.9215193260E+01
    0.1600181667E+03    0.1702765379E+03   -0.1025837123E+02
    0.1622793333E+03    0.1728547526E+03   -0.1057541926E+02
    0.1608522333E+03    0.1632790623E+03   -0.2426828925E+01
    0.1987726333E+03    0.2013658305E+03   -0.2593197175E+01
    0.1769676000E+03    0.1762046320E+03    0.7629679752E+00
    0.1474437667E+03    0.1435740655E+03    0.3869701186E+01
    0.1435520000E+03    0.1476144765E+03   -0.4062476498E+01
    0.1451082333E+03    0.1491164916E+03   -0.4008258307E+01
    0.1438216667E+03    0.1506975816E+03   -0.6875914946E+01
    0.1581912000E+03    0.1559237496E+03    0.2267450358E+01
    0.1665557000E+03    0.1639506389E+03    0.2605061115E+01
    0.1460779667E+03    0.1426005863E+03    0.3477380379E+01
    0.1445851667E+03    0.1491975310E+03   -0.4612364349E+01
    0.1944439000E+03    0.1901770141E+03    0.4266885917E+01
    0.1746948000E+03    0.1783090209E+03   -0.3614220932E+01
    0.1434891667E+03    0.1423391578E+03    0.1150008835E+01
    0.1461454000E+03    0.1495089456E+03   -0.3363545613E+01
    0.1413109667E+03    0.1476767352E+03   -0.6365768484E+01
    0.1554750000E+03    0.1575392406E+03   -0.2064240626E+01
    0.1816082000E+03    0.1807639469E+03    0.8442530806E+00
    0.1826803000E+03    0.1839045049E+03   -0.1224204920E+01
    0.1684538333E+03    0.1672883506E+03    0.1165482712E+01
    0.1851899000E+03    0.1843532638E+03    0.8366362296E+00
    0.1907893333E+03    0.1921050706E+03   -0.1315737251E+01
    0.1488808333E+03    0.1443418580E+03    0.4538975332E+01
    0.1531141000E+03    0.1502782345E+03    0.2835865543E+01
    0.1844319000E+03    0.1840979848E+03    0.3339151733E+00
    0.1790078333E+03    0.1880227700E+03   -0.9014936624E+01
    0.1691650000E+03    0.1688679341E+03    0.2970658941E+00
    0.1712258333E+03    0.1760522318E+03   -0.4826398476E+01
    0.1832511000E+03    0.1754011679E+03    0.7849932135E+01
    0.1616570333E+03    0.1524038820E+03    0.9253151290E+01
    0.1669711667E+03    0.1567364439E+03    0.1023472275E+02
    0.1706844000E+03    0.1729805585E+03   -0.2296158545E+01
    0.1512805667E+03    0.1458885305E+03    0.5392036187E+01
    0.1708858333E+03    0.1680471422E+03    0.2838691178E+01
    0.1612523333E+03    0.1726151952E+03   -0.1136286187E+02
    0.2034949000E+03    0.2018844119E+03    0.1610488117E+01
    0.1759193333E+03    0.1760863349E+03   -0.1670015543E+00
    0.1560547000E+03    0.1428588466E+03    0.1319585340E+02
    0.1981880667E+03    0.2034522756E+03   -0.5264208936E+01
    0.1906729667E+03    0.1827797001E+03    0.7893266595E+01
    0.1836433333E+03    0.1738310697E+03    0.9812263630E+01
    0.2026154000E+03    0.1977576841E+03    0.4857715860E+01
    0.1594275000E+03    0.1627789452E+03   -0.3351445219E+01
    0.1582353333E+03    0.1615429493E+03   -0.3307615944E+01
    0.1691501333E+03    0.1713033832E+03   -0.2153249876E+01
    0.1472152667E+03    0.1452976038E+03    0.1917662878E+01
    0.1537301667E+03    0.1465511209E+03    0.7179045737E+01
    0.1476696000E+03    0.1490100660E+03   -0.1340465952E+01
    0.1490033667E+03    0.1502154938E+03   -0.1212127168E+01
    0.1510296000E+03    0.1525782603E+03   -0.1548660342E+01
    0.1408940000E+03    0.1432487434E+03   -0.2354743395E+01
    0.1390718667E+03    0.1416721878E+03   -0.2600321103E+01
    0.1362171000E+03    0.1410746838E+03   -0.4857583821E+01
    0.1382688000E+03    0.1408747527E+03   -0.2605952737E+01
    0.1592046333E+03    0.1552229530E+03    0.3981680336E+01
    0.1540077000E+03    0.1567265569E+03   -0.2718856894E+01
    0.1694642000E+03    0.1736088057E+03   -0.4144605659E+01
    0.1747238667E+03    0.1769569771E+03   -0.2233110419E+01
    0.1830096667E+03    0.1834523930E+03   -0.4427263544E+00
    0.1804731333E+03    0.1776037343E+03    0.2869399019E+01
    0.1561954667E+03    0.1622534383E+03   -0.6057971665E+01
    0.1909834333E+03    0.1926836453E+03   -0.1700211951E+01
    0.1839162333E+03    0.1808846717E+03    0.3031561620E+01
    0.1572136333E+03    0.1537943198E+03    0.3419313567E+01
    0.1549359333E+03    0.1546162536E+03    0.3196797522E+00
    0.1731041667E+03    0.1754855878E+03   -0.2381421142E+01
    0.1816521000E+03    0.1832454468E+03   -0.1593346774E+01
    0.1734750667E+03    0.1755922175E+03   -0.2117150854E+01
    0.1635587333E+03    0.1579303261E+03    0.5628407188E+01
    0.1703275667E+03    0.1582001630E+03    0.1212740363E+02
    0.1444144000E+03    0.1421268337E+03    0.2287566322E+01
    0.1667517667E+03    0.1606699108E+03    0.6081855876E+01
    0.1664457333E+03    0.1617217647E+03    0.4723968603E+01
    0.1618017000E+03    0.1647334014E+03   -0.2931701402E+01
    0.1536641667E+03    0.1553313753E+03   -0.1667208667E+01
    0.2001243000E+03    0.1952838147E+03    0.4840485251E+01
    0.1883374667E+03    0.1871049590E+03    0.1232507687E+01
    0.1835913333E+03    0.1831647543E+03    0.4265790457E+00
    0.1720329333E+03    0.1719158122E+03    0.1171211739E+00
    0.1702934000E+03    0.1701217246E+03    0.1716754025E+00
    0.1396084667E+03    0.1422696814E+03   -0.2661214764E+01
    0.1358025333E+03    0.1400166079E+03   -0.4214074531E+01
    0.1382624000E+03    0.1384364248E+03   -0.1740248362E+00
    0.1486229333E+03    0.1526191238E+03   -0.3996190510E+01
    0.1411087000E+03    0.1476438859E+03   -0.6535185936E+01
    0.1537537333E+03    0.1451551975E+03    0.8598535865E+01
    0.1779657000E+03    0.1721205067E+03    0.5845193306E+01
    0.1919865000E+03    0.1914602101E+03    0.5262899481E+00
    0.1969100333E+03    0.2011759350E+03   -0.4265901666E+01
    0.1637659667E+03    0.1636746672E+03    0.9129944978E-01
    0.1666397667E+03    0.1697795401E+03   -0.3139773413E+01
    0.1724003000E+03    0.1761887813E+03   -0.3788481258E+01
    0.1854390333E+03    0.1899203686E+03   -0.4481335225E+01
    0.1859265000E+03    0.1920752116E+03   -0.6148711613E+01
    0.1689561667E+03    0.1631922852E+03    0.5763881420E+01
    0.1726537667E+03    0.1889233365E+03   -0.1626956982E+02
    0.1793259000E+03    0.1755529603E+03    0.3772939701E+01
    0.1730631333E+03    0.1685421352E+03    0.4520998157E+01
    0.1785912667E+03    0.1757842390E+03    0.2807027650E+01
    0.1867098667E+03    0.1862902815E+03    0.4195852086E+00
    0.1676957000E+03    0.1623087668E+03    0.5386933172E+01
    0.1564298667E+03    0.1542440485E+03    0.2185818170E+01
    0.1858246333E+03    0.1768721053E+03    0.8952528006E+01
    0.1582014333E+03    0.1599040781E+03   -0.1702644787E+01
    0.1916486333E+03    0.1897752759E+03    0.1873357471E+01
    0.1847231333E+03    0.1857792683E+03   -0.1056135009E+01
    0.1484104333E+03    0.1474518165E+03    0.9586168761E+00
    0.1513720667E+03    0.1479827452E+03    0.3389321417E+01
    0.1539085667E+03    0.1485187300E+03    0.5389836681E+01
    0.1681840000E+03    0.1638209336E+03    0.4363066410E+01
    0.1636810000E+03    0.1626713074E+03    0.1009692606E+01
    0.1453615000E+03    0.1454210620E+03   -0.5956199964E-01
    0.1435833000E+03    0.1468188809E+03   -0.3235580921E+01
    0.1490260000E+03    0.1479916920E+03    0.1034307961E+01
    0.1577903667E+03    0.1493572486E+03    0.8433118042E+01
    0.1641192000E+03    0.1680411469E+03   -0.3921946854E+01
    0.1496825000E+03    0.1527660818E+03   -0.3083581763E+01
    0.1522688667E+03    0.1543968537E+03   -0.2127987006E+01
    0.1428621667E+03    0.1448188148E+03   -0.1956648156E+01
    0.1567264333E+03    0.1548804724E+03    0.1845960889E+01
    0.1421805667E+03    0.1457329559E+03   -0.3552389261E+01
    0.1439435333E+03    0.1441191306E+03   -0.1755973079E+00
    0.1512255333E+03    0.1465987069E+03    0.4626826476E+01
    0.1591252000E+03    0.1677399533E+03   -0.8614753339E+01
    0.1920459000E+03    0.1918438096E+03    0.2020904459E+00
    0.1797637667E+03    0.1777544283E+03    0.2009338347E+01
    0.1586468333E+03    0.1601740645E+03   -0.1527231158E+01
