	 Y 	 Y_pred 	 diff
    0.6496802097E+02    0.7037336069E+02   -0.5405339720E+01
    0.3499053213E+02    0.2965600048E+02    0.5334531651E+01
    0.4146923460E+02    0.4489531326E+02   -0.3426078668E+01
    0.9929422704E+02    0.1004096499E+03   -0.1115422851E+01
    0.2584017448E+02    0.3382985128E+02   -0.7989676801E+01
    0.6067555305E+02    0.6356189069E+02   -0.2886337636E+01
    0.9342154533E+02    0.9941494144E+02   -0.5993396107E+01
    0.1367350903E+03    0.1421034972E+03   -0.5368406945E+01
    0.1317766937E+03    0.1361166812E+03   -0.4339987476E+01
    0.3359039622E+02    0.3435147322E+02   -0.7610769952E+00
    0.5781327978E+02    0.5397955414E+02    0.3833725635E+01
    0.2308806005E+02    0.2475740816E+02   -0.1669348115E+01
    0.3957606325E+02    0.4136265204E+02   -0.1786588785E+01
    0.1236164255E+03    0.1185320610E+03    0.5084364476E+01
    0.4437180400E+02    0.4707260632E+02   -0.2700802320E+01
    0.1047380597E+03    0.1040685069E+03    0.6695528870E+00
    0.1352458823E+03    0.1302210404E+03    0.5024841928E+01
    0.4077056391E+02    0.3494713251E+02    0.5823431399E+01
    0.1322564577E+03    0.1302782161E+03    0.1978241599E+01
    0.9788397509E+02    0.9480514218E+02    0.3078832913E+01
    0.6830351287E+02    0.6673677006E+02    0.1566742816E+01
    0.4815536762E+02    0.3879069646E+02    0.9364671166E+01
    0.4958492797E+02    0.4923691263E+02    0.3480153356E+00
    0.9637614321E+02    0.9332622020E+02    0.3049923012E+01
    0.9738927426E+02    0.9745550383E+02   -0.6622957011E-01
    0.4914067848E+02    0.5180234416E+02   -0.2661665686E+01
    0.4129513778E+02    0.3905891440E+02    0.2236223388E+01
    0.5965727763E+02    0.6118612398E+02   -0.1528846349E+01
    0.2919065394E+02    0.2789261395E+02    0.1298039993E+01
    0.5034060812E+02    0.5398892632E+02   -0.3648318202E+01
    0.4661720364E+02    0.5195917890E+02   -0.5341975260E+01
    0.6092121335E+02    0.6742823820E+02   -0.6507024850E+01
    0.1282697765E+03    0.1244289006E+03    0.3840875835E+01
    0.7595481374E+02    0.7702407071E+02   -0.1069256974E+01
    0.5573694755E+02    0.6179434794E+02   -0.6057400389E+01
    0.1218090654E+03    0.1180548475E+03    0.3754217848E+01
    0.6380085368E+02    0.7650001678E+02   -0.1269916310E+02
    0.6014871550E+02    0.5789783323E+02    0.2250882278E+01
    0.6671768541E+02    0.5990214189E+02    0.6815543516E+01
    0.7983276551E+02    0.7040145279E+02    0.9431312717E+01
    0.1025991163E+03    0.1117459771E+03   -0.9146860837E+01
    0.4572791662E+02    0.4459923903E+02    0.1128677589E+01
    0.8475483777E+02    0.8112012271E+02    0.3634715057E+01
    0.1366336255E+03    0.1401959143E+03   -0.3562288741E+01
    0.1287616307E+03    0.1282845979E+03    0.4770327634E+00
    0.2326547267E+02    0.2639963377E+02   -0.3134161096E+01
    0.3452159350E+02    0.3802267213E+02   -0.3501078632E+01
    0.3332059993E+02    0.3464145600E+02   -0.1320856072E+01
    0.1047424560E+03    0.1076251876E+03   -0.2882731619E+01
    0.6693454681E+02    0.4914151355E+02    0.1779303326E+02
    0.1322700957E+03    0.1227806987E+03    0.9489396940E+01
    0.4895849377E+02    0.4668535531E+02    0.2273138454E+01
    0.6554370379E+02    0.6515240987E+02    0.3912939176E+00
    0.5888624772E+02    0.6576368098E+02   -0.6877433259E+01
    0.6068008934E+02    0.6043870043E+02    0.2413889105E+00
    0.6555221939E+02    0.6005599495E+02    0.5496224439E+01
    0.4434460389E+02    0.3717081630E+02    0.7173787593E+01
    0.1256431161E+03    0.1168435056E+03    0.8799610569E+01
    0.1038482190E+03    0.9728298575E+02    0.6565233246E+01
    0.2632643497E+02    0.3209132867E+02   -0.5764893697E+01
    0.8885745041E+02    0.8111223691E+02    0.7745213503E+01
    0.5640091467E+02    0.6865911231E+02   -0.1225819765E+02
    0.4875284720E+02    0.5338847714E+02   -0.4635629936E+01
    0.1134858481E+03    0.1177886080E+03   -0.4302759949E+01
    0.9652639442E+02    0.9743870386E+02   -0.9123094384E+00
    0.3130959377E+02    0.3035784795E+02    0.9517458268E+00
    0.4308292970E+02    0.4392163694E+02   -0.8387072336E+00
    0.1165991300E+03    0.1150824340E+03    0.1516696069E+01
    0.9969179946E+02    0.9374327260E+02    0.5948526865E+01
    0.5114042588E+02    0.5341085664E+02   -0.2270430760E+01
    0.4667560663E+02    0.5790332562E+02   -0.1122771900E+02
    0.6882396517E+02    0.5954197933E+02    0.9281985842E+01
    0.1314904999E+03    0.1387423019E+03   -0.7251801975E+01
    0.1112114300E+03    0.1041138101E+03    0.7097619900E+01
    0.9311991210E+02    0.8514728758E+02    0.7972624521E+01
    0.1252984708E+03    0.1226650231E+03    0.2633447783E+01
    0.2683497468E+02    0.3525052285E+02   -0.8415548170E+01
    0.3183535065E+02    0.3771668721E+02   -0.5881336553E+01
    0.4507237259E+02    0.4287053867E+02    0.2201833918E+01
    0.2533836578E+02    0.2365032179E+02    0.1688043990E+01
    0.2299003363E+02    0.2157619771E+02    0.1413835919E+01
    0.5835275562E+02    0.5460496781E+02    0.3747787807E+01
    0.4256436714E+02    0.4195217407E+02    0.6121930613E+00
    0.1020479867E+03    0.9177224948E+02    0.1027573721E+02
    0.6809255274E+02    0.5988613444E+02    0.8206418301E+01
    0.4348442747E+02    0.4502410167E+02   -0.1539674193E+01
    0.1156620276E+03    0.1120034904E+03    0.3658537195E+01
    0.4295367200E+02    0.3217578078E+02    0.1077789122E+02
    0.4050309916E+02    0.3376488714E+02    0.6738212014E+01
    0.1066234624E+03    0.9626043130E+02    0.1036303105E+02
    0.4232796680E+02    0.3413150522E+02    0.8196461585E+01
    0.1048738256E+03    0.9662935218E+02    0.8244473376E+01
    0.3601177755E+02    0.2510344271E+02    0.1090833483E+02
    0.1281946021E+03    0.1152157667E+03    0.1297883549E+02
    0.1165733788E+03    0.1108787331E+03    0.5694645665E+01
    0.1331123282E+03    0.1271065219E+03    0.6005806306E+01
    0.7910835546E+02    0.7873056322E+02    0.3777922402E+00
    0.4998604832E+02    0.4746144027E+02    0.2524608049E+01
    0.5611450524E+02    0.5463345813E+02    0.1481047114E+01
    0.2267877177E+02    0.2198724803E+02    0.6915237463E+00
    0.2337586858E+02    0.2012066811E+02    0.3255200462E+01
    0.8630026423E+02    0.8630863418E+02   -0.8369954473E-02
    0.6377679169E+02    0.6718030849E+02   -0.3403516798E+01
    0.1166603165E+03    0.1064856505E+03    0.1017466604E+02
    0.3852234119E+02    0.3937501019E+02   -0.8526690049E+00
    0.4197241641E+02    0.4059310051E+02    0.1379315903E+01
    0.5677301169E+02    0.5705327974E+02   -0.2802680413E+00
    0.6979480419E+02    0.7318821047E+02   -0.3393406277E+01
    0.4500912398E+02    0.3706302778E+02    0.7946096201E+01
    0.5967295456E+02    0.4780997951E+02    0.1186297505E+02
    0.5965694308E+02    0.6676123773E+02   -0.7104294659E+01
    0.1053096570E+03    0.1111425826E+03   -0.5832925654E+01
    0.1262177758E+03    0.1283188973E+03   -0.2101121450E+01
    0.2450184071E+02    0.1894090604E+02    0.5560934669E+01
    0.3504358803E+02    0.4056212264E+02   -0.5518534607E+01
    0.6904760257E+02    0.6682139673E+02    0.2226205840E+01
    0.1104302259E+03    0.1099386001E+03    0.4916258033E+00
    0.1360948904E+03    0.1372026512E+03   -0.1107760778E+01
    0.7558678816E+02    0.8381813963E+02   -0.8231351464E+01
    0.3917125463E+02    0.3918967010E+02   -0.1841547005E-01
    0.6493284567E+02    0.7416439365E+02   -0.9231547979E+01
    0.6029149555E+02    0.6229661029E+02   -0.2005114743E+01
    0.2911030054E+02    0.3964557211E+02   -0.1053527157E+02
    0.6056238656E+02    0.5598177423E+02    0.4580612331E+01
    0.9610191643E+02    0.1022451392E+03   -0.6143222746E+01
    0.1371480612E+03    0.1427232092E+03   -0.5575148020E+01
    0.1362592133E+03    0.1370534212E+03   -0.7942079719E+00
    0.1344648149E+03    0.1341912949E+03    0.2735199935E+00
    0.1271803418E+03    0.1255049660E+03    0.1675375797E+01
    0.2456282289E+02    0.2577185886E+02   -0.1209035973E+01
    0.2578843305E+02    0.2386844212E+02    0.1919990931E+01
    0.4446999058E+02    0.4450810037E+02   -0.3810979618E-01
    0.2705301994E+02    0.3241030852E+02   -0.5357288582E+01
    0.6152011377E+02    0.6963183232E+02   -0.8111718558E+01
    0.8754089957E+02    0.9674504842E+02   -0.9204148849E+01
    0.1287812479E+03    0.1231491847E+03    0.5632063195E+01
    0.5781486579E+02    0.6100367819E+02   -0.3188812398E+01
    0.9817976135E+02    0.9187150345E+02    0.6308257893E+01
    0.6345732320E+02    0.7066668453E+02   -0.7209361333E+01
    0.5656963783E+02    0.6673473743E+02   -0.1016509961E+02
    0.5481318806E+02    0.5817072134E+02   -0.3357533280E+01
    0.5341138887E+02    0.5322998827E+02    0.1814005976E+00
    0.4292238571E+02    0.3993556463E+02    0.2986821075E+01
    0.9355975646E+02    0.9525819315E+02   -0.1698436691E+01
    0.9368174085E+02    0.9121402791E+02    0.2467712947E+01
    0.9672791808E+02    0.1001924160E+03   -0.3464497942E+01
    0.4286544992E+02    0.3932525486E+02    0.3540195066E+01
    0.6733571392E+02    0.6976685869E+02   -0.2431144778E+01
    0.5615313588E+02    0.5557801722E+02    0.5751186580E+00
    0.2253675731E+02    0.2553909120E+02   -0.3002333893E+01
    0.2880918270E+02    0.1401892464E+02    0.1479025806E+02
    0.1359182557E+03    0.1346239610E+03    0.1294294665E+01
    0.5059350036E+02    0.5446342366E+02   -0.3869923302E+01
    0.1119034582E+03    0.1048015288E+03    0.7101929427E+01
    0.7208525840E+02    0.7217077710E+02   -0.8551869864E-01
    0.9754851806E+02    0.9813108442E+02   -0.5825663612E+00
    0.1166313876E+03    0.1177390014E+03   -0.1107613769E+01
    0.9558693600E+02    0.9203986151E+02    0.3547074496E+01
    0.9586478718E+02    0.9722231521E+02   -0.1357528027E+01
    0.5877006947E+02    0.6418516133E+02   -0.5415091867E+01
    0.6447432788E+02    0.7793096214E+02   -0.1345663426E+02
    0.9094232811E+02    0.9164298182E+02   -0.7006537112E+00
    0.1039844407E+03    0.1132962246E+03   -0.9311783827E+01
    0.1228725759E+03    0.1274744129E+03   -0.4601836989E+01
    0.5277935237E+02    0.4631470672E+02    0.6464645655E+01
    0.5348496578E+02    0.5523185789E+02   -0.1746892115E+01
    0.2419926750E+02    0.2712241155E+02   -0.2923144043E+01
    0.2604492204E+02    0.2169002584E+02    0.4354896207E+01
    0.8402862800E+02    0.7959871878E+02    0.4429909219E+01
    0.6988379938E+02    0.7361724551E+02   -0.3733446135E+01
