	 Y 	 Y_pred 	 diff
    0.6496802097E+02    0.6659931008E+02   -0.1631289110E+01
    0.3499053213E+02    0.3476195906E+02    0.2285730739E+00
    0.4146923460E+02    0.5114394940E+02   -0.9674714804E+01
    0.9929422704E+02    0.1034322741E+03   -0.4138047025E+01
    0.2584017448E+02    0.2828068507E+02   -0.2440510588E+01
    0.6067555305E+02    0.5317289897E+02    0.7502654078E+01
    0.9342154533E+02    0.8771124807E+02    0.5710297261E+01
    0.1367350903E+03    0.1435566731E+03   -0.6821582786E+01
    0.1317766937E+03    0.1345061650E+03   -0.2729471293E+01
    0.3359039622E+02    0.3872716176E+02   -0.5136765534E+01
    0.5781327978E+02    0.4974275688E+02    0.8070522897E+01
    0.2308806005E+02    0.2757465421E+02   -0.4486594159E+01
    0.3957606325E+02    0.3805890739E+02    0.1517155862E+01
    0.1236164255E+03    0.1238359007E+03   -0.2194752720E+00
    0.4437180400E+02    0.4650114885E+02   -0.2129344858E+01
    0.1047380597E+03    0.1044455868E+03    0.2924729171E+00
    0.1352458823E+03    0.1356338718E+03   -0.3879894836E+00
    0.4077056391E+02    0.4323456281E+02   -0.2463998899E+01
    0.1322564577E+03    0.1294403104E+03    0.2816147340E+01
    0.9788397509E+02    0.1031984846E+03   -0.5314509507E+01
    0.6830351287E+02    0.7161698778E+02   -0.3313474909E+01
    0.4815536762E+02    0.3774342721E+02    0.1041194041E+02
    0.4958492797E+02    0.5479551655E+02   -0.5210588584E+01
    0.9637614321E+02    0.9698591788E+02   -0.6097746766E+00
    0.9738927426E+02    0.1001993301E+03   -0.2810055879E+01
    0.4914067848E+02    0.4432446249E+02    0.4816215990E+01
    0.4129513778E+02    0.3963265170E+02    0.1662486083E+01
    0.5965727763E+02    0.5166057341E+02    0.7996704219E+01
    0.2919065394E+02    0.3241600782E+02   -0.3225353885E+01
    0.5034060812E+02    0.4598589926E+02    0.4354708862E+01
    0.4661720364E+02    0.4440944612E+02    0.2207757521E+01
    0.6092121335E+02    0.7282339829E+02   -0.1190218495E+02
    0.1282697765E+03    0.1229026401E+03    0.5367136326E+01
    0.7595481374E+02    0.8824076902E+02   -0.1228595528E+02
    0.5573694755E+02    0.5668993927E+02   -0.9529917222E+00
    0.1218090654E+03    0.1139009827E+03    0.7908082636E+01
    0.6380085368E+02    0.7947932722E+02   -0.1567847354E+02
    0.6014871550E+02    0.5827765068E+02    0.1871064820E+01
    0.6671768541E+02    0.6240543564E+02    0.4312249765E+01
    0.7983276551E+02    0.7047236087E+02    0.9360404640E+01
    0.1025991163E+03    0.1063697101E+03   -0.3770593834E+01
    0.4572791662E+02    0.3998991383E+02    0.5738002792E+01
    0.8475483777E+02    0.7199119953E+02    0.1276363824E+02
    0.1366336255E+03    0.1453682978E+03   -0.8734672313E+01
    0.1287616307E+03    0.1308541236E+03   -0.2092492857E+01
    0.2326547267E+02    0.3046507824E+02   -0.7199605567E+01
    0.3452159350E+02    0.3451480506E+02    0.6788437981E-02
    0.3332059993E+02    0.3113568798E+02    0.2184911952E+01
    0.1047424560E+03    0.1091848131E+03   -0.4442357186E+01
    0.6693454681E+02    0.6162259688E+02    0.5311949933E+01
    0.1322700957E+03    0.1293243232E+03    0.2945772432E+01
    0.4895849377E+02    0.4603349621E+02    0.2924997559E+01
    0.6554370379E+02    0.6159287617E+02    0.3950827619E+01
    0.5888624772E+02    0.7017884577E+02   -0.1129259805E+02
    0.6068008934E+02    0.5715516676E+02    0.3524922586E+01
    0.6555221939E+02    0.5987715365E+02    0.5675065738E+01
    0.4434460389E+02    0.4777912995E+02   -0.3434526060E+01
    0.1256431161E+03    0.1196991998E+03    0.5943916341E+01
    0.1038482190E+03    0.9396036801E+02    0.9887850987E+01
    0.2632643497E+02    0.4064734108E+02   -0.1432090610E+02
    0.8885745041E+02    0.7903406440E+02    0.9823386015E+01
    0.5640091467E+02    0.7185495358E+02   -0.1545403891E+02
    0.4875284720E+02    0.6223219420E+02   -0.1347934699E+02
    0.1134858481E+03    0.1157871470E+03   -0.2301298957E+01
    0.9652639442E+02    0.1078020391E+03   -0.1127564470E+02
    0.3130959377E+02    0.3085584298E+02    0.4537507985E+00
    0.4308292970E+02    0.4122244659E+02    0.1860483109E+01
    0.1165991300E+03    0.1117444522E+03    0.4854677800E+01
    0.9969179946E+02    0.9195311146E+02    0.7738687996E+01
    0.5114042588E+02    0.5208774193E+02   -0.9473160532E+00
    0.4667560663E+02    0.6002530050E+02   -0.1334969387E+02
    0.6882396517E+02    0.6122546481E+02    0.7598500359E+01
    0.1314904999E+03    0.1329534343E+03   -0.1462934413E+01
    0.1112114300E+03    0.9948952512E+02    0.1172190486E+02
    0.9311991210E+02    0.9037733491E+02    0.2742577191E+01
    0.1252984708E+03    0.1230478395E+03    0.2250631334E+01
    0.2683497468E+02    0.3603434261E+02   -0.9199367932E+01
    0.3183535065E+02    0.3802125639E+02   -0.6185905743E+01
    0.4507237259E+02    0.4199147577E+02    0.3080896820E+01
    0.2533836578E+02    0.3168081116E+02   -0.6342445376E+01
    0.2299003363E+02    0.2406780941E+02   -0.1077775776E+01
    0.5835275562E+02    0.5087898790E+02    0.7473767724E+01
    0.4256436714E+02    0.5712056433E+02   -0.1455619719E+02
    0.1020479867E+03    0.9610170217E+02    0.5946284521E+01
    0.6809255274E+02    0.7019879986E+02   -0.2106247117E+01
    0.4348442747E+02    0.5353685567E+02   -0.1005242819E+02
    0.1156620276E+03    0.1075680177E+03    0.8094009881E+01
    0.4295367200E+02    0.3154638745E+02    0.1140728455E+02
    0.4050309916E+02    0.3444666086E+02    0.6056438299E+01
    0.1066234624E+03    0.8938792520E+02    0.1723553715E+02
    0.4232796680E+02    0.3385731326E+02    0.8470653539E+01
    0.1048738256E+03    0.9559731313E+02    0.9276512425E+01
    0.3601177755E+02    0.2651734666E+02    0.9494430887E+01
    0.1281946021E+03    0.1172090916E+03    0.1098551055E+02
    0.1165733788E+03    0.1051915756E+03    0.1138180321E+02
    0.1331123282E+03    0.1265126803E+03    0.6599647896E+01
    0.7910835546E+02    0.8365121008E+02   -0.4542854624E+01
    0.4998604832E+02    0.4322272566E+02    0.6763322661E+01
    0.5611450524E+02    0.4721489231E+02    0.8899612929E+01
    0.2267877177E+02    0.2581707515E+02   -0.3138303382E+01
    0.2337586858E+02    0.2384026214E+02   -0.4643935645E+00
    0.8630026423E+02    0.9722546331E+02   -0.1092519908E+02
    0.6377679169E+02    0.6480207857E+02   -0.1025286875E+01
    0.1166603165E+03    0.1123403044E+03    0.4320012066E+01
    0.3852234119E+02    0.3680243200E+02    0.1719909185E+01
    0.4197241641E+02    0.3827432395E+02    0.3698092466E+01
    0.5677301169E+02    0.6585049608E+02   -0.9077484382E+01
    0.6979480419E+02    0.7639320823E+02   -0.6598404042E+01
    0.4500912398E+02    0.3479114407E+02    0.1021797991E+02
    0.5967295456E+02    0.4326090469E+02    0.1641204987E+02
    0.5965694308E+02    0.6879541564E+02   -0.9138472566E+01
    0.1053096570E+03    0.1101774117E+03   -0.4867754747E+01
    0.1262177758E+03    0.1258203223E+03    0.3974535466E+00
    0.2450184071E+02    0.2204295161E+02    0.2458889102E+01
    0.3504358803E+02    0.5200912286E+02   -0.1696553484E+02
    0.6904760257E+02    0.7467850553E+02   -0.5630902962E+01
    0.1104302259E+03    0.1187675301E+03   -0.8337304159E+01
    0.1360948904E+03    0.1412068413E+03   -0.5111950876E+01
    0.7558678816E+02    0.7679538284E+02   -0.1208594680E+01
    0.3917125463E+02    0.4076511372E+02   -0.1593859088E+01
    0.6493284567E+02    0.7666722624E+02   -0.1173438057E+02
    0.6029149555E+02    0.6123061438E+02   -0.9391188323E+00
    0.2911030054E+02    0.4768873992E+02   -0.1857843937E+02
    0.6056238656E+02    0.5986826903E+02    0.6941175241E+00
    0.9610191643E+02    0.9338618511E+02    0.2715731318E+01
    0.1371480612E+03    0.1492371994E+03   -0.1208913825E+02
    0.1362592133E+03    0.1420001209E+03   -0.5740907692E+01
    0.1344648149E+03    0.1383781420E+03   -0.3913327085E+01
    0.1271803418E+03    0.1274984204E+03   -0.3180785747E+00
    0.2456282289E+02    0.2902351907E+02   -0.4460696180E+01
    0.2578843305E+02    0.2514302617E+02    0.6454068801E+00
    0.4446999058E+02    0.4149609823E+02    0.2973892350E+01
    0.2705301994E+02    0.2984691949E+02   -0.2793899554E+01
    0.6152011377E+02    0.6424536948E+02   -0.2725255714E+01
    0.8754089957E+02    0.9037570762E+02   -0.2834808053E+01
    0.1287812479E+03    0.1198327682E+03    0.8948479675E+01
    0.5781486579E+02    0.5481073538E+02    0.3004130411E+01
    0.9817976135E+02    0.8825690677E+02    0.9922854580E+01
    0.6345732320E+02    0.6641576958E+02   -0.2958446384E+01
    0.5656963783E+02    0.6677772868E+02   -0.1020809085E+02
    0.5481318806E+02    0.5483860716E+02   -0.2541909386E-01
    0.5341138887E+02    0.4732631732E+02    0.6085071550E+01
    0.4292238571E+02    0.4481247213E+02   -0.1890086416E+01
    0.9355975646E+02    0.8579065724E+02    0.7769099218E+01
    0.9368174085E+02    0.8200945281E+02    0.1167228804E+02
    0.9672791808E+02    0.9661025377E+02    0.1176643043E+00
    0.4286544992E+02    0.3607765657E+02    0.6787793351E+01
    0.6733571392E+02    0.6224626273E+02    0.5089451188E+01
    0.5615313588E+02    0.4864014978E+02    0.7512986099E+01
    0.2253675731E+02    0.3007377558E+02   -0.7537018266E+01
    0.2880918270E+02    0.4251210778E+02   -0.1370292507E+02
    0.1359182557E+03    0.1368162048E+03   -0.8979490972E+00
    0.5059350036E+02    0.5204295943E+02   -0.1449459076E+01
    0.1119034582E+03    0.1025915803E+03    0.9311877944E+01
    0.7208525840E+02    0.7749683697E+02   -0.5411578562E+01
    0.9754851806E+02    0.1002382489E+03   -0.2689730869E+01
    0.1166313876E+03    0.1090721244E+03    0.7559263202E+01
    0.9558693600E+02    0.8453272890E+02    0.1105420710E+02
    0.9586478718E+02    0.8880191274E+02    0.7062874445E+01
    0.5877006947E+02    0.6832158494E+02   -0.9551515471E+01
    0.6447432788E+02    0.7949497570E+02   -0.1502064782E+02
    0.9094232811E+02    0.8289116129E+02    0.8051166816E+01
    0.1039844407E+03    0.1012447771E+03    0.2739663585E+01
    0.1228725759E+03    0.1143910555E+03    0.8481520345E+01
    0.5277935237E+02    0.4514262435E+02    0.7636728016E+01
    0.5348496578E+02    0.5084899890E+02    0.2635966877E+01
    0.2419926750E+02    0.2866970379E+02   -0.4470436288E+01
    0.2604492204E+02    0.2418771567E+02    0.1857206376E+01
    0.8402862800E+02    0.8493204915E+02   -0.9034211431E+00
    0.6988379938E+02    0.8328175408E+02   -0.1339795470E+02
