	 Y 	 Y_pred 	 diff
    0.6496802097E+02    0.6887084416E+02   -0.3902823193E+01
    0.3499053213E+02    0.2926923084E+02    0.5721301291E+01
    0.4146923460E+02    0.4748187027E+02   -0.6012635680E+01
    0.9929422704E+02    0.1062468424E+03   -0.6952615351E+01
    0.2584017448E+02    0.3242441756E+02   -0.6584243076E+01
    0.6067555305E+02    0.6206334736E+02   -0.1387794308E+01
    0.9342154533E+02    0.9775101753E+02   -0.4329472194E+01
    0.1367350903E+03    0.1406316074E+03   -0.3896517105E+01
    0.1317766937E+03    0.1345534847E+03   -0.2776790950E+01
    0.3359039622E+02    0.3391636997E+02   -0.3259737448E+00
    0.5781327978E+02    0.5259562777E+02    0.5217652006E+01
    0.2308806005E+02    0.2407026010E+02   -0.9822000542E+00
    0.3957606325E+02    0.3984344500E+02   -0.2673817442E+00
    0.1236164255E+03    0.1173726509E+03    0.6243774515E+01
    0.4437180400E+02    0.5099953333E+02   -0.6627729336E+01
    0.1047380597E+03    0.1079794093E+03   -0.3241349584E+01
    0.1352458823E+03    0.1340225208E+03    0.1223361530E+01
    0.4077056391E+02    0.3673409930E+02    0.4036464614E+01
    0.1322564577E+03    0.1264509977E+03    0.5805460003E+01
    0.9788397509E+02    0.9877004723E+02   -0.8860721393E+00
    0.6830351287E+02    0.6963136741E+02   -0.1327854538E+01
    0.4815536762E+02    0.3954749259E+02    0.8607875037E+01
    0.4958492797E+02    0.5194842860E+02   -0.2363500632E+01
    0.9637614321E+02    0.9800509547E+02   -0.1628952267E+01
    0.9738927426E+02    0.1019254927E+03   -0.4536218486E+01
    0.4914067848E+02    0.5168221247E+02   -0.2541533995E+01
    0.4129513778E+02    0.3536328142E+02    0.5931856366E+01
    0.5965727763E+02    0.5572007577E+02    0.3937201859E+01
    0.2919065394E+02    0.2511507554E+02    0.4075578398E+01
    0.5034060812E+02    0.4898230509E+02    0.1358303029E+01
    0.4661720364E+02    0.4702541015E+02   -0.4082065153E+00
    0.6092121335E+02    0.6734212599E+02   -0.6420912643E+01
    0.1282697765E+03    0.1192250985E+03    0.9044677973E+01
    0.7595481374E+02    0.8204283546E+02   -0.6088021726E+01
    0.5573694755E+02    0.5965764869E+02   -0.3920701140E+01
    0.1218090654E+03    0.1174105283E+03    0.4398537017E+01
    0.6380085368E+02    0.7787708730E+02   -0.1407623362E+02
    0.6014871550E+02    0.5790557832E+02    0.2243137187E+01
    0.6671768541E+02    0.5881717654E+02    0.7900508866E+01
    0.7983276551E+02    0.6905317083E+02    0.1077959468E+02
    0.1025991163E+03    0.1076922631E+03   -0.5093146810E+01
    0.4572791662E+02    0.4186986773E+02    0.3858048892E+01
    0.8475483777E+02    0.7768921323E+02    0.7065624546E+01
    0.1366336255E+03    0.1468803009E+03   -0.1024667537E+02
    0.1287616307E+03    0.1341000761E+03   -0.5338445435E+01
    0.2326547267E+02    0.3214670206E+02   -0.8881229391E+01
    0.3452159350E+02    0.3815130967E+02   -0.3629716178E+01
    0.3332059993E+02    0.3460118527E+02   -0.1280585338E+01
    0.1047424560E+03    0.1094722637E+03   -0.4729807721E+01
    0.6693454681E+02    0.5080877422E+02    0.1612577259E+02
    0.1322700957E+03    0.1236919273E+03    0.8578168426E+01
    0.4895849377E+02    0.4722056724E+02    0.1737926525E+01
    0.6554370379E+02    0.6538015764E+02    0.1635461468E+00
    0.5888624772E+02    0.6905695629E+02   -0.1017070857E+02
    0.6068008934E+02    0.5870627768E+02    0.1973811666E+01
    0.6555221939E+02    0.5931066183E+02    0.6241557564E+01
    0.4434460389E+02    0.4120607940E+02    0.3138524492E+01
    0.1256431161E+03    0.1147571471E+03    0.1088596900E+02
    0.1038482190E+03    0.9949415866E+02    0.4354060335E+01
    0.2632643497E+02    0.3449364806E+02   -0.8167213087E+01
    0.8885745041E+02    0.8149303768E+02    0.7364412727E+01
    0.5640091467E+02    0.7138588192E+02   -0.1498496725E+02
    0.4875284720E+02    0.5609706694E+02   -0.7344219735E+01
    0.1134858481E+03    0.1124647165E+03    0.1021131528E+01
    0.9652639442E+02    0.1009532118E+03   -0.4426817432E+01
    0.3130959377E+02    0.3366907818E+02   -0.2359484406E+01
    0.4308292970E+02    0.4505206243E+02   -0.1969132727E+01
    0.1165991300E+03    0.1141721728E+03    0.2426957252E+01
    0.9969179946E+02    0.9559392231E+02    0.4097877148E+01
    0.5114042588E+02    0.5405975892E+02   -0.2919333046E+01
    0.4667560663E+02    0.5759849427E+02   -0.1092288764E+02
    0.6882396517E+02    0.5928020452E+02    0.9543760645E+01
    0.1314904999E+03    0.1318566693E+03   -0.3661694397E+00
    0.1112114300E+03    0.1061606599E+03    0.5050770094E+01
    0.9311991210E+02    0.8525485023E+02    0.7865061870E+01
    0.1252984708E+03    0.1267956353E+03   -0.1497164502E+01
    0.2683497468E+02    0.3568999444E+02   -0.8855019760E+01
    0.3183535065E+02    0.3818744243E+02   -0.6352091782E+01
    0.4507237259E+02    0.4342202632E+02    0.1650346267E+01
    0.2533836578E+02    0.3320071193E+02   -0.7862346146E+01
    0.2299003363E+02    0.2777469860E+02   -0.4784664966E+01
    0.5835275562E+02    0.5684698490E+02    0.1505770727E+01
    0.4256436714E+02    0.4556890176E+02   -0.3004534625E+01
    0.1020479867E+03    0.9612134378E+02    0.5926642909E+01
    0.6809255274E+02    0.6034951897E+02    0.7743033768E+01
    0.4348442747E+02    0.4873178991E+02   -0.5247362433E+01
    0.1156620276E+03    0.1118722556E+03    0.3789772029E+01
    0.4295367200E+02    0.3405481498E+02    0.8898857023E+01
    0.4050309916E+02    0.3570576638E+02    0.4797332780E+01
    0.1066234624E+03    0.9654553773E+02    0.1007792463E+02
    0.4232796680E+02    0.3169932173E+02    0.1062864507E+02
    0.1048738256E+03    0.9880625807E+02    0.6067567481E+01
    0.3601177755E+02    0.2632004902E+02    0.9691728533E+01
    0.1281946021E+03    0.1153771347E+03    0.1281746744E+02
    0.1165733788E+03    0.1123014622E+03    0.4271916518E+01
    0.1331123282E+03    0.1271062408E+03    0.6006087343E+01
    0.7910835546E+02    0.8288107144E+02   -0.3772715984E+01
    0.4998604832E+02    0.4177308565E+02    0.8212962676E+01
    0.5611450524E+02    0.4834752133E+02    0.7766983912E+01
    0.2267877177E+02    0.2321419753E+02   -0.5354257588E+00
    0.2337586858E+02    0.2269179129E+02    0.6840772830E+00
    0.8630026423E+02    0.9075820428E+02   -0.4457940047E+01
    0.6377679169E+02    0.6562627552E+02   -0.1849483822E+01
    0.1166603165E+03    0.1094347934E+03    0.7225523050E+01
    0.3852234119E+02    0.3600416798E+02    0.2518173202E+01
    0.4197241641E+02    0.3668920803E+02    0.5283208386E+01
    0.5677301169E+02    0.6060797716E+02   -0.3834965467E+01
    0.6979480419E+02    0.7410309871E+02   -0.4308294522E+01
    0.4500912398E+02    0.3784310632E+02    0.7166017658E+01
    0.5967295456E+02    0.4855070369E+02    0.1112225087E+02
    0.5965694308E+02    0.6861866109E+02   -0.8961718016E+01
    0.1053096570E+03    0.1143088400E+03   -0.8999183003E+01
    0.1262177758E+03    0.1286362104E+03   -0.2418434537E+01
    0.2450184071E+02    0.2261602765E+02    0.1885813062E+01
    0.3504358803E+02    0.4531295807E+02   -0.1026937004E+02
    0.6904760257E+02    0.7076256041E+02   -0.1714957846E+01
    0.1104302259E+03    0.1120308955E+03   -0.1600669529E+01
    0.1360948904E+03    0.1350895668E+03    0.1005323664E+01
    0.7558678816E+02    0.8206594420E+02   -0.6479156036E+01
    0.3917125463E+02    0.3799367678E+02    0.1177577850E+01
    0.6493284567E+02    0.7568883941E+02   -0.1075599374E+02
    0.6029149555E+02    0.6176643765E+02   -0.1474942104E+01
    0.2911030054E+02    0.3829031522E+02   -0.9180014680E+01
    0.6056238656E+02    0.5545747524E+02    0.5104911320E+01
    0.9610191643E+02    0.9820244808E+02   -0.2100531650E+01
    0.1371480612E+03    0.1505878730E+03   -0.1343981181E+02
    0.1362592133E+03    0.1442494211E+03   -0.7990207834E+01
    0.1344648149E+03    0.1410510832E+03   -0.6586268285E+01
    0.1271803418E+03    0.1313460833E+03   -0.4165741443E+01
    0.2456282289E+02    0.3124684249E+02   -0.6684019607E+01
    0.2578843305E+02    0.2857866223E+02   -0.2790229184E+01
    0.4446999058E+02    0.4556289231E+02   -0.1092901732E+01
    0.2705301994E+02    0.3290674538E+02   -0.5853725446E+01
    0.6152011377E+02    0.6785989466E+02   -0.6339780892E+01
    0.8754089957E+02    0.9587059764E+02   -0.8329698076E+01
    0.1287812479E+03    0.1227804379E+03    0.6000810056E+01
    0.5781486579E+02    0.5902145586E+02   -0.1206590063E+01
    0.9817976135E+02    0.9143665655E+02    0.6743104790E+01
    0.6345732320E+02    0.7015156207E+02   -0.6694238866E+01
    0.5656963783E+02    0.6524976391E+02   -0.8680126077E+01
    0.5481318806E+02    0.5562114244E+02   -0.8079543782E+00
    0.5341138887E+02    0.5255839962E+02    0.8529892563E+00
    0.4292238571E+02    0.3994495754E+02    0.2977428169E+01
    0.9355975646E+02    0.9377872383E+02   -0.2189673705E+00
    0.9368174085E+02    0.8961973256E+02    0.4062008294E+01
    0.9672791808E+02    0.9825063309E+02   -0.1522715012E+01
    0.4286544992E+02    0.3686909053E+02    0.5996359398E+01
    0.6733571392E+02    0.6754731991E+02   -0.2116059973E+00
    0.5615313588E+02    0.5352408212E+02    0.2629053764E+01
    0.2253675731E+02    0.3190648745E+02   -0.9369730137E+01
    0.2880918270E+02    0.1935122617E+02    0.9457956534E+01
    0.1359182557E+03    0.1348409798E+03    0.1077275895E+01
    0.5059350036E+02    0.5316795257E+02   -0.2574452212E+01
    0.1119034582E+03    0.1023159582E+03    0.9587500027E+01
    0.7208525840E+02    0.7279005973E+02   -0.7048013309E+00
    0.9754851806E+02    0.9757447440E+02   -0.2595633613E-01
    0.1166313876E+03    0.1136042493E+03    0.3027138330E+01
    0.9558693600E+02    0.8693422743E+02    0.8652708578E+01
    0.9586478718E+02    0.9212263261E+02    0.3742154577E+01
    0.5877006947E+02    0.6639290726E+02   -0.7622837798E+01
    0.6447432788E+02    0.7747016544E+02   -0.1299583756E+02
    0.9094232811E+02    0.8761219804E+02    0.3330130066E+01
    0.1039844407E+03    0.1086416548E+03   -0.4657214114E+01
    0.1228725759E+03    0.1230945686E+03   -0.2219927191E+00
    0.5277935237E+02    0.4416887460E+02    0.8610477772E+01
    0.5348496578E+02    0.5077642143E+02    0.2708544349E+01
    0.2419926750E+02    0.3242276846E+02   -0.8223500958E+01
    0.2604492204E+02    0.2930699889E+02   -0.3262076850E+01
    0.8402862800E+02    0.7808734988E+02    0.5941278125E+01
    0.6988379938E+02    0.7626776541E+02   -0.6383966032E+01
