     Index       y_measurement           y_fitting        descriptor_1        descriptor_2
         1    0.4311771491E+00    0.4015011623E+00    0.2353836848E-02    0.6981284737E+01
         2    0.2780862305E+00    0.2691331092E+00    0.2776342656E-02    0.1220940378E+02
         3    0.2863966357E+00    0.2860041959E+00    0.2963224183E-02    0.8948822975E+01
         4    0.4041564535E+00    0.3639412540E+00    0.2544681672E-02    0.7700118678E+01
         5    0.4080844591E+00    0.3613250316E+00    0.2499879069E-02    0.8376252235E+01
         6    0.2714353627E+00    0.2688821571E+00    0.2766797646E-02    0.1233080840E+02
         7    0.2872237083E+00    0.2853779971E+00    0.2954057069E-02    0.9093883728E+01
         8    0.2527832565E+00    0.2260049662E+00    0.2940341033E-02    0.1362900476E+02
         9    0.2511563255E+00    0.2416280041E+00    0.3088064184E-02    0.1088263328E+02
        10    0.2186514932E+00    0.2353623956E+00    0.2981381201E-02    0.1249528182E+02
        11    0.2151500840E+00    0.1838493527E+00    0.3062698064E-02    0.1542548507E+02
        12    0.2188755888E+00    0.1940219041E+00    0.3150857089E-02    0.1372375825E+02
        13    0.4440869345E+00    0.4310575841E+00    0.2103940809E-02    0.7490219549E+01
        14    0.4565628182E+00    0.4393446456E+00    0.2265224730E-02    0.5139796659E+01
        15    0.2267002756E+00    0.1814723552E+00    0.3128939566E-02    0.1488728661E+02
        16    0.2092739035E+00    0.1941509266E+00    0.3216129066E-02    0.1301082789E+02
        17    0.4412176146E+00    0.3896122367E+00    0.2243708407E-02    0.9046592359E+01
        18    0.4373163477E+00    0.4038816290E+00    0.2471282202E-02    0.5539745405E+01
        19    0.4371113264E+00    0.4161598983E+00    0.2315627736E-02    0.6309848217E+01
        20    0.2680617680E+00    0.3025956504E+00    0.2683239594E-02    0.1074003727E+02
        21    0.2364462509E+00    0.1957416637E+00    0.3108705069E-02    0.1405092497E+02
        22    0.2877592344E+00    0.3063375718E+00    0.2873839283E-02    0.8409554845E+01
        23    0.3052002036E+00    0.3048932411E+00    0.2712334467E-02    0.1025672133E+02
        24    0.3162345360E+00    0.3083653522E+00    0.2901764505E-02    0.7958780890E+01
        25    0.3810698261E+00    0.3881157854E+00    0.2477267314E-02    0.6640248984E+01
        26    0.3893930302E+00    0.3885441528E+00    0.2431614007E-02    0.7100573095E+01
        27    0.2746515510E+00    0.3165307280E+00    0.2650696110E-02    0.1006101975E+02
        28    0.2119213688E+00    0.2177343732E+00    0.3055398249E-02    0.1300025050E+02
        29    0.2796253592E+00    0.3160763548E+00    0.2842612470E-02    0.8026429418E+01
        30    0.2320546000E+00    0.2816169811E+00    0.2792192781E-02    0.1111611321E+02
        31    0.2307039824E+00    0.2173930649E+00    0.3039323616E-02    0.1319869768E+02
        32    0.2694453323E+00    0.2816594680E+00    0.2944085249E-02    0.9476121007E+01
        33    0.3046928854E+00    0.3174045601E+00    0.2861373814E-02    0.7726103413E+01
        34    0.2681246117E+00    0.2838193752E+00    0.2826753949E-02    0.1058092479E+02
        35    0.2821058033E+00    0.2836015691E+00    0.2977663512E-02    0.8970758860E+01
        36    0.3155324828E+00    0.3180482732E+00    0.2753522610E-02    0.8840783639E+01
        37    0.3001533759E+00    0.2936654937E+00    0.2776132714E-02    0.1039886980E+02
        38    0.2820478834E+00    0.2700875345E+00    0.2859924353E-02    0.1123816839E+02
        39    0.3337535518E+00    0.2893813646E+00    0.2868610742E-02    0.9718861883E+01
        40    0.3033097908E+00    0.2943072667E+00    0.2790096440E-02    0.1020096804E+02
        41    0.3195628020E+00    0.2899269514E+00    0.2882359227E-02    0.9530387232E+01
        42    0.4433412280E+00    0.4399078941E+00    0.2087291120E-02    0.7015658168E+01
        43    0.4489842999E+00    0.4442516412E+00    0.2249506758E-02    0.4946582065E+01
        44    0.2294035237E+00    0.2086827834E+00    0.3004685727E-02    0.1421560680E+02
        45    0.2315906063E+00    0.2144202264E+00    0.3093702619E-02    0.1283236324E+02
        46    0.4269733901E+00    0.4009111060E+00    0.2218048640E-02    0.8488193230E+01
        47    0.2011678056E+00    0.1698642483E+00    0.3208840657E-02    0.1488401082E+02
        48    0.4469048804E+00    0.4088767201E+00    0.2447399752E-02    0.5428004691E+01
        49    0.2339656649E+00    0.2093783071E+00    0.3084860659E-02    0.1330021532E+02
        50    0.2431243250E+00    0.2164592262E+00    0.3172694122E-02    0.1183045001E+02
        51    0.4234910986E+00    0.4018111947E+00    0.2223988513E-02    0.8357671662E+01
        52    0.4522062284E+00    0.4094930606E+00    0.2452927014E-02    0.5322896883E+01
        53    0.4210826770E+00    0.4031056679E+00    0.2365210704E-02    0.6740152255E+01
        54    0.3691071406E+00    0.3662487599E+00    0.2564662682E-02    0.7314284620E+01
        55    0.3793562733E+00    0.3636897802E+00    0.2520109143E-02    0.7983504278E+01
        56    0.2843223449E+00    0.2372218279E+00    0.3047853118E-02    0.1164155351E+02
        57    0.4463194501E+00    0.4319257006E+00    0.2108916530E-02    0.7372450619E+01
        58    0.4555457409E+00    0.4399923149E+00    0.2269923021E-02    0.5041307148E+01
        59    0.1426577999E+00    0.1761720123E+00    0.3075229793E-02    0.1585774776E+02
        60    0.1532933446E+00    0.2095753909E+00    0.2966048592E-02    0.1456601733E+02
        61    0.2458956862E+00    0.2433220370E+00    0.2844454618E-02    0.1338268639E+02
        62    0.3168200734E+00    0.2769339901E+00    0.2714609188E-02    0.1229822937E+02
        63    0.3606096115E+00    0.3100393844E+00    0.2579863468E-02    0.1130401146E+02
        64    0.3855424304E+00    0.3423533934E+00    0.2442897479E-02    0.1039219867E+02
        65    0.3978840001E+00    0.3736624372E+00    0.2305835822E-02    0.9555677755E+01
        66    0.3956483535E+00    0.3888895636E+00    0.2237805257E-02    0.9163608234E+01
        67    0.3933726165E+00    0.4038110824E+00    0.2170344118E-02    0.8787984925E+01
        68    0.3988790197E+00    0.4326911732E+00    0.2037709442E-02    0.8083242216E+01
        69    0.2907721873E+00    0.3045645151E+00    0.2734540800E-02    0.1004170808E+02
        70    0.2766077859E+00    0.3147746856E+00    0.2702047768E-02    0.9637395216E+01
        71    0.2778108002E+00    0.3212552970E+00    0.2675316716E-02    0.9446581094E+01
        72    0.2595940232E+00    0.3284789239E+00    0.2642804824E-02    0.9263159163E+01
        73    0.2860637736E+00    0.3447089606E+00    0.2563538886E-02    0.8918057349E+01
        74    0.3369956056E+00    0.3626797836E+00    0.2469701233E-02    0.8601352344E+01
        75    0.3829514472E+00    0.3817561541E+00    0.2365695014E-02    0.8312534441E+01
        76    0.3834132326E+00    0.4014250163E+00    0.2255061472E-02    0.8051353575E+01
        77    0.3842960836E+00    0.4113489951E+00    0.2198168621E-02    0.7931130554E+01
        78    0.4002315923E+00    0.4409651833E+00    0.2024658227E-02    0.7612487385E+01
        79    0.2160994330E+00    0.2082758661E+00    0.3042846552E-02    0.1383443957E+02
        80    0.2259092688E+00    0.2261356780E+00    0.2973943187E-02    0.1325723598E+02
        81    0.2378831299E+00    0.2437960198E+00    0.2903394561E-02    0.1271250201E+02
        82    0.3009395713E+00    0.3119729652E+00    0.2612341292E-02    0.1081113767E+02
        83    0.3605672677E+00    0.3443259201E+00    0.2465747379E-02    0.1000020129E+02
        84    0.3718718209E+00    0.3753814081E+00    0.2320919088E-02    0.9266112920E+01
        85    0.3835882870E+00    0.4050737314E+00    0.2179200940E-02    0.8599238138E+01
        86    0.3997269348E+00    0.4333633878E+00    0.2041612712E-02    0.7991506417E+01
        87    0.4484240400E+00    0.4729737435E+00    0.2107313467E-02    0.4356521141E+01
        88    0.4533916717E+00    0.4732226530E+00    0.2086036493E-02    0.4567417214E+01
        89    0.4592785290E+00    0.4732213009E+00    0.2064575301E-02    0.4798791328E+01
        90    0.4595310313E+00    0.4729234008E+00    0.2042926673E-02    0.5054098453E+01
        91    0.4527502248E+00    0.4711918163E+00    0.1999053808E-02    0.5654843345E+01
        92    0.4509489184E+00    0.4695917210E+00    0.1976822698E-02    0.6012651951E+01
        93    0.4502571878E+00    0.4685597493E+00    0.1965631924E-02    0.6209504643E+01
        94    0.4487305421E+00    0.4673491715E+00    0.1954390398E-02    0.6420102176E+01
        95    0.4477070965E+00    0.4643025761E+00    0.1931753235E-02    0.6889174275E+01
        96    0.1422823761E+00    0.1664353793E+00    0.3124615223E-02    0.1604502995E+02
        97    0.1702090010E+00    0.1865164800E+00    0.3082104375E-02    0.1501927032E+02
        98    0.2246052236E+00    0.2045520487E+00    0.3039323616E-02    0.1414757193E+02
        99    0.2431527848E+00    0.2209704312E+00    0.2996269495E-02    0.1339831977E+02
       100    0.2672206022E+00    0.2360902818E+00    0.2952938497E-02    0.1274800509E+02
       101    0.2793822363E+00    0.2501536037E+00    0.2909327037E-02    0.1217878392E+02
       102    0.2945343546E+00    0.2633475267E+00    0.2865431462E-02    0.1167686787E+02
       103    0.2956445844E+00    0.2696656681E+00    0.2843375969E-02    0.1144767365E+02
       104    0.3104478013E+00    0.2876853297E+00    0.2776772985E-02    0.1083386832E+02
       105    0.1609983312E+00    0.1428104323E+00    0.3179481365E-02    0.1719951313E+02
       106    0.1464057447E+00    0.1419159456E+00    0.3192079586E-02    0.1712984699E+02
       107    0.1354515406E+00    0.1414743395E+00    0.3198369875E-02    0.1709469242E+02
       108    0.1321953933E+00    0.1410367069E+00    0.3204654297E-02    0.1705930746E+02
       109    0.1444167407E+00    0.1401740705E+00    0.3217205583E-02    0.1698779356E+02
       110    0.1333490388E+00    0.1385049609E+00    0.3242238232E-02    0.1684136915E+02
       111    0.1509255145E+00    0.1377022399E+00    0.3254719768E-02    0.1676617951E+02
       112    0.1360308813E+00    0.1373097944E+00    0.3260951876E-02    0.1672801925E+02
       113    0.1320689701E+00    0.1369237109E+00    0.3267178225E-02    0.1668945094E+02
       114    0.1415712356E+00    0.1361720324E+00    0.3279613689E-02    0.1661098605E+02
       115    0.2966245313E+00    0.2880248242E+00    0.2790146354E-02    0.1066466505E+02
       116    0.2769316302E+00    0.2765454551E+00    0.2847792847E-02    0.1089170056E+02
       117    0.2639498902E+00    0.2705948364E+00    0.2876432194E-02    0.1102278686E+02
       118    0.2484917914E+00    0.2644791650E+00    0.2904950326E-02    0.1116737583E+02
       119    0.2399862202E+00    0.2516608767E+00    0.2961627018E-02    0.1150380041E+02
       120    0.1909003345E+00    0.2227731669E+00    0.3073569926E-02    0.1243208870E+02
       121    0.1864659655E+00    0.2059244973E+00    0.3128851594E-02    0.1308136767E+02
       122    0.1513056224E+00    0.1966362627E+00    0.3156323267E-02    0.1347166712E+02
       123    0.1346825959E+00    0.1866207490E+00    0.3183683390E-02    0.1391691025E+02
       124    0.1458560428E+00    0.1637535938E+00    0.3238072577E-02    0.1502053701E+02
       125    0.1545919717E+00    0.1845120610E+00    0.3148420906E-02    0.1445273200E+02
       126    0.1781381791E+00    0.2224081540E+00    0.3093457590E-02    0.1224474372E+02
       127    0.2098434920E+00    0.2405894036E+00    0.3055187177E-02    0.1131367513E+02
       128    0.2335975515E+00    0.2583555493E+00    0.3011041621E-02    0.1047659307E+02
       129    0.2777107383E+00    0.2928006644E+00    0.2908483627E-02    0.9036510284E+01
       130    0.3556845611E+00    0.3259323416E+00    0.2791660675E-02    0.7847207460E+01
       131    0.4029868256E+00    0.3578100624E+00    0.2665280933E-02    0.6853552217E+01
       132    0.3891821346E+00    0.3884326788E+00    0.2533098303E-02    0.6015175872E+01
       133    0.4103677372E+00    0.4032658907E+00    0.2465786751E-02    0.5644465912E+01
       134    0.4480318505E+00    0.4177754253E+00    0.2398087144E-02    0.5301855595E+01
       135    0.4593358219E+00    0.4458095285E+00    0.2262584980E-02    0.4690527483E+01
       136    0.3179402455E+00    0.2999760300E+00    0.2811911718E-02    0.9546990383E+01
       137    0.3102337429E+00    0.3079687688E+00    0.2835627283E-02    0.8700806615E+01
       138    0.3068125379E+00    0.3140371902E+00    0.2830580065E-02    0.8306777383E+01
       139    0.3029599096E+00    0.3212294601E+00    0.2816141474E-02    0.7930907587E+01
       140    0.3140799395E+00    0.3383352080E+00    0.2763863557E-02    0.7230262476E+01
       141    0.3409530845E+00    0.3581558014E+00    0.2687133968E-02    0.6592507318E+01
       142    0.3660323783E+00    0.3797955821E+00    0.2592629015E-02    0.6011879385E+01
       143    0.3946178759E+00    0.4025474331E+00    0.2485681844E-02    0.5483158317E+01
       144    0.4491178787E+00    0.4258561239E+00    0.2370538685E-02    0.5001613296E+01
       145    0.4517514088E+00    0.4492889502E+00    0.2250564579E-02    0.4562955582E+01
       146    0.1592238765E+00    0.1837233259E+00    0.3245855450E-02    0.1346102203E+02
       147    0.2102269710E+00    0.2245722719E+00    0.3168514046E-02    0.1127599062E+02
       148    0.2338955183E+00    0.2614524778E+00    0.3068057999E-02    0.9633317787E+01
       149    0.2688141384E+00    0.2959086719E+00    0.2950981827E-02    0.8348869891E+01
       150    0.3126505444E+00    0.3286426542E+00    0.2822504379E-02    0.7314547754E+01
       151    0.3424241728E+00    0.3599628115E+00    0.2686801055E-02    0.6462567690E+01
       152    0.4122722955E+00    0.4045325234E+00    0.2476768180E-02    0.5432529159E+01
       153    0.4440677561E+00    0.4187608324E+00    0.2406303037E-02    0.5140502224E+01
