	 Y 	 Y_pred 	 diff
    0.1713224000E+03    0.1698984482E+03    0.1423951764E+01
    0.1536179667E+03    0.1439879823E+03    0.9629984343E+01
    0.1424446000E+03    0.1463952578E+03   -0.3950657844E+01
    0.1603847333E+03    0.1613872806E+03   -0.1002547238E+01
    0.1440166667E+03    0.1371201949E+03    0.6896471769E+01
    0.1457263333E+03    0.1447362013E+03    0.9901320248E+00
    0.1516397333E+03    0.1532958881E+03   -0.1656154813E+01
    0.1912783000E+03    0.1925969330E+03   -0.1318633023E+01
    0.1784214667E+03    0.1822295122E+03   -0.3808045513E+01
    0.1525362667E+03    0.1456234671E+03    0.6912799523E+01
    0.1535181333E+03    0.1558124480E+03   -0.2294314627E+01
    0.1360778667E+03    0.1429747407E+03   -0.6896874022E+01
    0.1459988000E+03    0.1533638388E+03   -0.7365038819E+01
    0.1901772333E+03    0.1901356353E+03    0.4159805879E-01
    0.1553749667E+03    0.1500472362E+03    0.5327730451E+01
    0.1828245667E+03    0.1798637239E+03    0.2960842813E+01
    0.1935337333E+03    0.1933232601E+03    0.2104732607E+00
    0.1592324667E+03    0.1608380555E+03   -0.1605588816E+01
    0.2009755333E+03    0.1961584964E+03    0.4817036898E+01
    0.1928013333E+03    0.1870179434E+03    0.5783389894E+01
    0.1717847667E+03    0.1784704860E+03   -0.6685719378E+01
    0.1675417667E+03    0.1636348325E+03    0.3906934174E+01
    0.1425005000E+03    0.1454791504E+03   -0.2978650377E+01
    0.1592605667E+03    0.1626806345E+03   -0.3420067880E+01
    0.1604323000E+03    0.1614931130E+03   -0.1060812961E+01
    0.1470341667E+03    0.1427374801E+03    0.4296686533E+01
    0.1473256667E+03    0.1471890816E+03    0.1365850737E+00
    0.1558496000E+03    0.1522063190E+03    0.3643280979E+01
    0.1418090000E+03    0.1435315774E+03   -0.1722577399E+01
    0.1540433667E+03    0.1515962813E+03    0.2447085388E+01
    0.1521711000E+03    0.1512713900E+03    0.8997099837E+00
    0.1556473000E+03    0.1646091124E+03   -0.8961812444E+01
    0.1856998000E+03    0.1877835689E+03   -0.2083768918E+01
    0.1834372667E+03    0.1789551647E+03    0.4482101999E+01
    0.1687353667E+03    0.1665208954E+03    0.2214471235E+01
    0.1991815333E+03    0.2022032035E+03   -0.3021670138E+01
    0.1860203333E+03    0.1835391750E+03    0.2481158382E+01
    0.1608787333E+03    0.1648907578E+03   -0.4012024439E+01
    0.1435520000E+03    0.1456199249E+03   -0.2067924870E+01
    0.1451082333E+03    0.1473802368E+03   -0.2272003515E+01
    0.1581912000E+03    0.1555569164E+03    0.2634283564E+01
    0.1460779667E+03    0.1467879976E+03   -0.7100309504E+00
    0.1445851667E+03    0.1513797555E+03   -0.6794588871E+01
    0.1944439000E+03    0.1953457329E+03   -0.9018328840E+00
    0.1746948000E+03    0.1781242510E+03   -0.3429451039E+01
    0.1434891667E+03    0.1429998166E+03    0.4893500167E+00
    0.1461454000E+03    0.1500093056E+03   -0.3863905649E+01
    0.1413109667E+03    0.1482970857E+03   -0.6986119062E+01
    0.1816082000E+03    0.1763695455E+03    0.5238654481E+01
    0.1684538333E+03    0.1745227755E+03   -0.6068942142E+01
    0.1907893333E+03    0.1904101822E+03    0.3791511471E+00
    0.1611783000E+03    0.1680305326E+03   -0.6852232637E+01
    0.1709626667E+03    0.1695969425E+03    0.1365724189E+01
    0.1737680667E+03    0.1686689769E+03    0.5099089722E+01
    0.1600181667E+03    0.1790710688E+03   -0.1905290213E+02
    0.1622793333E+03    0.1781351481E+03   -0.1585581473E+02
    0.1608522333E+03    0.1614532923E+03   -0.6010589325E+00
    0.1987726333E+03    0.1985624164E+03    0.2102169723E+00
    0.1769676000E+03    0.1705871487E+03    0.6380451261E+01
    0.1474437667E+03    0.1422885618E+03    0.5155204903E+01
    0.1438216667E+03    0.1487014097E+03   -0.4879743082E+01
    0.1665557000E+03    0.1642139684E+03    0.2341731613E+01
    0.1554750000E+03    0.1567909728E+03   -0.1315972824E+01
    0.1826803000E+03    0.1826691888E+03    0.1111116784E-01
    0.1851899000E+03    0.1865979516E+03   -0.1408051640E+01
    0.1488808333E+03    0.1444319948E+03    0.4448838563E+01
    0.1531141000E+03    0.1499092232E+03    0.3204876819E+01
    0.1844319000E+03    0.1849340220E+03   -0.5021219907E+00
    0.1790078333E+03    0.1933455645E+03   -0.1433773117E+02
    0.1691650000E+03    0.1664187016E+03    0.2746298428E+01
    0.1708858333E+03    0.1666414565E+03    0.4244376828E+01
    0.1612523333E+03    0.1737752630E+03   -0.1252292968E+02
    0.2034949000E+03    0.2010365486E+03    0.2458351435E+01
    0.1906729667E+03    0.1897323726E+03    0.9405940797E+00
    0.1582353333E+03    0.1629326949E+03   -0.4697361581E+01
    0.1691501333E+03    0.1722802547E+03   -0.3130121390E+01
    0.1472152667E+03    0.1466562692E+03    0.5589975153E+00
    0.1537301667E+03    0.1478913833E+03    0.5838783405E+01
    0.1476696000E+03    0.1503142282E+03   -0.2644628229E+01
    0.1408940000E+03    0.1446374883E+03   -0.3743488314E+01
    0.1382688000E+03    0.1422983505E+03   -0.4029550486E+01
    0.1592046333E+03    0.1564359032E+03    0.2768730170E+01
    0.1540077000E+03    0.1519870664E+03    0.2020633586E+01
    0.1694642000E+03    0.1706587087E+03   -0.1194508687E+01
    0.1747238667E+03    0.1750866711E+03   -0.3628043894E+00
    0.1712258333E+03    0.1742570596E+03   -0.3031226304E+01
    0.1832511000E+03    0.1745678316E+03    0.8683268445E+01
    0.1616570333E+03    0.1540140008E+03    0.7643032535E+01
    0.1669711667E+03    0.1584514529E+03    0.8519713781E+01
    0.1706844000E+03    0.1761789938E+03   -0.5494593820E+01
    0.1512805667E+03    0.1471728756E+03    0.4107691040E+01
    0.1759193333E+03    0.1784507455E+03   -0.2531412195E+01
    0.1560547000E+03    0.1459563307E+03    0.1009836935E+02
    0.1981880667E+03    0.2079139083E+03   -0.9725841610E+01
    0.1836433333E+03    0.1750420187E+03    0.8601314587E+01
    0.2026154000E+03    0.2005861163E+03    0.2029283682E+01
    0.1594275000E+03    0.1632426832E+03   -0.3815183243E+01
    0.1490033667E+03    0.1498252445E+03   -0.8218778707E+00
    0.1510296000E+03    0.1535642477E+03   -0.2534647712E+01
    0.1390718667E+03    0.1429227021E+03   -0.3850835465E+01
    0.1362171000E+03    0.1432522311E+03   -0.7035131086E+01
    0.1830096667E+03    0.1810516789E+03    0.1957987791E+01
    0.1804731333E+03    0.1805009849E+03   -0.2785161582E-01
    0.1909834333E+03    0.1875708809E+03    0.3412552452E+01
    0.1572136333E+03    0.1483157220E+03    0.8897911301E+01
    0.1549359333E+03    0.1483095778E+03    0.6626355556E+01
    0.1731041667E+03    0.1748133575E+03   -0.1709190819E+01
    0.1816521000E+03    0.1838805476E+03   -0.2228447555E+01
    0.1635587333E+03    0.1561989256E+03    0.7359807700E+01
    0.1703275667E+03    0.1664344210E+03    0.3893145641E+01
    0.1664457333E+03    0.1684599709E+03   -0.2014237563E+01
    0.1618017000E+03    0.1569998229E+03    0.4801877125E+01
    0.1702934000E+03    0.1699727784E+03    0.3206215639E+00
    0.1382624000E+03    0.1425524280E+03   -0.4290028027E+01
    0.1537537333E+03    0.1485604319E+03    0.5193301473E+01
    0.1779657000E+03    0.1765927384E+03    0.1372961607E+01
    0.1919865000E+03    0.1874922160E+03    0.4494284001E+01
    0.1969100333E+03    0.1946441869E+03    0.2265846442E+01
    0.1666397667E+03    0.1682870188E+03   -0.1647252149E+01
    0.1561954667E+03    0.1633668401E+03   -0.7171373431E+01
    0.1839162333E+03    0.1778102236E+03    0.6106009698E+01
    0.1734750667E+03    0.1745031754E+03   -0.1028108775E+01
    0.1444144000E+03    0.1412839402E+03    0.3130459796E+01
    0.1667517667E+03    0.1669748872E+03   -0.2231205780E+00
    0.1536641667E+03    0.1527005238E+03    0.9636428924E+00
    0.2001243000E+03    0.1973481847E+03    0.2776115295E+01
    0.1883374667E+03    0.1880187528E+03    0.3187138447E+00
    0.1835913333E+03    0.1834955193E+03    0.9581403643E-01
    0.1720329333E+03    0.1704987387E+03    0.1534194597E+01
    0.1396084667E+03    0.1435187509E+03   -0.3910284237E+01
    0.1358025333E+03    0.1424951122E+03   -0.6692578890E+01
    0.1486229333E+03    0.1528059611E+03   -0.4183027787E+01
    0.1411087000E+03    0.1463874856E+03   -0.5278785561E+01
    0.1637659667E+03    0.1643984337E+03   -0.6324670373E+00
    0.1724003000E+03    0.1749533207E+03   -0.2553020657E+01
    0.1854390333E+03    0.1856088983E+03   -0.1698649644E+00
    0.1689561667E+03    0.1675392448E+03    0.1416921849E+01
    0.1726537667E+03    0.1776284211E+03   -0.4974654483E+01
    0.1793259000E+03    0.1750688351E+03    0.4257064866E+01
    0.1730631333E+03    0.1698800014E+03    0.3183131927E+01
    0.1676957000E+03    0.1700127869E+03   -0.2317086934E+01
    0.1564298667E+03    0.1548872477E+03    0.1542618972E+01
    0.1582014333E+03    0.1643174729E+03   -0.6116039571E+01
    0.1916486333E+03    0.1832365880E+03    0.8412045379E+01
    0.1847231333E+03    0.1796659908E+03    0.5057142531E+01
    0.1539085667E+03    0.1539295463E+03   -0.2097966463E-01
    0.1453615000E+03    0.1438459962E+03    0.1515503762E+01
    0.1435833000E+03    0.1478099930E+03   -0.4226692979E+01
    0.1522688667E+03    0.1537919187E+03   -0.1523052019E+01
    0.1428621667E+03    0.1407254350E+03    0.2136731667E+01
    0.1512255333E+03    0.1461597954E+03    0.5065737895E+01
    0.1920459000E+03    0.1923503365E+03   -0.3044365238E+00
    0.1586468333E+03    0.1564761252E+03    0.2170708101E+01
    0.1859265000E+03    0.1839528210E+03    0.1973679016E+01
    0.1785912667E+03    0.1863402628E+03   -0.7748996129E+01
    0.1867098667E+03    0.1896460573E+03   -0.2936190640E+01
    0.1858246333E+03    0.1765966839E+03    0.9227949442E+01
    0.1484104333E+03    0.1541920588E+03   -0.5781625450E+01
    0.1513720667E+03    0.1551953847E+03   -0.3823318079E+01
    0.1681840000E+03    0.1608619040E+03    0.7322096013E+01
    0.1636810000E+03    0.1616646366E+03    0.2016363351E+01
    0.1490260000E+03    0.1543776895E+03   -0.5351689450E+01
    0.1577903667E+03    0.1584592869E+03   -0.6689202132E+00
    0.1641192000E+03    0.1640821896E+03    0.3701044247E-01
    0.1496825000E+03    0.1525875160E+03   -0.2905015993E+01
    0.1567264333E+03    0.1567357924E+03   -0.9359060545E-02
    0.1421805667E+03    0.1458123577E+03   -0.3631791015E+01
    0.1439435333E+03    0.1433623666E+03    0.5811667483E+00
    0.1591252000E+03    0.1668944420E+03   -0.7769241983E+01
    0.1797637667E+03    0.1704258114E+03    0.9337955312E+01
