	 Y 	 Y_pred 	 diff
    0.1713224000E+03    0.1609264198E+03    0.1039598019E+02
    0.1536179667E+03    0.1464526570E+03    0.7165309626E+01
    0.1424446000E+03    0.1506674076E+03   -0.8222807640E+01
    0.1603847333E+03    0.1668958564E+03   -0.6511123089E+01
    0.1440166667E+03    0.1446079947E+03   -0.5913280569E+00
    0.1457263333E+03    0.1538248287E+03   -0.8098495333E+01
    0.1516397333E+03    0.1624840185E+03   -0.1084428513E+02
    0.1912783000E+03    0.1938625600E+03   -0.2584260016E+01
    0.1784214667E+03    0.1863030642E+03   -0.7881597486E+01
    0.1525362667E+03    0.1490269849E+03    0.3509281789E+01
    0.1535181333E+03    0.1589742859E+03   -0.5456152558E+01
    0.1360778667E+03    0.1430386910E+03   -0.6960824328E+01
    0.1459988000E+03    0.1541595378E+03   -0.8160737818E+01
    0.1901772333E+03    0.1928563684E+03   -0.2679135038E+01
    0.1553749667E+03    0.1631807075E+03   -0.7805740848E+01
    0.1828245667E+03    0.1890264131E+03   -0.6201846426E+01
    0.1935337333E+03    0.1970343411E+03   -0.3500607772E+01
    0.1592324667E+03    0.1538483516E+03    0.5384115114E+01
    0.2009755333E+03    0.1914560078E+03    0.9519525560E+01
    0.1928013333E+03    0.1800222900E+03    0.1277904336E+02
    0.1717847667E+03    0.1688087107E+03    0.2976055966E+01
    0.1675417667E+03    0.1560383087E+03    0.1150345801E+02
    0.1425005000E+03    0.1519369491E+03   -0.9436449086E+01
    0.1592605667E+03    0.1662024691E+03   -0.6941902424E+01
    0.1604323000E+03    0.1664171131E+03   -0.5984813148E+01
    0.1470341667E+03    0.1509604624E+03   -0.3926295783E+01
    0.1473256667E+03    0.1500268490E+03   -0.2701182376E+01
    0.1558496000E+03    0.1604225971E+03   -0.4572997117E+01
    0.1418090000E+03    0.1438537713E+03   -0.2044771333E+01
    0.1540433667E+03    0.1584843799E+03   -0.4441013275E+01
    0.1521711000E+03    0.1576886213E+03   -0.5517521259E+01
    0.1556473000E+03    0.1719729380E+03   -0.1632563804E+02
    0.1856998000E+03    0.1918538425E+03   -0.6154042542E+01
    0.1834372667E+03    0.1796860749E+03    0.3751191808E+01
    0.1687353667E+03    0.1537959766E+03    0.1493939002E+02
    0.1991815333E+03    0.1902619769E+03    0.8919556396E+01
    0.1860203333E+03    0.1757551080E+03    0.1026522536E+02
    0.1608787333E+03    0.1610899992E+03   -0.2112658298E+00
    0.1435520000E+03    0.1545201219E+03   -0.1096812191E+02
    0.1451082333E+03    0.1568872590E+03   -0.1177902565E+02
    0.1581912000E+03    0.1655025536E+03   -0.7311353636E+01
    0.1460779667E+03    0.1495990340E+03   -0.3521067342E+01
    0.1445851667E+03    0.1589947542E+03   -0.1440958752E+02
    0.1944439000E+03    0.1946562394E+03   -0.2123393678E+00
    0.1746948000E+03    0.1825773050E+03   -0.7882505043E+01
    0.1434891667E+03    0.1437876396E+03   -0.2984729708E+00
    0.1461454000E+03    0.1521517897E+03   -0.6006389666E+01
    0.1413109667E+03    0.1498607833E+03   -0.8549816676E+01
    0.1816082000E+03    0.1876267041E+03   -0.6018504142E+01
    0.1684538333E+03    0.1669301486E+03    0.1523684754E+01
    0.1907893333E+03    0.1938807598E+03   -0.3091426466E+01
    0.1611783000E+03    0.1499376487E+03    0.1124065128E+02
    0.1709626667E+03    0.1568040749E+03    0.1415859180E+02
    0.1737680667E+03    0.1590132816E+03    0.1475478509E+02
    0.1600181667E+03    0.1635212888E+03   -0.3503122165E+01
    0.1622793333E+03    0.1691140738E+03   -0.6834740476E+01
    0.1608522333E+03    0.1581131701E+03    0.2739063209E+01
    0.1987726333E+03    0.1886270321E+03    0.1014560121E+02
    0.1769676000E+03    0.1580654268E+03    0.1890217325E+02
    0.1474437667E+03    0.1529258955E+03   -0.5482128812E+01
    0.1438216667E+03    0.1558290966E+03   -0.1200742989E+02
    0.1665557000E+03    0.1668875235E+03   -0.3318234866E+00
    0.1554750000E+03    0.1687749961E+03   -0.1329999612E+02
    0.1826803000E+03    0.1879899284E+03   -0.5309628432E+01
    0.1851899000E+03    0.1870560672E+03   -0.1866167247E+01
    0.1488808333E+03    0.1571177542E+03   -0.8236920855E+01
    0.1531141000E+03    0.1636632789E+03   -0.1054917891E+02
    0.1844319000E+03    0.1888853675E+03   -0.4453467522E+01
    0.1790078333E+03    0.1751280262E+03    0.3879807176E+01
    0.1691650000E+03    0.1627947517E+03    0.6370248337E+01
    0.1708858333E+03    0.1574348544E+03    0.1345097894E+02
    0.1612523333E+03    0.1660180732E+03   -0.4765739843E+01
    0.2034949000E+03    0.1926346555E+03    0.1086024450E+02
    0.1906729667E+03    0.1778482002E+03    0.1282476645E+02
    0.1582353333E+03    0.1655716689E+03   -0.7336335614E+01
    0.1691501333E+03    0.1752032293E+03   -0.6053096010E+01
    0.1472152667E+03    0.1457606419E+03    0.1454624743E+01
    0.1537301667E+03    0.1478034215E+03    0.5926745186E+01
    0.1476696000E+03    0.1516697703E+03   -0.4000170324E+01
    0.1408940000E+03    0.1434537032E+03   -0.2559703229E+01
    0.1382688000E+03    0.1418791803E+03   -0.3610380259E+01
    0.1592046333E+03    0.1604667223E+03   -0.1262088945E+01
    0.1540077000E+03    0.1624245031E+03   -0.8416803075E+01
    0.1694642000E+03    0.1826543267E+03   -0.1319012668E+02
    0.1747238667E+03    0.1712129815E+03    0.3510885211E+01
    0.1712258333E+03    0.1566997916E+03    0.1452604175E+02
    0.1832511000E+03    0.1649756633E+03    0.1827543668E+02
    0.1616570333E+03    0.1449702638E+03    0.1668676952E+02
    0.1669711667E+03    0.1509730831E+03    0.1599808353E+02
    0.1706844000E+03    0.1564791345E+03    0.1420526550E+02
    0.1512805667E+03    0.1507545750E+03    0.5259916936E+00
    0.1759193333E+03    0.1614757649E+03    0.1444356843E+02
    0.1560547000E+03    0.1464022752E+03    0.9652424764E+01
    0.1981880667E+03    0.1917512207E+03    0.6436845940E+01
    0.1836433333E+03    0.1626515283E+03    0.2099180501E+02
    0.2026154000E+03    0.1914621980E+03    0.1115320202E+02
    0.1594275000E+03    0.1648527520E+03   -0.5425252039E+01
    0.1490033667E+03    0.1582889275E+03   -0.9285560832E+01
    0.1510296000E+03    0.1617377080E+03   -0.1070810797E+02
    0.1390718667E+03    0.1425806680E+03   -0.3508801380E+01
    0.1362171000E+03    0.1421239719E+03   -0.5906871943E+01
    0.1830096667E+03    0.1841076053E+03   -0.1097938636E+01
    0.1804731333E+03    0.1708390849E+03    0.9634048410E+01
    0.1909834333E+03    0.1804634110E+03    0.1052002234E+02
    0.1572136333E+03    0.1509472423E+03    0.6266391075E+01
    0.1549359333E+03    0.1509374488E+03    0.3998484499E+01
    0.1731041667E+03    0.1680515090E+03    0.5052657632E+01
    0.1816521000E+03    0.1760721843E+03    0.5579915750E+01
    0.1635587333E+03    0.1483336051E+03    0.1522512826E+02
    0.1703275667E+03    0.1559463775E+03    0.1438118918E+02
    0.1664457333E+03    0.1633123717E+03    0.3133361596E+01
    0.1618017000E+03    0.1666128136E+03   -0.4811113587E+01
    0.1702934000E+03    0.1769766406E+03   -0.6683240555E+01
    0.1382624000E+03    0.1408891712E+03   -0.2626771214E+01
    0.1537537333E+03    0.1586777416E+03   -0.4924008283E+01
    0.1779657000E+03    0.1732636184E+03    0.4702081577E+01
    0.1919865000E+03    0.1905556172E+03    0.1430882837E+01
    0.1969100333E+03    0.1969281895E+03   -0.1815619043E-01
    0.1666397667E+03    0.1785114123E+03   -0.1187164563E+02
    0.1561954667E+03    0.1471632671E+03    0.9032199604E+01
    0.1839162333E+03    0.1743638654E+03    0.9552367958E+01
    0.1734750667E+03    0.1694706337E+03    0.4004432977E+01
    0.1444144000E+03    0.1492701349E+03   -0.4855734857E+01
    0.1667517667E+03    0.1628792503E+03    0.3872516326E+01
    0.1536641667E+03    0.1635284716E+03   -0.9864304919E+01
    0.2001243000E+03    0.1979862925E+03    0.2138007538E+01
    0.1883374667E+03    0.1924606931E+03   -0.4123226425E+01
    0.1835913333E+03    0.1894718256E+03   -0.5880492262E+01
    0.1720329333E+03    0.1794619153E+03   -0.7428981923E+01
    0.1396084667E+03    0.1431791135E+03   -0.3570646862E+01
    0.1358025333E+03    0.1423185220E+03   -0.6515988710E+01
    0.1486229333E+03    0.1560068902E+03   -0.7383956899E+01
    0.1411087000E+03    0.1483830053E+03   -0.7274305293E+01
    0.1637659667E+03    0.1733224291E+03   -0.9556462391E+01
    0.1724003000E+03    0.1843724108E+03   -0.1197211080E+02
    0.1854390333E+03    0.1932621838E+03   -0.7823150466E+01
    0.1689561667E+03    0.1529534138E+03    0.1600275291E+02
    0.1726537667E+03    0.1700472570E+03    0.2606509676E+01
    0.1793259000E+03    0.1706087624E+03    0.8717137560E+01
    0.1730631333E+03    0.1578588528E+03    0.1520428057E+02
    0.1676957000E+03    0.1573751022E+03    0.1032059785E+02
    0.1564298667E+03    0.1577483695E+03   -0.1318502861E+01
    0.1582014333E+03    0.1492806965E+03    0.8920736829E+01
    0.1916486333E+03    0.1756449447E+03    0.1600368859E+02
    0.1847231333E+03    0.1705140544E+03    0.1420907896E+02
    0.1539085667E+03    0.1628838817E+03   -0.8975315062E+01
    0.1453615000E+03    0.1472894299E+03   -0.1927929891E+01
    0.1435833000E+03    0.1558579392E+03   -0.1227463924E+02
    0.1522688667E+03    0.1574965489E+03   -0.5227682259E+01
    0.1428621667E+03    0.1428783800E+03   -0.1621328898E-01
    0.1512255333E+03    0.1513112328E+03   -0.8569947234E-01
    0.1920459000E+03    0.1958800821E+03   -0.3834182102E+01
    0.1586468333E+03    0.1660965614E+03   -0.7449728043E+01
    0.1859265000E+03    0.1775583534E+03    0.8368146578E+01
    0.1785912667E+03    0.1749557565E+03    0.3635510153E+01
    0.1867098667E+03    0.1757307074E+03    0.1097915927E+02
    0.1858246333E+03    0.1720932911E+03    0.1373134228E+02
    0.1484104333E+03    0.1613318114E+03   -0.1292137807E+02
    0.1513720667E+03    0.1623963139E+03   -0.1102424723E+02
    0.1681840000E+03    0.1635271794E+03    0.4656820615E+01
    0.1636810000E+03    0.1647823277E+03   -0.1101327714E+01
    0.1490260000E+03    0.1612850555E+03   -0.1225905554E+02
    0.1577903667E+03    0.1655053996E+03   -0.7715032915E+01
    0.1641192000E+03    0.1715469337E+03   -0.7427733679E+01
    0.1496825000E+03    0.1555985631E+03   -0.5916063135E+01
    0.1567264333E+03    0.1593485193E+03   -0.2622086014E+01
    0.1421805667E+03    0.1473097347E+03   -0.5129168024E+01
    0.1439435333E+03    0.1444886643E+03   -0.5451309557E+00
    0.1591252000E+03    0.1776798577E+03   -0.1855465775E+02
    0.1797637667E+03    0.1757445209E+03    0.4019245779E+01
