	 Y 	 Y_pred 	 diff
    0.1713224000E+03    0.1707511178E+03    0.5712821518E+00
    0.1536179667E+03    0.1573867469E+03   -0.3768780274E+01
    0.1424446000E+03    0.1449648541E+03   -0.2520254121E+01
    0.1603847333E+03    0.1621719659E+03   -0.1787232608E+01
    0.1440166667E+03    0.1441935456E+03   -0.1768789658E+00
    0.1457263333E+03    0.1511305474E+03   -0.5404214044E+01
    0.1516397333E+03    0.1593874605E+03   -0.7747727179E+01
    0.1912783000E+03    0.1949411782E+03   -0.3662878177E+01
    0.1784214667E+03    0.1854784618E+03   -0.7056995088E+01
    0.1525362667E+03    0.1456142234E+03    0.6922043225E+01
    0.1535181333E+03    0.1552616787E+03   -0.1743545402E+01
    0.1360778667E+03    0.1436751241E+03   -0.7597257425E+01
    0.1459988000E+03    0.1549865490E+03   -0.8987748982E+01
    0.1901772333E+03    0.1927679723E+03   -0.2590739012E+01
    0.1553749667E+03    0.1500433354E+03    0.5331631263E+01
    0.1828245667E+03    0.1770324180E+03    0.5792148696E+01
    0.1935337333E+03    0.1888779937E+03    0.4655739679E+01
    0.1592324667E+03    0.1624485250E+03   -0.3216058294E+01
    0.2009755333E+03    0.1973603401E+03    0.3615193246E+01
    0.1928013333E+03    0.1820720332E+03    0.1072930011E+02
    0.1717847667E+03    0.1697897823E+03    0.1994984328E+01
    0.1675417667E+03    0.1647195736E+03    0.2822193082E+01
    0.1425005000E+03    0.1495817998E+03   -0.7081299759E+01
    0.1592605667E+03    0.1697196365E+03   -0.1045906979E+02
    0.1604323000E+03    0.1698995093E+03   -0.9467209341E+01
    0.1470341667E+03    0.1511402237E+03   -0.4106057034E+01
    0.1473256667E+03    0.1481896452E+03   -0.8639785315E+00
    0.1558496000E+03    0.1551096816E+03    0.7399183765E+00
    0.1418090000E+03    0.1396161547E+03    0.2192845324E+01
    0.1540433667E+03    0.1510001802E+03    0.3043186502E+01
    0.1521711000E+03    0.1503533907E+03    0.1817709309E+01
    0.1556473000E+03    0.1697053756E+03   -0.1405807556E+02
    0.1856998000E+03    0.1910122984E+03   -0.5312498352E+01
    0.1834372667E+03    0.1792901144E+03    0.4147152233E+01
    0.1687353667E+03    0.1553386624E+03    0.1339670424E+02
    0.1991815333E+03    0.1885884465E+03    0.1059308685E+02
    0.1860203333E+03    0.1768922976E+03    0.9128035755E+01
    0.1608787333E+03    0.1752259447E+03   -0.1434721132E+02
    0.1435520000E+03    0.1505339101E+03   -0.6981910101E+01
    0.1451082333E+03    0.1519030369E+03   -0.6794803596E+01
    0.1581912000E+03    0.1576120706E+03    0.5791293767E+00
    0.1460779667E+03    0.1501140992E+03   -0.4036132537E+01
    0.1445851667E+03    0.1557347402E+03   -0.1114957356E+02
    0.1944439000E+03    0.1903095553E+03    0.4134344698E+01
    0.1746948000E+03    0.1751626938E+03   -0.4678937987E+00
    0.1434891667E+03    0.1393601264E+03    0.4129040301E+01
    0.1461454000E+03    0.1462958490E+03   -0.1504489799E+00
    0.1413109667E+03    0.1445544117E+03   -0.3243445073E+01
    0.1816082000E+03    0.1855225037E+03   -0.3914303749E+01
    0.1684538333E+03    0.1689388077E+03   -0.4849743395E+00
    0.1907893333E+03    0.1977215798E+03   -0.6932246483E+01
    0.1611783000E+03    0.1575497116E+03    0.3628588410E+01
    0.1709626667E+03    0.1667662769E+03    0.4196389727E+01
    0.1737680667E+03    0.1557724073E+03    0.1799565937E+02
    0.1600181667E+03    0.1719598797E+03   -0.1194171299E+02
    0.1622793333E+03    0.1684982989E+03   -0.6218965573E+01
    0.1608522333E+03    0.1640608636E+03   -0.3208630264E+01
    0.1987726333E+03    0.1943863414E+03    0.4386291913E+01
    0.1769676000E+03    0.1731834637E+03    0.3784136276E+01
    0.1474437667E+03    0.1412287247E+03    0.6215041933E+01
    0.1438216667E+03    0.1515734933E+03   -0.7751826670E+01
    0.1665557000E+03    0.1603307318E+03    0.6224968225E+01
    0.1554750000E+03    0.1607226217E+03   -0.5247621680E+01
    0.1826803000E+03    0.1879272109E+03   -0.5246910878E+01
    0.1851899000E+03    0.1861739146E+03   -0.9840146072E+00
    0.1488808333E+03    0.1400965955E+03    0.8784237848E+01
    0.1531141000E+03    0.1462752334E+03    0.6838866619E+01
    0.1844319000E+03    0.1796802752E+03    0.4751624781E+01
    0.1790078333E+03    0.1805189018E+03   -0.1511068417E+01
    0.1691650000E+03    0.1660079313E+03    0.3157068699E+01
    0.1708858333E+03    0.1531714493E+03    0.1771438405E+02
    0.1612523333E+03    0.1753172556E+03   -0.1406492226E+02
    0.2034949000E+03    0.1978817201E+03    0.5613179903E+01
    0.1906729667E+03    0.1824308347E+03    0.8242131961E+01
    0.1582353333E+03    0.1619197926E+03   -0.3684459245E+01
    0.1691501333E+03    0.1734632253E+03   -0.4313091971E+01
    0.1472152667E+03    0.1419398162E+03    0.5275450482E+01
    0.1537301667E+03    0.1441232486E+03    0.9606918019E+01
    0.1476696000E+03    0.1481330643E+03   -0.4634643428E+00
    0.1408940000E+03    0.1441064656E+03   -0.3212465595E+01
    0.1382688000E+03    0.1422636331E+03   -0.3994833139E+01
    0.1592046333E+03    0.1608966753E+03   -0.1692041959E+01
    0.1540077000E+03    0.1580367039E+03   -0.4029003863E+01
    0.1694642000E+03    0.1785979916E+03   -0.9133791634E+01
    0.1747238667E+03    0.1697310308E+03    0.4992835882E+01
    0.1712258333E+03    0.1640010422E+03    0.7224791158E+01
    0.1832511000E+03    0.1739525095E+03    0.9298590530E+01
    0.1616570333E+03    0.1477846026E+03    0.1387243076E+02
    0.1669711667E+03    0.1583120457E+03    0.8659120993E+01
    0.1706844000E+03    0.1663805337E+03    0.4303866350E+01
    0.1512805667E+03    0.1591283394E+03   -0.7847772738E+01
    0.1759193333E+03    0.1559634094E+03    0.1995592392E+02
    0.1560547000E+03    0.1490688587E+03    0.6985841316E+01
    0.1981880667E+03    0.2014879261E+03   -0.3299859412E+01
    0.1836433333E+03    0.1663987029E+03    0.1724463042E+02
    0.2026154000E+03    0.2008002021E+03    0.1815197871E+01
    0.1594275000E+03    0.1611098144E+03   -0.1682314365E+01
    0.1490033667E+03    0.1520783379E+03   -0.3074971242E+01
    0.1510296000E+03    0.1560582352E+03   -0.5028635156E+01
    0.1390718667E+03    0.1433819759E+03   -0.4310109243E+01
    0.1362171000E+03    0.1425872729E+03   -0.6370172946E+01
    0.1830096667E+03    0.1834577351E+03   -0.4480684228E+00
    0.1804731333E+03    0.1707485045E+03    0.9724628813E+01
    0.1909834333E+03    0.1833755672E+03    0.7607866084E+01
    0.1572136333E+03    0.1461094854E+03    0.1110414794E+02
    0.1549359333E+03    0.1465392429E+03    0.8396690476E+01
    0.1731041667E+03    0.1716793867E+03    0.1424779982E+01
    0.1816521000E+03    0.1762298389E+03    0.5422261077E+01
    0.1635587333E+03    0.1681688766E+03   -0.4610143313E+01
    0.1703275667E+03    0.1586060832E+03    0.1172148346E+02
    0.1664457333E+03    0.1673643133E+03   -0.9185799249E+00
    0.1618017000E+03    0.1678944522E+03   -0.6092752218E+01
    0.1702934000E+03    0.1697799119E+03    0.5134881247E+00
    0.1382624000E+03    0.1366328879E+03    0.1629512106E+01
    0.1537537333E+03    0.1603296606E+03   -0.6575927250E+01
    0.1779657000E+03    0.1745809258E+03    0.3384774208E+01
    0.1919865000E+03    0.1935222344E+03   -0.1535734397E+01
    0.1969100333E+03    0.2027465935E+03   -0.5836560119E+01
    0.1666397667E+03    0.1730874695E+03   -0.6447702866E+01
    0.1561954667E+03    0.1541866354E+03    0.2008831301E+01
    0.1839162333E+03    0.1777159512E+03    0.6200282133E+01
    0.1734750667E+03    0.1714784623E+03    0.1996604403E+01
    0.1444144000E+03    0.1457844420E+03   -0.1370041982E+01
    0.1667517667E+03    0.1638165267E+03    0.2935239993E+01
    0.1536641667E+03    0.1513115218E+03    0.2352644888E+01
    0.2001243000E+03    0.2069566735E+03   -0.6832373509E+01
    0.1883374667E+03    0.1986807450E+03   -0.1034327834E+02
    0.1835913333E+03    0.1946282432E+03   -0.1103690989E+02
    0.1720329333E+03    0.1828125877E+03   -0.1077965435E+02
    0.1396084667E+03    0.1476635528E+03   -0.8055086111E+01
    0.1358025333E+03    0.1463718107E+03   -0.1056927739E+02
    0.1486229333E+03    0.1564023170E+03   -0.7779383702E+01
    0.1411087000E+03    0.1500902729E+03   -0.8981572879E+01
    0.1637659667E+03    0.1604256059E+03    0.3340360739E+01
    0.1724003000E+03    0.1725531611E+03   -0.1528611096E+00
    0.1854390333E+03    0.1857137044E+03   -0.2746710613E+00
    0.1689561667E+03    0.1590026097E+03    0.9953556939E+01
    0.1726537667E+03    0.1749399622E+03   -0.2286195545E+01
    0.1793259000E+03    0.1730525322E+03    0.6273367830E+01
    0.1730631333E+03    0.1526492155E+03    0.2041391785E+02
    0.1676957000E+03    0.1659417723E+03    0.1753927739E+01
    0.1564298667E+03    0.1714403554E+03   -0.1501048878E+02
    0.1582014333E+03    0.1458568874E+03    0.1234454596E+02
    0.1916486333E+03    0.1779445220E+03    0.1370411135E+02
    0.1847231333E+03    0.1718935545E+03    0.1282957887E+02
    0.1539085667E+03    0.1530891119E+03    0.8194547777E+00
    0.1453615000E+03    0.1446315251E+03    0.7299748647E+00
    0.1435833000E+03    0.1501665264E+03   -0.6583226441E+01
    0.1522688667E+03    0.1567841493E+03   -0.4515282654E+01
    0.1428621667E+03    0.1449025148E+03   -0.2040348161E+01
    0.1512255333E+03    0.1506331762E+03    0.5923570948E+00
    0.1920459000E+03    0.1974857156E+03   -0.5439815561E+01
    0.1586468333E+03    0.1526192432E+03    0.6027590151E+01
    0.1859265000E+03    0.1833128663E+03    0.2613633749E+01
    0.1785912667E+03    0.1793021444E+03   -0.7108777157E+00
    0.1867098667E+03    0.1848379404E+03    0.1871926306E+01
    0.1858246333E+03    0.1807945454E+03    0.5030087933E+01
    0.1484104333E+03    0.1547406659E+03   -0.6330232617E+01
    0.1513720667E+03    0.1558497530E+03   -0.4477686284E+01
    0.1681840000E+03    0.1604202948E+03    0.7763705231E+01
    0.1636810000E+03    0.1618265683E+03    0.1854431653E+01
    0.1490260000E+03    0.1582537355E+03   -0.9227735477E+01
    0.1577903667E+03    0.1630255406E+03   -0.5235173957E+01
    0.1641192000E+03    0.1695893736E+03   -0.5470173593E+01
    0.1496825000E+03    0.1524182663E+03   -0.2735766322E+01
    0.1567264333E+03    0.1599275665E+03   -0.3201133192E+01
    0.1421805667E+03    0.1481419934E+03   -0.5961426756E+01
    0.1439435333E+03    0.1452446704E+03   -0.1301137057E+01
    0.1591252000E+03    0.1727558421E+03   -0.1363064208E+02
    0.1797637667E+03    0.1739205277E+03    0.5843238942E+01
