     Index       y_measurement           y_fitting        descriptor_1        descriptor_2
         1    0.1129134333E+03    0.1004945124E+03    0.2393887565E+00    0.4484155086E-07
         2    0.5741510000E+02    0.5415139884E+02    0.2715328566E+00    0.1386172536E-05
         3    0.6408266667E+02    0.6866803926E+02    0.2614639486E+00    0.1386172536E-05
         4    0.9851213333E+02    0.9075197633E+02    0.2461462770E+00    0.1386172536E-05
         5    0.9577526667E+02    0.8669193767E+02    0.2489623663E+00    0.1386172536E-05
         6    0.5629570000E+02    0.5502923989E+02    0.2709239760E+00    0.1386172536E-05
         7    0.6416440000E+02    0.6914656668E+02    0.2611320365E+00    0.1386172536E-05
         8    0.4909853333E+02    0.4243628871E+02    0.2796586052E+00    0.4484155086E-07
         9    0.5078230000E+02    0.5259965858E+02    0.2726091755E+00    0.4484155086E-07
        10    0.3941803333E+02    0.3202450608E+02    0.2868803373E+00    0.1010208374E-08
        11    0.4091123333E+02    0.3707001795E+02    0.2833807125E+00    0.1010208374E-08
        12    0.1317270667E+03    0.1205734791E+03    0.2254617558E+00    0.1010208374E-08
        13    0.1236949333E+03    0.1114313379E+03    0.2317170413E+00    0.8171276545E-02
        14    0.1185663333E+03    0.1079870202E+03    0.2341918673E+00    0.4484155086E-07
        15    0.5631520000E+02    0.6560730042E+02    0.2635869121E+00    0.1386172536E-05
        16    0.6653600000E+02    0.7806902796E+02    0.2549433152E+00    0.1386172536E-05
        17    0.6544593333E+02    0.6401765884E+02    0.2646895057E+00    0.1386172536E-05
        18    0.7081320000E+02    0.7746009237E+02    0.2553656799E+00    0.1386172536E-05
        19    0.9909350000E+02    0.1021182917E+03    0.2382624705E+00    0.1386172536E-05
        20    0.9879613333E+02    0.9845757174E+02    0.2408015878E+00    0.1386172536E-05
        21    0.5754726667E+02    0.6990752413E+02    0.2606042277E+00    0.1386172536E-05
        22    0.3968340000E+02    0.3314248015E+02    0.2861048977E+00    0.0000000000E+00
        23    0.6419260000E+02    0.8194636578E+02    0.2522539493E+00    0.1386172536E-05
        24    0.4755836667E+02    0.5874087352E+02    0.2683495585E+00    0.4484155086E-07
        25    0.4298803333E+02    0.3374590113E+02    0.2856863580E+00    0.0000000000E+00
        26    0.5702396667E+02    0.6714661395E+02    0.2625192407E+00    0.4484155086E-07
        27    0.6448746667E+02    0.6914656668E+02    0.2611320365E+00    0.1386172536E-05
        28    0.6892443333E+02    0.8177883538E+02    0.2523701503E+00    0.1386172536E-05
        29    0.5462010000E+02    0.5739009767E+02    0.2692864721E+00    0.4484155086E-07
        30    0.6024150000E+02    0.6644698060E+02    0.2630045144E+00    0.4484155086E-07
        31    0.6916680000E+02    0.7488000139E+02    0.2570694668E+00    0.8171276545E-02
        32    0.6074053333E+02    0.5980646804E+02    0.2676104504E+00    0.1010208374E-08
        33    0.5625880000E+02    0.4776661476E+02    0.2759614305E+00    0.0000000000E+00
        34    0.6976280000E+02    0.6378794745E+02    0.2648488507E+00    0.1010208374E-08
        35    0.6109540000E+02    0.5969453362E+02    0.2676880894E+00    0.1010208374E-08
        36    0.6641613333E+02    0.6376587126E+02    0.2648641630E+00    0.1010208374E-08
        37    0.1171394000E+03    0.1059821585E+03    0.2355824628E+00    0.1010208374E-08
        38    0.1298107667E+03    0.1239235456E+03    0.2231381113E+00    0.1010208374E-08
        39    0.4263683333E+02    0.3773397701E+02    0.2829201829E+00    0.1010208374E-08
        40    0.3551316667E+02    0.2443820688E+02    0.2921422813E+00    0.0000000000E+00
        41    0.4331223333E+02    0.4246564645E+02    0.2796382428E+00    0.1010208374E-08
        42    0.1270568667E+03    0.1148666465E+03    0.2293342719E+00    0.8171276545E-02
        43    0.4623996667E+02    0.3239746187E+02    0.2866216509E+00    0.1010208374E-08
        44    0.4979963333E+02    0.3801143364E+02    0.2827277358E+00    0.1010208374E-08
        45    0.1048403333E+03    0.9186722343E+02    0.2452869351E+00    0.8171276545E-02
        46    0.1119227000E+03    0.9992979252E+02    0.2397804527E+00    0.4484155086E-07
        47    0.9410970000E+02    0.8972023486E+02    0.2468619047E+00    0.1386172536E-05
        48    0.9391083333E+02    0.8533129693E+02    0.2499061223E+00    0.1386172536E-05
        49    0.5990580000E+02    0.4457428827E+02    0.2780898564E+00    0.8171276545E-02
        50    0.1511233333E+02    0.1518648652E+02    0.2880581689E+00    0.1000000000E+01
        51    0.1506720000E+02    0.2503294942E+02    0.2812285495E+00    0.1000000000E+01
        52    0.2607280000E+02    0.2981551710E+02    0.2779113058E+00    0.1000000000E+01
        53    0.3288510000E+02    0.3450784766E+02    0.2746566516E+00    0.1000000000E+01
        54    0.5040940000E+02    0.4363182378E+02    0.2683281573E+00    0.1000000000E+01
        55    0.6252836667E+02    0.5242401890E+02    0.2622297901E+00    0.1000000000E+01
        56    0.6859230000E+02    0.6090220709E+02    0.2563492217E+00    0.1000000000E+01
        57    0.7457800000E+02    0.6908291490E+02    0.2506749891E+00    0.1000000000E+01
        58    0.7547360000E+02    0.7306656396E+02    0.2479118845E+00    0.1000000000E+01
        59    0.7601236667E+02    0.7698152947E+02    0.2451964196E+00    0.1000000000E+01
        60    0.7978300000E+02    0.8461239428E+02    0.2399035644E+00    0.1000000000E+01
        61    0.5943460000E+02    0.4712455822E+02    0.2659055567E+00    0.1000000000E+01
        62    0.5415630000E+02    0.5311147251E+02    0.2617529644E+00    0.1000000000E+01
        63    0.5238350000E+02    0.5600009265E+02    0.2597493844E+00    0.1000000000E+01
        64    0.4609493333E+02    0.5882106425E+02    0.2577927262E+00    0.1000000000E+01
        65    0.5043943333E+02    0.6426636018E+02    0.2540158066E+00    0.1000000000E+01
        66    0.7535336667E+02    0.7441076222E+02    0.2469795332E+00    0.1000000000E+01
        67    0.7547280000E+02    0.7913075827E+02    0.2437056899E+00    0.1000000000E+01
        68    0.7631323333E+02    0.8140682955E+02    0.2421269808E+00    0.1000000000E+01
        69    0.7808313333E+02    0.8362838039E+02    0.2405860877E+00    0.1000000000E+01
        70    0.8207633333E+02    0.8791191810E+02    0.2376149769E+00    0.1000000000E+01
        71    0.1068950000E+02    0.7046292461E+01    0.2937043007E+00    0.1000000000E+01
        72    0.2761040000E+02    0.1840450059E+02    0.2858261175E+00    0.1000000000E+01
        73    0.2953980000E+02    0.2387129832E+02    0.2820342840E+00    0.1000000000E+01
        74    0.3218210000E+02    0.2920322487E+02    0.2783359987E+00    0.1000000000E+01
        75    0.4136713333E+02    0.3948111490E+02    0.2712071365E+00    0.1000000000E+01
        76    0.4472750000E+02    0.4927342053E+02    0.2644150812E+00    0.1000000000E+01
        77    0.6125163333E+02    0.5861235302E+02    0.2579374907E+00    0.1000000000E+01
        78    0.6651516667E+02    0.6752740122E+02    0.2517539112E+00    0.1000000000E+01
        79    0.6935780000E+02    0.7183450846E+02    0.2487664523E+00    0.1000000000E+01
        80    0.7244110000E+02    0.7604560908E+02    0.2458455847E+00    0.1000000000E+01
        81    0.7973906667E+02    0.8419182092E+02    0.2401952789E+00    0.1000000000E+01
        82    0.1244658000E+03    0.1331239295E+03    0.2167566197E+00    0.0000000000E+00
        83    0.1227551333E+03    0.1305412135E+03    0.2185480211E+00    0.0000000000E+00
        84    0.1222562000E+03    0.1292243383E+03    0.2194614208E+00    0.0000000000E+00
        85    0.1211050000E+03    0.1278899545E+03    0.2203869647E+00    0.0000000000E+00
        86    0.1179466667E+03    0.1251670982E+03    0.2222755690E+00    0.0000000000E+00
        87    0.1137695667E+03    0.1223693968E+03    0.2242160867E+00    0.0000000000E+00
        88    0.1092017667E+03    0.1194933925E+03    0.2262109162E+00    0.0000000000E+00
        89    0.1067584667E+03    0.1165354001E+03    0.2282626136E+00    0.0000000000E+00
        90    0.1053764667E+03    0.1150244398E+03    0.2293106330E+00    0.0000000000E+00
        91    0.1040530000E+03    0.1134914873E+03    0.2303739064E+00    0.0000000000E+00
        92    0.1005121667E+03    0.1103574527E+03    0.2325477087E+00    0.0000000000E+00
        93    0.1408233333E+02    0.2415102534E+02    0.2923414737E+00    0.0000000000E+00
        94    0.2335330000E+02    0.2809691710E+02    0.2896045580E+00    0.0000000000E+00
        95    0.2498340000E+02    0.3002699625E+02    0.2882658330E+00    0.0000000000E+00
        96    0.3413013333E+02    0.3192940055E+02    0.2869463036E+00    0.0000000000E+00
        97    0.3871113333E+02    0.3565376194E+02    0.2843630439E+00    0.0000000000E+00
        98    0.4908086667E+02    0.4279759917E+02    0.2794079966E+00    0.0000000000E+00
        99    0.5592400000E+02    0.4790626167E+02    0.2758645698E+00    0.0000000000E+00
       100    0.5834003333E+02    0.4956442692E+02    0.2747144474E+00    0.0000000000E+00
       101    0.6338693333E+02    0.5281653471E+02    0.2724587482E+00    0.0000000000E+00
       102    0.1739346667E+02    0.1941305266E+02    0.2956277858E+00    0.0000000000E+00
       103    0.1596020000E+02    0.1868131214E+02    0.2961353294E+00    0.0000000000E+00
       104    0.1519966667E+02    0.1829233529E+02    0.2964051282E+00    0.0000000000E+00
       105    0.1462273333E+02    0.1788734154E+02    0.2966860365E+00    0.0000000000E+00
       106    0.1577603333E+02    0.1702735516E+02    0.2972825329E+00    0.0000000000E+00
       107    0.1301593333E+02    0.1609726065E+02    0.2979276571E+00    0.0000000000E+00
       108    0.1529943333E+02    0.1400864619E+02    0.2993763440E+00    0.0000000000E+00
       109    0.1194016667E+02    0.1284009801E+02    0.3001868624E+00    0.0000000000E+00
       110    0.1395766667E+02    0.1158129713E+02    0.3010599811E+00    0.0000000000E+00
       111    0.5977913333E+02    0.5279711289E+02    0.2724722194E+00    0.0000000000E+00
       112    0.5274676667E+02    0.4937741126E+02    0.2748441636E+00    0.0000000000E+00
       113    0.4744456667E+02    0.4757414792E+02    0.2760949277E+00    0.0000000000E+00
       114    0.4271046667E+02    0.4570459084E+02    0.2773916739E+00    0.0000000000E+00
       115    0.3855643333E+02    0.4175330442E+02    0.2801323314E+00    0.0000000000E+00
       116    0.3220636667E+02    0.3749461664E+02    0.2830862060E+00    0.0000000000E+00
       117    0.2608033333E+02    0.3289533068E+02    0.2862763234E+00    0.0000000000E+00
       118    0.2318960000E+02    0.2791715377E+02    0.2897292439E+00    0.0000000000E+00
       119    0.1569666667E+02    0.2527237015E+02    0.2915636961E+00    0.0000000000E+00
       120    0.1263756667E+02    0.2251565542E+02    0.2934757850E+00    0.0000000000E+00
       121    0.1576773333E+02    0.1663895427E+02    0.2975519322E+00    0.0000000000E+00
       122    0.1876863333E+02    0.1915305282E+02    0.2853069131E+00    0.1000000000E+01
       123    0.2272800000E+02    0.3266345120E+02    0.2759359461E+00    0.1000000000E+01
       124    0.2911583333E+02    0.3917207502E+02    0.2714214901E+00    0.1000000000E+01
       125    0.3464173333E+02    0.4552360844E+02    0.2670159938E+00    0.1000000000E+01
       126    0.4469730000E+02    0.5777591484E+02    0.2585176538E+00    0.1000000000E+01
       127    0.6769980000E+02    0.6945928816E+02    0.2504139323E+00    0.1000000000E+01
       128    0.8876800000E+02    0.8060951485E+02    0.2426800074E+00    0.1000000000E+01
       129    0.9001296667E+02    0.9125955142E+02    0.2352930201E+00    0.1000000000E+01
       130    0.9820813333E+02    0.9640659045E+02    0.2317229749E+00    0.1000000000E+01
       131    0.1150665667E+03    0.1014397934E+03    0.2282318877E+00    0.1000000000E+01
       132    0.1240794333E+03    0.1111783129E+03    0.2214771391E+00    0.1000000000E+01
       133    0.6961473333E+02    0.5021727188E+02    0.2637604151E+00    0.1000000000E+01
       134    0.6873096667E+02    0.5922801558E+02    0.2575104601E+00    0.1000000000E+01
       135    0.6801640000E+02    0.6360466248E+02    0.2544747677E+00    0.1000000000E+01
       136    0.6587150000E+02    0.6789873116E+02    0.2514963525E+00    0.1000000000E+01
       137    0.6905330000E+02    0.7624830916E+02    0.2457049896E+00    0.1000000000E+01
       138    0.8448030000E+02    0.9205286748E+02    0.2347427670E+00    0.1000000000E+01
       139    0.9811226667E+02    0.9953923713E+02    0.2295501353E+00    0.1000000000E+01
       140    0.1105675667E+03    0.1031847738E+03    0.2270215493E+00    0.1000000000E+01
       141    0.1186644000E+03    0.1067674562E+03    0.2245365598E+00    0.1000000000E+01
       142    0.1239530333E+03    0.1137506509E+03    0.2196929360E+00    0.1000000000E+01
       143    0.1662153333E+02    0.1197969891E+02    0.2902824335E+00    0.1000000000E+01
       144    0.2838256667E+02    0.2761460749E+02    0.2794378819E+00    0.1000000000E+01
       145    0.2881536667E+02    0.3500397009E+02    0.2743125354E+00    0.1000000000E+01
       146    0.3478613333E+02    0.4212871811E+02    0.2693707286E+00    0.1000000000E+01
       147    0.4475480000E+02    0.5563997720E+02    0.2599991646E+00    0.1000000000E+01
       148    0.5756113333E+02    0.6824997017E+02    0.2512527291E+00    0.1000000000E+01
       149    0.6879203333E+02    0.8004672426E+02    0.2430703654E+00    0.1000000000E+01
       150    0.8769866667E+02    0.9110694336E+02    0.2353988708E+00    0.1000000000E+01
       151    0.9953940000E+02    0.9638217592E+02    0.2317399091E+00    0.1000000000E+01
       152    0.1128509667E+03    0.1014978070E+03    0.2281916488E+00    0.1000000000E+01
       153    0.1218290333E+03    0.1112784331E+03    0.2214076946E+00    0.1000000000E+01
