     Index       y_measurement           y_fitting        descriptor_1
         1    0.3115032551E+00    0.3276598956E+00    0.1569444912E+02
         2    0.3727521742E+00    0.3733512763E+00    0.1633032861E+02
         3    0.3692808565E+00    0.3727392011E+00    0.1632181046E+02
         4    0.3219133907E+00    0.3425442190E+00    0.1590159182E+02
         5    0.3203898125E+00    0.3427667236E+00    0.1590468838E+02
         6    0.3755429960E+00    0.3741809354E+00    0.1634187484E+02
         7    0.3689363424E+00    0.3735319488E+00    0.1633284300E+02
         8    0.3834306331E+00    0.3907834157E+00    0.1657292885E+02
         9    0.3841229241E+00    0.3903569819E+00    0.1656699424E+02
        10    0.3981010400E+00    0.3918042116E+00    0.1658713510E+02
        11    0.3996236202E+00    0.4099073433E+00    0.1683907343E+02
        12    0.3980037053E+00    0.4096592675E+00    0.1683562100E+02
        13    0.3065872278E+00    0.3137807482E+00    0.1550129529E+02
        14    0.3018713204E+00    0.3127545157E+00    0.1548701338E+02
        15    0.3946135729E+00    0.4057041691E+00    0.1678057854E+02
        16    0.4021863310E+00    0.4055194058E+00    0.1677800722E+02
        17    0.3076766726E+00    0.3276125652E+00    0.1569379043E+02
        18    0.3091608525E+00    0.3264011060E+00    0.1567693075E+02
        19    0.3092389430E+00    0.3150957503E+00    0.1551959596E+02
        20    0.3769629583E+00    0.3617182327E+00    0.1616843344E+02
        21    0.3904139452E+00    0.4145900791E+00    0.1690424230E+02
        22    0.3687133635E+00    0.3609773977E+00    0.1615812336E+02
        23    0.3614909000E+00    0.3605289509E+00    0.1615188240E+02
        24    0.3569607189E+00    0.3598988509E+00    0.1614311340E+02
        25    0.3309396823E+00    0.3233230416E+00    0.1563409383E+02
        26    0.3276713441E+00    0.3235543219E+00    0.1563731252E+02
        27    0.3741920109E+00    0.3550544569E+00    0.1607569476E+02
        28    0.4010305618E+00    0.4077457982E+00    0.1680899156E+02
        29    0.3721079413E+00    0.3543046098E+00    0.1606525926E+02
        30    0.3923032117E+00    0.3716638073E+00    0.1630684438E+02
        31    0.3928852735E+00    0.4079135770E+00    0.1681132651E+02
        32    0.3763802550E+00    0.3711442216E+00    0.1629961339E+02
        33    0.3628066791E+00    0.3546948350E+00    0.1607068996E+02
        34    0.3616999086E+00    0.3540188107E+00    0.1606128184E+02
        35    0.3769364803E+00    0.3711362392E+00    0.1629950230E+02
        36    0.3710709739E+00    0.3706915239E+00    0.1629331327E+02
        37    0.3572480509E+00    0.3509543916E+00    0.1601863482E+02
        38    0.3635729881E+00    0.3682110170E+00    0.1625879246E+02
        39    0.3710951698E+00    0.3867209811E+00    0.1651639261E+02
        40    0.3498298330E+00    0.3679317287E+00    0.1625490565E+02
        41    0.3622700519E+00    0.3687079589E+00    0.1626570832E+02
        42    0.3556002005E+00    0.3684413323E+00    0.1626199772E+02
        43    0.3068701886E+00    0.3076246216E+00    0.1541562148E+02
        44    0.3047319468E+00    0.3065841229E+00    0.1540114103E+02
        45    0.3934461789E+00    0.4029771305E+00    0.1674262679E+02
        46    0.4069873114E+00    0.4218222663E+00    0.1700489147E+02
        47    0.3925031194E+00    0.4027133005E+00    0.1673895511E+02
        48    0.3131120344E+00    0.3220280268E+00    0.1561607132E+02
        49    0.4057369914E+00    0.4187198731E+00    0.1696171597E+02
        50    0.3055190544E+00    0.3207282609E+00    0.1559798269E+02
        51    0.3914804504E+00    0.3992708975E+00    0.1669104775E+02
        52    0.3875508766E+00    0.3990830424E+00    0.1668843340E+02
        53    0.3144476998E+00    0.3214201149E+00    0.1560761111E+02
        54    0.3035142463E+00    0.3201913264E+00    0.1559051026E+02
        55    0.3153730631E+00    0.3260985207E+00    0.1567271972E+02
        56    0.3356654485E+00    0.3401910945E+00    0.1586884377E+02
        57    0.3316145550E+00    0.3403776584E+00    0.1587144015E+02
        58    0.3701456579E+00    0.3868695299E+00    0.1651845994E+02
        59    0.3057408244E+00    0.3129800771E+00    0.1549015248E+02
        60    0.3022545026E+00    0.3120122738E+00    0.1547668372E+02
        61    0.4319090039E+00    0.4135919327E+00    0.1689035126E+02
        62    0.4270794082E+00    0.3990939529E+00    0.1668858524E+02
        63    0.4008107104E+00    0.3920545925E+00    0.1659061961E+02
        64    0.3863661790E+00    0.3851485181E+00    0.1649450890E+02
        65    0.3567211668E+00    0.3717181207E+00    0.1630760025E+02
        66    0.3390427691E+00    0.3587685193E+00    0.1612738276E+02
        67    0.3291813919E+00    0.3462683914E+00    0.1595342052E+02
        68    0.3243536271E+00    0.3341890258E+00    0.1578531396E+02
        69    0.3252255627E+00    0.3282988030E+00    0.1570334069E+02
        70    0.3261143142E+00    0.3225040516E+00    0.1562269608E+02
        71    0.3239659235E+00    0.3111892075E+00    0.1546522924E+02
        72    0.3674602020E+00    0.3633097021E+00    0.1619058166E+02
        73    0.3733715764E+00    0.3551666936E+00    0.1607725674E+02
        74    0.3728675248E+00    0.3512230540E+00    0.1602237375E+02
        75    0.3805400206E+00    0.3473601905E+00    0.1596861491E+02
        76    0.3694195579E+00    0.3398643054E+00    0.1586429590E+02
        77    0.3485184075E+00    0.3326554403E+00    0.1576397130E+02
        78    0.3301994043E+00    0.3257120406E+00    0.1566734114E+02
        79    0.3300178520E+00    0.3190143793E+00    0.1557413088E+02
        80    0.3296708943E+00    0.3157519878E+00    0.1552872871E+02
        81    0.3275040021E+00    0.3125443653E+00    0.1548408875E+02
        82    0.3234392652E+00    0.3062853798E+00    0.1539698347E+02
        83    0.4357322360E+00    0.4075307321E+00    0.1680599852E+02
        84    0.3992104702E+00    0.3937361686E+00    0.1661402183E+02
        85    0.3949555381E+00    0.3870450411E+00    0.1652090250E+02
        86    0.3897969196E+00    0.3804850195E+00    0.1642960775E+02
        87    0.3713716119E+00    0.3677405739E+00    0.1625224538E+02
        88    0.3632482216E+00    0.3554693213E+00    0.1608146836E+02
        89    0.3390596413E+00    0.3436406054E+00    0.1591685005E+02
        90    0.3345703037E+00    0.3322263255E+00    0.1575799938E+02
        91    0.3325398245E+00    0.3266664508E+00    0.1568062351E+02
        92    0.3299490417E+00    0.3212006743E+00    0.1560455719E+02
        93    0.3236357173E+00    0.3105399047E+00    0.1545619300E+02
        94    0.3049439245E+00    0.2988051203E+00    0.1529288192E+02
        95    0.3030667899E+00    0.2989638496E+00    0.1529509093E+02
        96    0.3016141520E+00    0.2990430932E+00    0.1529619375E+02
        97    0.3008492847E+00    0.2991222571E+00    0.1529729546E+02
        98    0.3007543390E+00    0.2992803447E+00    0.1529949554E+02
        99    0.3013730675E+00    0.2994381104E+00    0.1530169114E+02
       100    0.3033088718E+00    0.2995955557E+00    0.1530388228E+02
       101    0.3039891654E+00    0.2997526805E+00    0.1530606896E+02
       102    0.3042505979E+00    0.2998311229E+00    0.1530716063E+02
       103    0.3048279490E+00    0.2999094841E+00    0.1530825117E+02
       104    0.3052152848E+00    0.3000659672E+00    0.1531042892E+02
       105    0.4320800811E+00    0.4230135169E+00    0.1702146991E+02
       106    0.4194647730E+00    0.4173397341E+00    0.1694250880E+02
       107    0.4152703718E+00    0.4145014699E+00    0.1690300914E+02
       108    0.3955196646E+00    0.4116622909E+00    0.1686349675E+02
       109    0.3875387003E+00    0.4059811860E+00    0.1678443374E+02
       110    0.3773174658E+00    0.4002964201E+00    0.1670531978E+02
       111    0.3722096650E+00    0.3946079938E+00    0.1662615488E+02
       112    0.3658986417E+00    0.3889159058E+00    0.1654693902E+02
       113    0.3654385006E+00    0.3860684894E+00    0.1650731199E+02
       114    0.3628786252E+00    0.3832201575E+00    0.1646767222E+02
       115    0.3593327157E+00    0.3775207482E+00    0.1638835447E+02
       116    0.4236008781E+00    0.4288196136E+00    0.1710227241E+02
       117    0.4302033384E+00    0.4287748239E+00    0.1710164908E+02
       118    0.4351999837E+00    0.4286846432E+00    0.1710039405E+02
       119    0.4366919796E+00    0.4285492712E+00    0.1709851010E+02
       120    0.4311080150E+00    0.4281429541E+00    0.1709285545E+02
       121    0.4347549284E+00    0.4275558738E+00    0.1708468515E+02
       122    0.4361630142E+00    0.4267880291E+00    0.1707399918E+02
       123    0.4281518174E+00    0.4258394206E+00    0.1706079755E+02
       124    0.4349348493E+00    0.4252973304E+00    0.1705325337E+02
       125    0.4367499704E+00    0.4247100490E+00    0.1704508027E+02
       126    0.4324042533E+00    0.4233999129E+00    0.1702684732E+02
       127    0.3650326136E+00    0.3781470593E+00    0.1639707074E+02
       128    0.3732358523E+00    0.3841830523E+00    0.1648107267E+02
       129    0.3786976367E+00    0.3870910285E+00    0.1652154250E+02
       130    0.3852582334E+00    0.3899256576E+00    0.1656099157E+02
       131    0.3888947959E+00    0.3953748736E+00    0.1663682742E+02
       132    0.3985197223E+00    0.4005307018E+00    0.1670858024E+02
       133    0.4102602803E+00    0.4053931408E+00    0.1677625001E+02
       134    0.4122228352E+00    0.4099621920E+00    0.1683983675E+02
       135    0.4279795549E+00    0.4121366961E+00    0.1687009897E+02
       136    0.4355520415E+00    0.4142378539E+00    0.1689934044E+02
       137    0.4304532498E+00    0.4182201274E+00    0.1695476109E+02
       138    0.4264919331E+00    0.4133816903E+00    0.1688742535E+02
       139    0.4159233320E+00    0.3986865277E+00    0.1668291517E+02
       140    0.4019375123E+00    0.3915532882E+00    0.1658364304E+02
       141    0.3916388568E+00    0.3845563829E+00    0.1648626825E+02
       142    0.3729094357E+00    0.3709532077E+00    0.1629695508E+02
       143    0.3410080471E+00    0.3578422700E+00    0.1611449230E+02
       144    0.3223677406E+00    0.3451917912E+00    0.1593843765E+02
       145    0.3277539599E+00    0.3329726410E+00    0.1576838573E+02
       146    0.3195057973E+00    0.3270163672E+00    0.1568549324E+02
       147    0.3050923527E+00    0.3211580640E+00    0.1560396419E+02
       148    0.3008277403E+00    0.3097234390E+00    0.1544483038E+02
       149    0.3562631232E+00    0.3630815978E+00    0.1618740717E+02
       150    0.3594206178E+00    0.3547278885E+00    0.1607114996E+02
       151    0.3608270649E+00    0.3506851875E+00    0.1601488835E+02
       152    0.3624143566E+00    0.3467273384E+00    0.1595980761E+02
       153    0.3578429254E+00    0.3390533747E+00    0.1585301031E+02
       154    0.3469210390E+00    0.3316817715E+00    0.1575042091E+02
       155    0.3368855359E+00    0.3245903942E+00    0.1565173137E+02
       156    0.3256278511E+00    0.3177589805E+00    0.1555665970E+02
       157    0.3119917446E+00    0.3144348918E+00    0.1551039890E+02
       158    0.3046814166E+00    0.3111689464E+00    0.1546494727E+02
       159    0.3036860037E+00    0.3048032154E+00    0.1537635643E+02
       160    0.4244004781E+00    0.4073936449E+00    0.1680409070E+02
       161    0.4017700433E+00    0.3934572647E+00    0.1661014037E+02
       162    0.4011696531E+00    0.3866934777E+00    0.1651600985E+02
       163    0.3915106331E+00    0.3800596405E+00    0.1642368782E+02
       164    0.3766460280E+00    0.3671641282E+00    0.1624422308E+02
       165    0.3584288290E+00    0.3547372778E+00    0.1607128063E+02
       166    0.3463282239E+00    0.3427484932E+00    0.1590443467E+02
       167    0.3303320639E+00    0.3311697270E+00    0.1574329487E+02
       168    0.3187693157E+00    0.3255259689E+00    0.1566475161E+02
       169    0.3065945036E+00    0.3199752234E+00    0.1558750279E+02
       170    0.3034393990E+00    0.3091412859E+00    0.1543672865E+02
