     Index       y_measurement           y_fitting        descriptor_1        descriptor_2
         1    0.3115032551E+00    0.3240622435E+00    0.2587635609E-01    0.5516551313E-01
         2    0.3727521742E+00    0.3726858955E+00    0.2857347488E-01    0.5279767016E-01
         3    0.3692808565E+00    0.3679498643E+00    0.2855740675E-01    0.5477481586E-01
         4    0.3219133907E+00    0.3382654008E+00    0.2689863351E-01    0.5613399571E-01
         5    0.3203898125E+00    0.3415687871E+00    0.2689891180E-01    0.5467754102E-01
         6    0.3755429960E+00    0.3728866878E+00    0.2892219668E-01    0.5517843846E-01
         7    0.3689363424E+00    0.3678842186E+00    0.2886223965E-01    0.5696242282E-01
         8    0.3834306331E+00    0.3911095552E+00    0.2986215924E-01    0.5378934366E-01
         9    0.3841229241E+00    0.3893365190E+00    0.2979678769E-01    0.5410921054E-01
        10    0.3981010400E+00    0.3943404302E+00    0.3039677337E-01    0.5614871493E-01
        11    0.3996236202E+00    0.4099440826E+00    0.3185859001E-01    0.5961141297E-01
        12    0.3980037053E+00    0.4122560560E+00    0.3175929311E-01    0.5788753560E-01
        13    0.3065872278E+00    0.3162291328E+00    0.2484048555E-01    0.5128843547E-01
        14    0.3018713204E+00    0.3022108449E+00    0.2497959412E-01    0.5846250082E-01
        15    0.3946135729E+00    0.4081645076E+00    0.3006092941E-01    0.4766724258E-01
        16    0.4021863310E+00    0.4097640437E+00    0.3004382070E-01    0.4683990439E-01
        17    0.3076766726E+00    0.3241688593E+00    0.2579994664E-01    0.5457736177E-01
        18    0.3091608525E+00    0.3119264075E+00    0.2594129359E-01    0.6098325673E-01
        19    0.3092389430E+00    0.3205167133E+00    0.2521772445E-01    0.5206685037E-01
        20    0.3769629583E+00    0.3596229946E+00    0.2804441351E-01    0.5481840073E-01
        21    0.3904139452E+00    0.4122847916E+00    0.3122147988E-01    0.5406641180E-01
        22    0.3687133635E+00    0.3562835309E+00    0.2799334905E-01    0.5593114932E-01
        23    0.3614909000E+00    0.3642775081E+00    0.2769050090E-01    0.5025728596E-01
        24    0.3569607189E+00    0.3617620457E+00    0.2775899680E-01    0.5185289024E-01
        25    0.3309396823E+00    0.3286296543E+00    0.2588464213E-01    0.5320770474E-01
        26    0.3276713441E+00    0.3310845141E+00    0.2585480960E-01    0.5191264456E-01
        27    0.3741920109E+00    0.3526767067E+00    0.2765797768E-01    0.5514866273E-01
        28    0.4010305618E+00    0.4036698680E+00    0.3074262376E-01    0.5447890724E-01
        29    0.3721079413E+00    0.3500968559E+00    0.2764225461E-01    0.5617631111E-01
        30    0.3923032117E+00    0.3684135746E+00    0.2881538863E-01    0.5639694737E-01
        31    0.3928852735E+00    0.4031525645E+00    0.3106994248E-01    0.5702514808E-01
        32    0.3763802550E+00    0.3683681287E+00    0.2876335130E-01    0.5604851755E-01
        33    0.3628066791E+00    0.3577366771E+00    0.2764427712E-01    0.5281769768E-01
        34    0.3616999086E+00    0.3557187995E+00    0.2770495574E-01    0.5413826441E-01
        35    0.3769364803E+00    0.3741592549E+00    0.2849442799E-01    0.5158743303E-01
        36    0.3710709739E+00    0.3745538925E+00    0.2852210370E-01    0.5160918396E-01
        37    0.3572480509E+00    0.3607788742E+00    0.2801234973E-01    0.5408103231E-01
        38    0.3635729881E+00    0.3636409461E+00    0.2883928615E-01    0.5867326082E-01
        39    0.3710951698E+00    0.3786075116E+00    0.3008386529E-01    0.6087889684E-01
        40    0.3498298330E+00    0.3678587776E+00    0.2882074236E-01    0.5667979854E-01
        41    0.3622700519E+00    0.3706284029E+00    0.2919391350E-01    0.5809957639E-01
        42    0.3556002005E+00    0.3752236804E+00    0.2918720528E-01    0.5602328562E-01
        43    0.3068701886E+00    0.3174267981E+00    0.2449495136E-01    0.4831282906E-01
        44    0.3047319468E+00    0.3057918071E+00    0.2467664167E-01    0.5473621869E-01
        45    0.3934461789E+00    0.4008792959E+00    0.3092451069E-01    0.5699893096E-01
        46    0.4069873114E+00    0.4195277492E+00    0.3233839273E-01    0.5877792649E-01
        47    0.3925031194E+00    0.4030738343E+00    0.3083506090E-01    0.5539663118E-01
        48    0.3131120344E+00    0.3225551108E+00    0.2517819883E-01    0.5088701576E-01
        49    0.4057369914E+00    0.4200495063E+00    0.3060578911E-01    0.4627842219E-01
        50    0.3055190544E+00    0.3128968701E+00    0.2530291802E-01    0.5603425019E-01
        51    0.3914804504E+00    0.4050755725E+00    0.2952568854E-01    0.4524076758E-01
        52    0.3875508766E+00    0.4070042832E+00    0.2952903495E-01    0.4441295038E-01
        53    0.3144476998E+00    0.3252643249E+00    0.2541764038E-01    0.5138648043E-01
        54    0.3035142463E+00    0.3157283507E+00    0.2561799693E-01    0.5701534860E-01
        55    0.3153730631E+00    0.3259659813E+00    0.2586621664E-01    0.5425322337E-01
        56    0.3356654485E+00    0.3404352140E+00    0.2660141238E-01    0.5307131285E-01
        57    0.3316145550E+00    0.3434399045E+00    0.2656158935E-01    0.5146275957E-01
        58    0.3701456579E+00    0.3946570540E+00    0.2901328480E-01    0.4621197737E-01
        59    0.3057408244E+00    0.3179124579E+00    0.2508018173E-01    0.5224262712E-01
        60    0.3022545026E+00    0.3033703956E+00    0.2528343974E-01    0.6010219961E-01
        61    0.4319090039E+00    0.4141991918E+00    0.3203300393E-01    0.5896789156E-01
        62    0.4270794082E+00    0.3984152618E+00    0.3092927075E-01    0.5812049493E-01
        63    0.4008107104E+00    0.3908013160E+00    0.3039511483E-01    0.5769946805E-01
        64    0.3863661790E+00    0.3833653836E+00    0.2987230675E-01    0.5728020718E-01
        65    0.3567211668E+00    0.3690067978E+00    0.2885943346E-01    0.5644693922E-01
        66    0.3390427691E+00    0.3552998925E+00    0.2788816887E-01    0.5562060344E-01
        67    0.3291813919E+00    0.3422079216E+00    0.2695620984E-01    0.5480111371E-01
        68    0.3243536271E+00    0.3296967528E+00    0.2606141638E-01    0.5398838530E-01
        69    0.3252255627E+00    0.3236489616E+00    0.2562732912E-01    0.5358453049E-01
        70    0.3261143142E+00    0.3177346415E+00    0.2520179757E-01    0.5318233486E-01
        71    0.3239659235E+00    0.3062920270E+00    0.2437549884E-01    0.5238288044E-01
        72    0.3674602020E+00    0.3688172241E+00    0.2893968190E-01    0.5709890117E-01
        73    0.3733715764E+00    0.3611182117E+00    0.2826099924E-01    0.5569198801E-01
        74    0.3728675248E+00    0.3573859036E+00    0.2793026995E-01    0.5499777393E-01
        75    0.3805400206E+00    0.3537282205E+00    0.2760504819E-01    0.5430961404E-01
        76    0.3694195579E+00    0.3466267832E+00    0.2697046281E-01    0.5295114278E-01
        77    0.3485184075E+00    0.3397948967E+00    0.2635597154E-01    0.5161595961E-01
        78    0.3301994043E+00    0.3332148841E+00    0.2576038844E-01    0.5030347077E-01
        79    0.3300178520E+00    0.3268702706E+00    0.2518260535E-01    0.4901310252E-01
        80    0.3296708943E+00    0.3237813916E+00    0.2490006205E-01    0.4837603960E-01
        81    0.3275040021E+00    0.3207456731E+00    0.2462158489E-01    0.4774430032E-01
        82    0.3234392652E+00    0.3148266997E+00    0.2407635405E-01    0.4649652799E-01
        83    0.4357322360E+00    0.4144786559E+00    0.3017588858E-01    0.4569364848E-01
        84    0.3992104702E+00    0.3993870005E+00    0.2943475098E-01    0.4710827859E-01
        85    0.3949555381E+00    0.3920616182E+00    0.2907849310E-01    0.4781960880E-01
        86    0.3897969196E+00    0.3848749584E+00    0.2873126491E-01    0.4853363608E-01
        87    0.3713716119E+00    0.3708950858E+00    0.2806248972E-01    0.4996984342E-01
        88    0.3632482216E+00    0.3574049102E+00    0.2742579499E-01    0.5141702497E-01
        89    0.3390596413E+00    0.3443662740E+00    0.2681881956E-01    0.5287530700E-01
        90    0.3345703037E+00    0.3317447794E+00    0.2623943697E-01    0.5434481772E-01
        91    0.3325398245E+00    0.3255806222E+00    0.2595948536E-01    0.5508382444E-01
        92    0.3299490417E+00    0.3195093197E+00    0.2568572622E-01    0.5582568731E-01
        93    0.3236357173E+00    0.3076316798E+00    0.2515594688E-01    0.5731804800E-01
        94    0.3049439245E+00    0.2918453258E+00    0.2440479831E-01    0.5896849235E-01
        95    0.3030667899E+00    0.2945296652E+00    0.2437618858E-01    0.5758077735E-01
        96    0.3016141520E+00    0.2958629462E+00    0.2436139696E-01    0.5688739727E-01
        97    0.3008492847E+00    0.2971900631E+00    0.2434626594E-01    0.5619433519E-01
        98    0.3007543390E+00    0.2998250400E+00    0.2431493789E-01    0.5480916411E-01
        99    0.3013730675E+00    0.3024329736E+00    0.2428210305E-01    0.5342526238E-01
       100    0.3033088718E+00    0.3050120810E+00    0.2424765002E-01    0.5204262826E-01
       101    0.3039891654E+00    0.3075603993E+00    0.2421145616E-01    0.5066125998E-01
       102    0.3042505979E+00    0.3088223441E+00    0.2419266467E-01    0.4997105000E-01
       103    0.3048279490E+00    0.3100757613E+00    0.2417338612E-01    0.4928115583E-01
       104    0.3052152848E+00    0.3125557685E+00    0.2413329011E-01    0.4790231407E-01
       105    0.4320800811E+00    0.4179703105E+00    0.3196625200E-01    0.5683027213E-01
       106    0.4194647730E+00    0.4103339882E+00    0.3158166130E-01    0.5747824620E-01
       107    0.4152703718E+00    0.4065956334E+00    0.3139466695E-01    0.5780453739E-01
       108    0.3955196646E+00    0.4029083854E+00    0.3121107790E-01    0.5813237929E-01
       109    0.3875387003E+00    0.3956812477E+00    0.3085375024E-01    0.5879275963E-01
       110    0.3773174658E+00    0.3886411639E+00    0.3050897959E-01    0.5945947715E-01
       111    0.3722096650E+00    0.3817774931E+00    0.3017611546E-01    0.6013262351E-01
       112    0.3658986417E+00    0.3750802990E+00    0.2985455156E-01    0.6081229215E-01
       113    0.3654385006E+00    0.3717912032E+00    0.2969782887E-01    0.6115460201E-01
       114    0.3628786252E+00    0.3685402898E+00    0.2954372203E-01    0.6149857831E-01
       115    0.3593327157E+00    0.3621487659E+00    0.2924309821E-01    0.6219157912E-01
       116    0.4236008781E+00    0.4272946004E+00    0.3362358255E-01    0.6444977139E-01
       117    0.4302033384E+00    0.4279504668E+00    0.3331687384E-01    0.6198830227E-01
       118    0.4351999837E+00    0.4281631113E+00    0.3315837074E-01    0.6077200699E-01
       119    0.4366919796E+00    0.4282967442E+00    0.3299627977E-01    0.5956518791E-01
       120    0.4311080150E+00    0.4283199731E+00    0.3266083557E-01    0.5717953879E-01
       121    0.4347549284E+00    0.4280051645E+00    0.3230948498E-01    0.5483049266E-01
       122    0.4361630142E+00    0.4273356242E+00    0.3194106912E-01    0.5251721352E-01
       123    0.4281518174E+00    0.4262927502E+00    0.3155431375E-01    0.5023889068E-01
       124    0.4349348493E+00    0.4256249217E+00    0.3135362543E-01    0.4911259118E-01
       125    0.4367499704E+00    0.4248557991E+00    0.3114781453E-01    0.4799473771E-01
       126    0.4324042533E+00    0.4230016135E+00    0.3072001995E-01    0.4578399163E-01
       127    0.3650326136E+00    0.3764781038E+00    0.3029152408E-01    0.6328951972E-01
       128    0.3732358523E+00    0.3831391570E+00    0.3028632503E-01    0.6031188821E-01
       129    0.3786976367E+00    0.3864060456E+00    0.3028358096E-01    0.5885014472E-01
       130    0.3852582334E+00    0.3896313773E+00    0.3028073326E-01    0.5740601448E-01
       131    0.3888947959E+00    0.3959598280E+00    0.3027470252E-01    0.5456933549E-01
       132    0.3985197223E+00    0.4021291786E+00    0.3026817901E-01    0.5179940883E-01
       133    0.4102602803E+00    0.4081436939E+00    0.3026109977E-01    0.4909390567E-01
       134    0.4122228352E+00    0.4140072165E+00    0.3025339062E-01    0.4645060430E-01
       135    0.4279795549E+00    0.4168834343E+00    0.3024927296E-01    0.4515161277E-01
       136    0.4355520415E+00    0.4197231386E+00    0.3024496357E-01    0.4386738399E-01
       137    0.4304532498E+00    0.4252943610E+00    0.3023571345E-01    0.4134221932E-01
       138    0.4264919331E+00    0.4224403074E+00    0.3191267750E-01    0.5447741605E-01
       139    0.4159233320E+00    0.4027187290E+00    0.3077547558E-01    0.5513146427E-01
       140    0.4019375123E+00    0.3933195267E+00    0.3023539160E-01    0.5545663888E-01
       141    0.3916388568E+00    0.3842084455E+00    0.2971309805E-01    0.5578058978E-01
       142    0.3729094357E+00    0.3667972501E+00    0.2871855706E-01    0.5642484795E-01
       143    0.3410080471E+00    0.3503863046E+00    0.2778569814E-01    0.5706429333E-01
       144    0.3223677406E+00    0.3348882188E+00    0.2690908044E-01    0.5769897965E-01
       145    0.3277539599E+00    0.3202254489E+00    0.2608387687E-01    0.5832895983E-01
       146    0.3195057973E+00    0.3131854333E+00    0.2568919392E-01    0.5864220144E-01
       147    0.3050923527E+00    0.3063289583E+00    0.2530579063E-01    0.5895428602E-01
       148    0.3008277403E+00    0.2931370881E+00    0.2457098479E-01    0.5957500962E-01
       149    0.3562631232E+00    0.3795760268E+00    0.2890679017E-01    0.5211603650E-01
       150    0.3594206178E+00    0.3689780152E+00    0.2824811341E-01    0.5213068273E-01
       151    0.3608270649E+00    0.3638450705E+00    0.2792911534E-01    0.5213791406E-01
       152    0.3624143566E+00    0.3588184201E+00    0.2761673580E-01    0.5214508520E-01
       153    0.3578429254E+00    0.3490715210E+00    0.2701105462E-01    0.5215924992E-01
       154    0.3469210390E+00    0.3397135312E+00    0.2642958768E-01    0.5217318275E-01
       155    0.3368855359E+00    0.3307224217E+00    0.2587096236E-01    0.5218688932E-01
       156    0.3256278511E+00    0.3220777644E+00    0.2533390581E-01    0.5220037511E-01
       157    0.3119917446E+00    0.3178793740E+00    0.2507309315E-01    0.5220703687E-01
       158    0.3046814166E+00    0.3137605900E+00    0.2481723613E-01    0.5221364540E-01
       159    0.3036860037E+00    0.3057532623E+00    0.2431985448E-01    0.5222670533E-01
       160    0.4244004781E+00    0.4206005790E+00    0.3015423670E-01    0.4283753166E-01
       161    0.4017700433E+00    0.4028744550E+00    0.2944563217E-01    0.4564564161E-01
       162    0.4011696531E+00    0.3942455028E+00    0.2910717480E-01    0.4705854155E-01
       163    0.3915106331E+00    0.3857590748E+00    0.2877844297E-01    0.4847738778E-01
       164    0.3766460280E+00    0.3691787949E+00    0.2814799535E-01    0.5133306987E-01
       165    0.3584288290E+00    0.3530711941E+00    0.2755044062E-01    0.5421299264E-01
       166    0.3463282239E+00    0.3373839988E+00    0.2698256350E-01    0.5711746606E-01
       167    0.3303320639E+00    0.3220728616E+00    0.2644164362E-01    0.6004680541E-01
       168    0.3187693157E+00    0.3145462107E+00    0.2618055213E-01    0.6152089981E-01
       169    0.3065945036E+00    0.3070997202E+00    0.2592535324E-01    0.6300133139E-01
       170    0.3034393990E+00    0.2924315674E+00    0.2543168054E-01    0.6598137023E-01
