     Index       y_measurement           y_fitting        descriptor_1        descriptor_2        descriptor_3
         1    0.2595301222E+03    0.2584251291E+03    0.4732108643E-02    0.1633068175E-01    0.9700134744E-06
         2    0.2079026556E+03    0.2095247051E+03    0.4348987539E-02    0.1898289494E-01    0.1070227598E-03
         3    0.2226869444E+03    0.2231816899E+03    0.4475268288E-02    0.1697738368E-01    0.1313327990E-03
         4    0.2466663556E+03    0.2459644605E+03    0.4654259617E-02    0.1573280588E-01    0.1170405617E-05
         5    0.2405868667E+03    0.2408795604E+03    0.4610738410E-02    0.1625028040E-01    0.1419814294E-05
         6    0.2053415111E+03    0.2085178908E+03    0.4355828656E-02    0.1807975684E-01    0.1210622312E-03
         7    0.2209334444E+03    0.2224117942E+03    0.4481316298E-02    0.1623990529E-01    0.1209447138E-03
         8    0.2036199000E+03    0.2054270515E+03    0.4352365997E-02    0.1689367420E-01    0.1593901917E-03
         9    0.1988755111E+03    0.1983701906E+03    0.4333638580E-02    0.1495676972E-01    0.2880694154E-05
        10    0.1820647889E+03    0.1823735741E+03    0.4205939736E-02    0.1591548470E-01    0.2554277302E-03
        11    0.1862727778E+03    0.1867147198E+03    0.4245338088E-02    0.1535516513E-01    0.1617570867E-03
        12    0.2604490667E+03    0.2606690431E+03    0.4720030630E-02    0.1812917408E-01    0.1183411598E-05
        13    0.2896785556E+03    0.2874619706E+03    0.4948866104E-02    0.1543366709E-01    0.4133694634E-06
        14    0.1894734000E+03    0.1876776787E+03    0.4174578851E-02    0.2038471186E-01    0.1308431174E-03
        15    0.1935410889E+03    0.1916128308E+03    0.4215238292E-02    0.1950965981E-01    0.2088250741E-03
        16    0.2416573111E+03    0.2454435451E+03    0.4593543201E-02    0.1941776241E-01    0.4711208390E-04
        17    0.2785376444E+03    0.2761494908E+03    0.4863153118E-02    0.1584886585E-01    0.5756252309E-04
        18    0.2668892556E+03    0.2661174774E+03    0.4789172306E-02    0.1603626146E-01    0.2801055136E-03
        19    0.2110321000E+03    0.2132477150E+03    0.4425484616E-02    0.1542715811E-01    0.1101239241E-02
        20    0.1790172889E+03    0.1764615093E+03    0.4160276201E-02    0.1600267426E-01    0.9345236893E-03
        21    0.2256499111E+03    0.2280773399E+03    0.4551125411E-02    0.1398822682E-01    0.1145873773E-02
        22    0.2279487222E+03    0.2301332945E+03    0.4528407199E-02    0.1664976236E-01    0.2433738369E-03
        23    0.2568662444E+03    0.2574811529E+03    0.4739423844E-02    0.1532751841E-01    0.3560823753E-03
        24    0.2505142889E+03    0.2521934739E+03    0.4695056106E-02    0.1581944218E-01    0.3165123749E-03
        25    0.1817765778E+03    0.1794841630E+03    0.4185486642E-02    0.1585334376E-01    0.5314059619E-03
        26    0.2281654778E+03    0.2318913919E+03    0.4579193423E-02    0.1387792365E-01    0.1210782917E-02
        27    0.2011406222E+03    0.2043366391E+03    0.4373473840E-02    0.1470465652E-01    0.1302605922E-02
        28    0.1819319111E+03    0.1793684025E+03    0.4193584235E-02    0.1514306590E-01    0.9961249163E-03
        29    0.2107032667E+03    0.2140938699E+03    0.4455583403E-02    0.1377227597E-01    0.1407623645E-02
        30    0.2151194444E+03    0.2185862496E+03    0.4434564647E-02    0.1754431705E-01    0.9529116707E-04
        31    0.2290660778E+03    0.2331503154E+03    0.4562463709E-02    0.1580223143E-01    0.2676080881E-03
        32    0.2044317667E+03    0.2063228224E+03    0.4347214619E-02    0.1766136440E-01    0.6052679981E-04
        33    0.2137194444E+03    0.2155779518E+03    0.4430725021E-02    0.1641330596E-01    0.1570846601E-03
        34    0.2164706222E+03    0.2204568331E+03    0.4497751124E-02    0.1420899178E-01    0.4031987756E-03
        35    0.2003932667E+03    0.2023064075E+03    0.4375036681E-02    0.1378354074E-01    0.9558749898E-03
        36    0.1893699333E+03    0.1893309589E+03    0.4282056377E-02    0.1412106639E-01    0.2998700203E-03
        37    0.2062119333E+03    0.2073871670E+03    0.4415813459E-02    0.1333717979E-01    0.1321368900E-02
        38    0.2630736333E+03    0.2643694750E+03    0.4748134211E-02    0.1793802211E-01    0.1606413637E-03
        39    0.2928621333E+03    0.2915640616E+03    0.4978418028E-02    0.1529074579E-01    0.2986879887E-03
        40    0.1871043000E+03    0.1849564006E+03    0.4240531204E-02    0.1437531188E-01    0.1889398610E-02
        41    0.1764319667E+03    0.1746797171E+03    0.4151102734E-02    0.1474217958E-01    0.4591302281E-02
        42    0.2456214556E+03    0.2465802094E+03    0.4629233610E-02    0.1748500652E-01    0.5178671353E-03
        43    0.1790136222E+03    0.1760768427E+03    0.4117725780E-02    0.1878650615E-01    0.2331104267E-03
        44    0.1923749111E+03    0.1904927663E+03    0.4198679464E-02    0.2012730448E-01    0.2778818281E-04
        45    0.1980689000E+03    0.1944849954E+03    0.4239587354E-02    0.1927192695E-01    0.7112811770E-04
        46    0.2834870333E+03    0.2805077696E+03    0.4892044671E-02    0.1569864535E-01    0.9352786017E-03
        47    0.2641083000E+03    0.2617071669E+03    0.4718235441E-02    0.1871143062E-01    0.1546771483E-04
        48    0.2534758778E+03    0.2500040641E+03    0.4634343835E-02    0.1884649779E-01    0.2117466903E-04
        49    0.2469492333E+03    0.2451943528E+03    0.4589993126E-02    0.1954331896E-01    0.1792614508E-04
        50    0.2098778222E+03    0.2061043708E+03    0.4295784174E-02    0.2090261053E-01    0.3318402578E-04
        51    0.2611882111E+03    0.2635393059E+03    0.4712250674E-02    0.1993103407E-01    0.7481532209E-05
        52    0.2922040889E+03    0.2897302478E+03    0.4942531893E-02    0.1686591238E-01    0.1849512091E-04
        53    0.1898993111E+03    0.1886278502E+03    0.4262190274E-02    0.1517117316E-01    0.1630155229E-04
        54    0.1952178111E+03    0.1936386697E+03    0.4293732173E-02    0.1539639034E-01    0.1583718668E-04
        55    0.2016502556E+03    0.1986349131E+03    0.4325135977E-02    0.1562395286E-01    0.1538172448E-04
        56    0.2105854111E+03    0.2085845148E+03    0.4387532906E-02    0.1608626204E-01    0.1449716559E-04
        57    0.2213828000E+03    0.2184783490E+03    0.4449388209E-02    0.1655840472E-01    0.1364718617E-04
        58    0.2402382000E+03    0.2381055474E+03    0.4571501899E-02    0.1753347287E-01    0.1204820791E-04
        59    0.2422979556E+03    0.2429801723E+03    0.4601702630E-02    0.1778389822E-01    0.1166899823E-04
        60    0.2458938778E+03    0.2478423623E+03    0.4631773969E-02    0.1803707468E-01    0.1129783014E-04
        61    0.2572186333E+03    0.2575303162E+03    0.4691531785E-02    0.1855186424E-01    0.1057927399E-04
        62    0.2082812222E+03    0.2044618632E+03    0.4392159565E-02    0.1384098649E-01    0.2896727135E-03
        63    0.2124671556E+03    0.2117817959E+03    0.4435081495E-02    0.1434159860E-01    0.4035347157E-03
        64    0.2147394667E+03    0.2154172986E+03    0.4456233422E-02    0.1459805298E-01    0.4702297189E-03
        65    0.2253844556E+03    0.2262363425E+03    0.4518488147E-02    0.1539324802E-01    0.7135291619E-03
        66    0.2347459556E+03    0.2333848092E+03    0.4559018568E-02    0.1594600730E-01    0.9152061729E-03
        67    0.2431637556E+03    0.2404899907E+03    0.4598796101E-02    0.1651797065E-01    0.1151699420E-02
        68    0.2513636333E+03    0.2475588658E+03    0.4637841532E-02    0.1711015654E-01    0.1425781188E-02
        69    0.2534225000E+03    0.2510818835E+03    0.4657095997E-02    0.1741417109E-01    0.1577784106E-02
        70    0.2547179556E+03    0.2545984669E+03    0.4676174889E-02    0.1772365677E-01    0.1740223760E-02
        71    0.2631218000E+03    0.2616158992E+03    0.4713815474E-02    0.1835964317E-01    0.2097799418E-02
        72    0.1924218778E+03    0.1887248931E+03    0.4153881941E-02    0.2223159664E-01    0.2016069608E-04
        73    0.1983598444E+03    0.1979626364E+03    0.4220920375E-02    0.2206987004E-01    0.2272684344E-04
        74    0.2024171778E+03    0.2025771512E+03    0.4254360086E-02    0.2199216313E-01    0.2408778320E-04
        75    0.2065748778E+03    0.2071888478E+03    0.4287749060E-02    0.2191645238E-01    0.2550199746E-04
        76    0.2156308111E+03    0.2164040861E+03    0.4354381500E-02    0.2177071936E-01    0.2849434082E-04
        77    0.2237516111E+03    0.2256090100E+03    0.4420830955E-02    0.2163210772E-01    0.3171205619E-04
        78    0.2350597111E+03    0.2348043637E+03    0.4487110455E-02    0.2150010791E-01    0.3516332622E-04
        79    0.2445528889E+03    0.2439909643E+03    0.4553232803E-02    0.2137425788E-01    0.3885633360E-04
        80    0.2477960889E+03    0.2485812550E+03    0.4586238990E-02    0.2131350627E-01    0.4079604588E-04
        81    0.2505340222E+03    0.2531696918E+03    0.4619210596E-02    0.2125413763E-01    0.4279926100E-04
        82    0.2601386889E+03    0.2623414799E+03    0.4685056227E-02    0.2113936457E-01    0.4700029107E-04
        83    0.3058445778E+03    0.3079761536E+03    0.5086194035E-02    0.1582421177E-01    0.5364657895E-07
        84    0.3013589222E+03    0.3031562638E+03    0.5046741235E-02    0.1619814484E-01    0.5230077886E-07
        85    0.2990407000E+03    0.3007920405E+03    0.5027230834E-02    0.1639181776E-01    0.5163640258E-07
        86    0.2966810000E+03    0.2984584773E+03    0.5007862344E-02    0.1659017802E-01    0.5097767664E-07
        87    0.2926131333E+03    0.2938839957E+03    0.4969544972E-02    0.1700165812E-01    0.4967707924E-07
        88    0.2877935333E+03    0.2894343739E+03    0.4931777084E-02    0.1743406893E-01    0.4839879363E-07
        89    0.2843988222E+03    0.2851115576E+03    0.4894546985E-02    0.1788904916E-01    0.4714262676E-07
        90    0.2820282667E+03    0.2809179278E+03    0.4857843312E-02    0.1836841314E-01    0.4590838560E-07
        91    0.2803237333E+03    0.2788704333E+03    0.4839685420E-02    0.1861785993E-01    0.4529942683E-07
        92    0.2792287556E+03    0.2768563522E+03    0.4821655017E-02    0.1887417506E-01    0.4469587709E-07
        93    0.2744485778E+03    0.2729302462E+03    0.4785971361E-02    0.1940857720E-01    0.4350490822E-07
        94    0.1886036444E+03    0.1873791288E+03    0.4155049840E-02    0.1349026722E-01    0.2812786030E-01
        95    0.1870368222E+03    0.1866785327E+03    0.4175679174E-02    0.1340127650E-01    0.2266825572E-01
        96    0.1870242778E+03    0.1865220529E+03    0.4186070849E-02    0.1335721997E-01    0.2022568551E-01
        97    0.1838565333E+03    0.1864888969E+03    0.4196514375E-02    0.1331345216E-01    0.1796519921E-01
        98    0.1853664667E+03    0.1867748952E+03    0.4217558540E-02    0.1322677144E-01    0.1396226595E-01
        99    0.1870591111E+03    0.1875012114E+03    0.4238814827E-02    0.1314121212E-01    0.1060303113E-01
       100    0.1889144889E+03    0.1886325403E+03    0.4260286462E-02    0.1305675260E-01    0.7831069948E-02
       101    0.1905193889E+03    0.1901335867E+03    0.4281976732E-02    0.1297337180E-01    0.5589957589E-02
       102    0.1899346000E+03    0.1910117272E+03    0.4292904901E-02    0.1293207948E-01    0.4650836965E-02
       103    0.1915395111E+03    0.1919690665E+03    0.4303888994E-02    0.1289104919E-01    0.3823269243E-02
       104    0.1921652444E+03    0.1941037066E+03    0.4326026674E-02    0.1280976474E-01    0.2474580098E-02
       105    0.1813102889E+03    0.1714980318E+03    0.4127553965E-02    0.1543467168E-01    0.2472537009E-02
       106    0.1730694778E+03    0.1714348616E+03    0.4120999807E-02    0.1592155218E-01    0.2155673260E-02
       107    0.1717623333E+03    0.1714633263E+03    0.4117914420E-02    0.1617669586E-01    0.2007935953E-02
       108    0.1704806556E+03    0.1715326988E+03    0.4114956071E-02    0.1644015010E-01    0.1867107750E-02
       109    0.1700829333E+03    0.1717971519E+03    0.4109418360E-02    0.1699366909E-01    0.1605516832E-02
       110    0.1692373444E+03    0.1722348702E+03    0.4104382660E-02    0.1758575928E-01    0.1369576859E-02
       111    0.1700707556E+03    0.1728537217E+03    0.4099845337E-02    0.1822059789E-01    0.1157964184E-02
       112    0.1708686111E+03    0.1736630095E+03    0.4095803129E-02    0.1890298791E-01    0.9693551623E-03
       113    0.1718423667E+03    0.1741424311E+03    0.4093966772E-02    0.1926371613E-01    0.8832633814E-03
       114    0.1740759667E+03    0.1746737396E+03    0.4092253136E-02    0.1963847984E-01    0.8024261461E-03
       115    0.1730707556E+03    0.1758989549E+03    0.4089192820E-02    0.2043352300E-01    0.6558534893E-03
       116    0.1967226222E+03    0.1949403733E+03    0.4316912489E-02    0.1448758726E-01    0.2806706012E-05
       117    0.1931341889E+03    0.1917898763E+03    0.4286716888E-02    0.1501742698E-01    0.3336257989E-05
       118    0.1907203222E+03    0.1903143101E+03    0.4272087091E-02    0.1529715050E-01    0.3624342100E-05
       119    0.1876005778E+03    0.1889058384E+03    0.4257762199E-02    0.1558749240E-01    0.3928550376E-05
       120    0.1853022667E+03    0.1862928205E+03    0.4230006788E-02    0.1620254522E-01    0.4587095668E-05
       121    0.1818018444E+03    0.1839574648E+03    0.4203411489E-02    0.1686812954E-01    0.5315406357E-05
       122    0.1808356889E+03    0.1819088423E+03    0.4177939444E-02    0.1759073949E-01    0.6116994939E-05
       123    0.1786953444E+03    0.1801589021E+03    0.4153555967E-02    0.1837803181E-01    0.6995373907E-05
       124    0.1787971889E+03    0.1794005992E+03    0.4141762164E-02    0.1879870997E-01    0.7464457440E-05
       125    0.1796762778E+03    0.1787230552E+03    0.4130228415E-02    0.1923909817E-01    0.7954055755E-05
       126    0.1785659444E+03    0.1776209352E+03    0.4107926063E-02    0.2018481793E-01    0.8996552977E-05
       127    0.1863562667E+03    0.1820669124E+03    0.4229865839E-02    0.1429938142E-01    0.7997102416E-06
       128    0.1967213778E+03    0.1959286403E+03    0.4325914390E-02    0.1435237421E-01    0.7732614847E-06
       129    0.2028386333E+03    0.2029024375E+03    0.4374248176E-02    0.1437825554E-01    0.7602586531E-06
       130    0.2193693111E+03    0.2240009023E+03    0.4520523175E-02    0.1445355090E-01    0.7221263734E-06
       131    0.2362448000E+03    0.2382186495E+03    0.4619131603E-02    0.1450187811E-01    0.6974267231E-06
       132    0.2532290889E+03    0.2525624101E+03    0.4718642514E-02    0.1454878640E-01    0.6732968124E-06
       133    0.2691348000E+03    0.2670359870E+03    0.4819081534E-02    0.1459433736E-01    0.6497299932E-06
       134    0.2862961111E+03    0.2816432697E+03    0.4920474945E-02    0.1463858907E-01    0.6267196177E-06
       135    0.2959017111E+03    0.2963882377E+03    0.5022849710E-02    0.1468159633E-01    0.6042590378E-06
       136    0.2105255556E+03    0.2085876217E+03    0.4424870898E-02    0.1345847189E-01    0.7470500392E-03
       137    0.2194879000E+03    0.2200976541E+03    0.4501564294E-02    0.1360338346E-01    0.1086728296E-02
       138    0.2250481778E+03    0.2258843596E+03    0.4540000649E-02    0.1367490097E-01    0.1289632578E-02
       139    0.2306701222E+03    0.2316939957E+03    0.4578501431E-02    0.1374580372E-01    0.1516340647E-02
       140    0.2418327444E+03    0.2433874687E+03    0.4655710229E-02    0.1388579636E-01    0.2046449195E-02
       141    0.2531147778E+03    0.2551888881E+03    0.4733218589E-02    0.1402342293E-01    0.2687616046E-02
       142    0.2798409111E+03    0.2791588196E+03    0.4889245718E-02    0.1429181380E-01    0.4345373068E-02
       143    0.2875471778E+03    0.2852356687E+03    0.4928483420E-02    0.1435752329E-01    0.4845727049E-02
       144    0.2945108667E+03    0.2913489715E+03    0.4967820514E-02    0.1442269122E-01    0.5383087447E-02
       145    0.3012605778E+03    0.3036903597E+03    0.5046806996E-02    0.1455142895E-01    0.6574108544E-02
       146    0.2096941111E+03    0.2105607159E+03    0.4337978068E-02    0.2015859760E-01    0.1304324028E-03
       147    0.2163081222E+03    0.2170560008E+03    0.4388912283E-02    0.1979652914E-01    0.1401986434E-03
       148    0.2288574333E+03    0.2302678563E+03    0.4491455007E-02    0.1912848303E-01    0.1611696182E-03
       149    0.2417612556E+03    0.2437559563E+03    0.4594906755E-02    0.1852604378E-01    0.1841340065E-03
       150    0.2556504667E+03    0.2575017492E+03    0.4699279668E-02    0.1797999916E-01    0.2091823145E-03
       151    0.2737433333E+03    0.2714903537E+03    0.4804586104E-02    0.1748278455E-01    0.2364050486E-03
       152    0.2900036000E+03    0.2857097801E+03    0.4910838644E-02    0.1702813035E-01    0.2658927150E-03
       153    0.2989490444E+03    0.3001503448E+03    0.5018050096E-02    0.1661079622E-01    0.2977358201E-03
