	 Y 	 Y_pred 	 diff
    0.3020090589E+00    0.3182278923E+00   -0.1621883338E-01
    0.1983230862E+00    0.1711864219E+00    0.2713666426E-01
    0.2124254665E+00    0.2264384131E+00   -0.1401294657E-01
    0.3898202890E+00    0.4212725936E+00   -0.3145230469E-01
    0.1342891712E+00    0.1720738950E+00   -0.3778472381E-01
    0.2813862858E+00    0.2784190145E+00    0.2967271361E-02
    0.3770097654E+00    0.3904009963E+00   -0.1339123095E-01
    0.4572457538E+00    0.4732559199E+00   -0.1601016607E-01
    0.4578862221E+00    0.4722712181E+00   -0.1438499596E-01
    0.1796044697E+00    0.1957601226E+00   -0.1615565289E-01
    0.3018347465E+00    0.2758190600E+00    0.2601568648E-01
    0.1364241452E+00    0.1393295716E+00   -0.2905426411E-02
    0.2176879084E+00    0.2378647532E+00   -0.2017684482E-01
    0.4298996304E+00    0.4141617875E+00    0.1573784295E-01
    0.2116025279E+00    0.2433841675E+00   -0.3178163962E-01
    0.3826141023E+00    0.3899905893E+00   -0.7376487010E-02
    0.4524044644E+00    0.4462721058E+00    0.6132358610E-02
    0.2188755888E+00    0.1942879594E+00    0.2458762939E-01
    0.4565628182E+00    0.4465529568E+00    0.1000986139E-01
    0.3810698261E+00    0.3995255460E+00   -0.1845571992E-01
    0.3155324828E+00    0.3238093265E+00   -0.8276843767E-02
    0.2431243250E+00    0.1972491898E+00    0.4587513520E-01
    0.2458956862E+00    0.2479438427E+00   -0.2048156437E-02
    0.3834132326E+00    0.3823254595E+00    0.1087773121E-02
    0.3842960836E+00    0.3885230754E+00   -0.4226991739E-02
    0.2378831299E+00    0.2336316248E+00    0.4251505089E-02
    0.2246052236E+00    0.1940080671E+00    0.3059715653E-01
    0.3104478013E+00    0.2876217868E+00    0.2282601456E-01
    0.1609983312E+00    0.1535454696E+00    0.7452861635E-02
    0.2639498902E+00    0.2602101568E+00    0.3739733407E-02
    0.2484917914E+00    0.2532400684E+00   -0.4748276998E-02
    0.2777107383E+00    0.2999286245E+00   -0.2221788625E-01
    0.4480318505E+00    0.4256113339E+00    0.2242051662E-01
    0.3140799395E+00    0.3464043208E+00   -0.3232438131E-01
    0.2714353627E+00    0.2758205927E+00   -0.4385229973E-02
    0.4373163477E+00    0.4104480346E+00    0.2686831304E-01
    0.2796253592E+00    0.3347248181E+00   -0.5509945893E-01
    0.3001533759E+00    0.2974451175E+00    0.2708258422E-02
    0.3168200734E+00    0.2832044359E+00    0.3361563747E-01
    0.3606096115E+00    0.3163136197E+00    0.4429599184E-01
    0.3988790197E+00    0.4369248129E+00   -0.3804579322E-01
    0.2259092688E+00    0.2121525916E+00    0.1375667720E-01
    0.3605672677E+00    0.3330599127E+00    0.2750735494E-01
    0.4533916717E+00    0.4820227928E+00   -0.2863112106E-01
    0.4527502248E+00    0.4772413113E+00   -0.2449108649E-01
    0.1354515406E+00    0.1555123650E+00   -0.2006082440E-01
    0.1909003345E+00    0.2068852585E+00   -0.1598492406E-01
    0.1864659655E+00    0.1879357212E+00   -0.1469755742E-02
    0.3891821346E+00    0.3989908789E+00   -0.9808744349E-02
    0.3179402455E+00    0.2853777042E+00    0.3256254129E-01
    0.4491178787E+00    0.4154964205E+00    0.3362145819E-01
    0.2527832565E+00    0.2251398726E+00    0.2764338391E-01
    0.3052002036E+00    0.2987685697E+00    0.6431633947E-02
    0.2746515510E+00    0.3151169517E+00   -0.4046540067E-01
    0.3033097908E+00    0.2904860968E+00    0.1282369397E-01
    0.3195628020E+00    0.2872523754E+00    0.3231042665E-01
    0.2315906063E+00    0.2219820187E+00    0.9608587632E-02
    0.4469048804E+00    0.4108039348E+00    0.3610094560E-01
    0.4234910986E+00    0.3961553238E+00    0.2733577489E-01
    0.1426577999E+00    0.1874618299E+00   -0.4480403000E-01
    0.3855424304E+00    0.3413860109E+00    0.4415641951E-01
    0.2595940232E+00    0.3248471565E+00   -0.6525313332E-01
    0.2335975515E+00    0.2644422823E+00   -0.3084473078E-01
    0.4103677372E+00    0.4058505912E+00    0.4517145918E-02
    0.3660323783E+00    0.3803721090E+00   -0.1433973068E-01
    0.1592238765E+00    0.1753677604E+00   -0.1614388392E-01
    0.2102269710E+00    0.2185788315E+00   -0.8351860521E-02
    0.4122722955E+00    0.4053366409E+00    0.6935654517E-02
    0.4041564535E+00    0.3701259441E+00    0.3403050940E-01
    0.2511563255E+00    0.2460566360E+00    0.5099689479E-02
    0.2320546000E+00    0.2862457566E+00   -0.5419115662E-01
    0.3337535518E+00    0.2964780661E+00    0.3727548566E-01
    0.4489842999E+00    0.4452100924E+00    0.3774207471E-02
    0.4210826770E+00    0.4009811003E+00    0.2010157670E-01
    0.3829514472E+00    0.3682127178E+00    0.1473872939E-01
    0.4487305421E+00    0.4706999005E+00   -0.2196935846E-01
    0.1422823761E+00    0.1580517435E+00   -0.1576936736E-01
    0.1702090010E+00    0.1777705633E+00   -0.7561562315E-02
    0.2431527848E+00    0.2136606320E+00    0.2949215286E-01
    0.1464057447E+00    0.1557972024E+00   -0.9391457687E-02
    0.1320689701E+00    0.1623988924E+00   -0.3032992230E-01
    0.2966245313E+00    0.2810234127E+00    0.1560111866E-01
    0.2098434920E+00    0.2438621671E+00   -0.3401867504E-01
    0.4029868256E+00    0.3667079186E+00    0.3627890701E-01
    0.3102337429E+00    0.3070219416E+00    0.3211801358E-02
    0.2186514932E+00    0.2419026619E+00   -0.2325116863E-01
    0.4440869345E+00    0.4269171810E+00    0.1716975346E-01
    0.2267002756E+00    0.1703790776E+00    0.5632119800E-01
    0.2092739035E+00    0.1879777729E+00    0.2129613061E-01
    0.4412176146E+00    0.3831591110E+00    0.5805850362E-01
    0.2364462509E+00    0.1919202898E+00    0.4452596110E-01
    0.4269733901E+00    0.3948932563E+00    0.3208013378E-01
    0.2011678056E+00    0.1586654495E+00    0.4250235603E-01
    0.4522062284E+00    0.4106941909E+00    0.4151203752E-01
    0.4463194501E+00    0.4262617617E+00    0.2005768848E-01
    0.4555457409E+00    0.4407622706E+00    0.1478347036E-01
    0.3369956056E+00    0.3552592974E+00   -0.1826369173E-01
    0.2672206022E+00    0.2346305204E+00    0.3259008186E-01
    0.2945343546E+00    0.2583034900E+00    0.3623086460E-01
    0.1333490388E+00    0.1346953160E+00   -0.1346277224E-02
    0.1360308813E+00    0.1286286051E+00    0.7402276108E-02
    0.3409530845E+00    0.3577051787E+00   -0.1675209417E-01
    0.2863966357E+00    0.2938510521E+00   -0.7454416404E-02
    0.4371113264E+00    0.4209724068E+00    0.1613891961E-01
    0.2119213688E+00    0.2155427839E+00   -0.3621415034E-02
    0.2307039824E+00    0.2146561754E+00    0.1604780694E-01
    0.2694453323E+00    0.2940140834E+00   -0.2456875113E-01
    0.3046928854E+00    0.3263468004E+00   -0.2165391503E-01
    0.2339656649E+00    0.1918702913E+00    0.4209537351E-01
    0.2843223449E+00    0.2260867337E+00    0.5823561121E-01
    0.2778108002E+00    0.3159798866E+00   -0.3816908636E-01
    0.4002315923E+00    0.4022125322E+00   -0.1980939958E-02
    0.4502571878E+00    0.4746274537E+00   -0.2437026586E-01
    0.1415712356E+00    0.1654303834E+00   -0.2385914783E-01
    0.1781381791E+00    0.2236445639E+00   -0.4550638475E-01
    0.3068125379E+00    0.3170763938E+00   -0.1026385595E-01
    0.3946178759E+00    0.3995177680E+00   -0.4899892054E-02
    0.4517514088E+00    0.4316143266E+00    0.2013708220E-01
    0.3126505444E+00    0.3237807451E+00   -0.1113020069E-01
    0.2151500840E+00    0.1911044028E+00    0.2404568126E-01
    0.2877592344E+00    0.3209978487E+00   -0.3323861426E-01
    0.2821058033E+00    0.2862055583E+00   -0.4099755011E-02
    0.1532933446E+00    0.2143512937E+00   -0.6105794912E-01
    0.2907721873E+00    0.2916851908E+00   -0.9130035561E-03
    0.3835882870E+00    0.3947543935E+00   -0.1116610651E-01
    0.4484240400E+00    0.4836328743E+00   -0.3520883433E-01
    0.4592785290E+00    0.4820112195E+00   -0.2273269052E-01
    0.4595310313E+00    0.4809958354E+00   -0.2146480402E-01
    0.4509489184E+00    0.4767014013E+00   -0.2575248289E-01
    0.1444167407E+00    0.1562880276E+00   -0.1187128688E-01
    0.1509255145E+00    0.1601055502E+00   -0.9180035682E-02
    0.2399862202E+00    0.2412703100E+00   -0.1284089765E-02
    0.1513056224E+00    0.1796533104E+00   -0.2834768800E-01
    0.2688141384E+00    0.2894934990E+00   -0.2067936061E-01
    0.3424241728E+00    0.3577824080E+00   -0.1535823519E-01
    0.4440677561E+00    0.4165414917E+00    0.2752626445E-01
    0.2780862305E+00    0.2645604383E+00    0.1352579219E-01
    0.4080844591E+00    0.3503494537E+00    0.5773500543E-01
    0.2872237083E+00    0.2900328477E+00   -0.2809139448E-02
    0.2680617680E+00    0.3003805530E+00   -0.3231878504E-01
    0.2681246117E+00    0.2706423536E+00   -0.2517741839E-02
    0.2820478834E+00    0.2713049162E+00    0.1074296718E-01
    0.2294035237E+00    0.2052144236E+00    0.2418910003E-01
    0.3691071406E+00    0.3453532745E+00    0.2375386605E-01
    0.3793562733E+00    0.3421700060E+00    0.3718626731E-01
    0.3933726165E+00    0.4117564471E+00   -0.1838383067E-01
    0.2160994330E+00    0.1991995397E+00    0.1689989339E-01
    0.3009395713E+00    0.2985519520E+00    0.2387619282E-02
    0.2956445844E+00    0.2750197487E+00    0.2062483574E-01
    0.1321953933E+00    0.1623545569E+00   -0.3015916357E-01
    0.1545919717E+00    0.1900402995E+00   -0.3544832778E-01
    0.4593358219E+00    0.4923777642E+00   -0.3304194231E-01
    0.2338955183E+00    0.2432987721E+00   -0.9403253782E-02
    0.4311771491E+00    0.4009990950E+00    0.3017805413E-01
    0.3162345360E+00    0.3079512399E+00    0.8283296106E-02
    0.3893930302E+00    0.3880530346E+00    0.1339995562E-02
    0.4433412280E+00    0.4394032731E+00    0.3937954886E-02
    0.3978840001E+00    0.3733625566E+00    0.2452144359E-01
    0.3956483535E+00    0.3885574022E+00    0.7090951345E-02
    0.2766077859E+00    0.3144890804E+00   -0.3788129458E-01
    0.2860637736E+00    0.3443638590E+00   -0.5830008534E-01
    0.3718718209E+00    0.3750589770E+00   -0.3187156099E-02
    0.3997269348E+00    0.4329348646E+00   -0.3320792984E-01
    0.4477070965E+00    0.4637849020E+00   -0.1607780551E-01
    0.2793822363E+00    0.2500726244E+00    0.2930961190E-01
    0.2769316302E+00    0.2763617016E+00    0.5699286496E-03
    0.1346825959E+00    0.1866823384E+00   -0.5199974259E-01
    0.1458560428E+00    0.1639033404E+00   -0.1804729756E-01
    0.3556845611E+00    0.3255072504E+00    0.3017731073E-01
    0.3029599096E+00    0.3208114570E+00   -0.1785154737E-01
