	 Y 	 Y_pred 	 diff
    0.3020090589E+00    0.3130879065E+00   -0.1107884763E-01
    0.1983230862E+00    0.1778749083E+00    0.2044817790E-01
    0.2124254665E+00    0.2202711348E+00   -0.7845668328E-02
    0.3898202890E+00    0.4069978771E+00   -0.1717758811E-01
    0.1342891712E+00    0.1589636997E+00   -0.2467452848E-01
    0.2813862858E+00    0.2767114814E+00    0.4674804469E-02
    0.3770097654E+00    0.3991763615E+00   -0.2216659613E-01
    0.4572457538E+00    0.4654793919E+00   -0.8233638116E-02
    0.4578862221E+00    0.4631680549E+00   -0.5281832805E-02
    0.1796044697E+00    0.1936372167E+00   -0.1403274703E-01
    0.3018347465E+00    0.2838112423E+00    0.1802350417E-01
    0.1364241452E+00    0.1514708167E+00   -0.1504667153E-01
    0.2176879084E+00    0.2227366753E+00   -0.5048766987E-02
    0.4298996304E+00    0.4075234450E+00    0.2237618539E-01
    0.2116025279E+00    0.2442282204E+00   -0.3262569253E-01
    0.3826141023E+00    0.4065204434E+00   -0.2390634112E-01
    0.4524044644E+00    0.4675448332E+00   -0.1514036878E-01
    0.2188755888E+00    0.1844323929E+00    0.3444319584E-01
    0.4565628182E+00    0.4526976039E+00    0.3865214303E-02
    0.3810698261E+00    0.4123244286E+00   -0.3125460258E-01
    0.3155324828E+00    0.3292254533E+00   -0.1369297053E-01
    0.2431243250E+00    0.2236404683E+00    0.1948385677E-01
    0.2458956862E+00    0.2481537906E+00   -0.2258104392E-02
    0.3834132326E+00    0.3637906965E+00    0.1962253606E-01
    0.3842960836E+00    0.3718440726E+00    0.1245201103E-01
    0.2378831299E+00    0.2456842687E+00   -0.7801138842E-02
    0.2246052236E+00    0.2137093039E+00    0.1089591975E-01
    0.3104478013E+00    0.3201860387E+00   -0.9738237376E-02
    0.1609983312E+00    0.1237602357E+00    0.3723809553E-01
    0.2639498902E+00    0.2538985681E+00    0.1005132218E-01
    0.2484917914E+00    0.2450582521E+00    0.3433539331E-02
    0.2777107383E+00    0.2702781753E+00    0.7432563036E-02
    0.4480318505E+00    0.4064513951E+00    0.4158045543E-01
    0.3140799395E+00    0.3442316987E+00   -0.3015175922E-01
    0.2714353627E+00    0.2835303797E+00   -0.1209501697E-01
    0.4373163477E+00    0.4144920620E+00    0.2282428572E-01
    0.2796253592E+00    0.3348325691E+00   -0.5520720991E-01
    0.3001533759E+00    0.2979206734E+00    0.2232702571E-02
    0.3168200734E+00    0.2813751649E+00    0.3544490848E-01
    0.3606096115E+00    0.3175792961E+00    0.4303031539E-01
    0.3988790197E+00    0.4539934909E+00   -0.5511447121E-01
    0.2259092688E+00    0.2134537102E+00    0.1245555854E-01
    0.3605672677E+00    0.3360155387E+00    0.2455172894E-01
    0.4533916717E+00    0.4561899463E+00   -0.2798274604E-02
    0.4527502248E+00    0.4509590787E+00    0.1791146069E-02
    0.1354515406E+00    0.1441140274E+00   -0.8662486726E-02
    0.1909003345E+00    0.2092224357E+00   -0.1832210124E-01
    0.1864659655E+00    0.1960074278E+00   -0.9541462311E-02
    0.3891821346E+00    0.3958862323E+00   -0.6704097702E-02
    0.3179402455E+00    0.2545925813E+00    0.6334766419E-01
    0.4491178787E+00    0.4140623979E+00    0.3505548076E-01
    0.2527832565E+00    0.2400241342E+00    0.1275912229E-01
    0.3052002036E+00    0.2936077402E+00    0.1159246344E-01
    0.2746515510E+00    0.3214151773E+00   -0.4676362623E-01
    0.3033097908E+00    0.2840373757E+00    0.1927241509E-01
    0.3195628020E+00    0.2897668037E+00    0.2979599837E-01
    0.2315906063E+00    0.2022825953E+00    0.2930801097E-01
    0.4469048804E+00    0.4348335439E+00    0.1207133647E-01
    0.4234910986E+00    0.3785461784E+00    0.4494492027E-01
    0.1426577999E+00    0.1488385109E+00   -0.6180710978E-02
    0.3855424304E+00    0.3498491792E+00    0.3569325121E-01
    0.2595940232E+00    0.3060331484E+00   -0.4643912519E-01
    0.2335975515E+00    0.2569078626E+00   -0.2331031113E-01
    0.4103677372E+00    0.4338213979E+00   -0.2345366070E-01
    0.3660323783E+00    0.3820237101E+00   -0.1599133181E-01
    0.1592238765E+00    0.1820980916E+00   -0.2287421514E-01
    0.2102269710E+00    0.2201727846E+00   -0.9945813589E-02
    0.4122722955E+00    0.4128953168E+00   -0.6230213452E-03
    0.4041564535E+00    0.3744524000E+00    0.2970405354E-01
    0.2511563255E+00    0.2462198000E+00    0.4936525452E-02
    0.2320546000E+00    0.2711875131E+00   -0.3913291318E-01
    0.3337535518E+00    0.2811098236E+00    0.5264372813E-01
    0.4489842999E+00    0.4672731943E+00   -0.1828889439E-01
    0.4210826770E+00    0.4153943131E+00    0.5688363888E-02
    0.3829514472E+00    0.3611438334E+00    0.2180761379E-01
    0.4487305421E+00    0.4503964445E+00   -0.1665902433E-02
    0.1422823761E+00    0.1973129777E+00   -0.5503060154E-01
    0.1702090010E+00    0.2128511156E+00   -0.4264211464E-01
    0.2431527848E+00    0.2439574693E+00   -0.8046844376E-03
    0.1464057447E+00    0.1340622911E+00    0.1234345366E-01
    0.1320689701E+00    0.1451940257E+00   -0.1312505561E-01
    0.2966245313E+00    0.2828186433E+00    0.1380588805E-01
    0.2098434920E+00    0.2218268370E+00   -0.1198334498E-01
    0.4029868256E+00    0.3542380675E+00    0.4874875812E-01
    0.3102337429E+00    0.2911556726E+00    0.1907807031E-01
    0.2186514932E+00    0.3114340896E+00   -0.9278259632E-01
    0.4440869345E+00    0.5082232043E+00   -0.6413626989E-01
    0.2267002756E+00    0.1746305650E+00    0.5206971064E-01
    0.2092739035E+00    0.2096033080E+00   -0.3294045528E-03
    0.4412176146E+00    0.4210806280E+00    0.2013698659E-01
    0.2364462509E+00    0.1919479954E+00    0.4449825552E-01
    0.4269733901E+00    0.3863605991E+00    0.4061279099E-01
    0.2011678056E+00    0.1560862257E+00    0.4508157983E-01
    0.4522062284E+00    0.4317531629E+00    0.2045306551E-01
    0.4463194501E+00    0.4200625937E+00    0.2625685648E-01
    0.4555457409E+00    0.4901266995E+00   -0.3458095857E-01
    0.3369956056E+00    0.3531437057E+00   -0.1614810012E-01
    0.2672206022E+00    0.2355943557E+00    0.3162624648E-01
    0.2945343546E+00    0.2646190319E+00    0.2991532271E-01
    0.1333490388E+00    0.1348313874E+00   -0.1482348686E-02
    0.1360308813E+00    0.1342043119E+00    0.1826569321E-02
    0.3409530845E+00    0.3565970244E+00   -0.1564393986E-01
    0.2863966357E+00    0.2971442176E+00   -0.1074758197E-01
    0.4371113264E+00    0.4447022955E+00   -0.7590969063E-02
    0.2119213688E+00    0.2133988716E+00   -0.1477502751E-02
    0.2307039824E+00    0.2145630566E+00    0.1614092573E-01
    0.2694453323E+00    0.2980193201E+00   -0.2857398782E-01
    0.3046928854E+00    0.3266270896E+00   -0.2193420415E-01
    0.2339656649E+00    0.2077754539E+00    0.2619021096E-01
    0.2843223449E+00    0.2388063006E+00    0.4551604427E-01
    0.2778108002E+00    0.2873113996E+00   -0.9500599375E-02
    0.4002315923E+00    0.4165970887E+00   -0.1636549641E-01
    0.4502571878E+00    0.4509728360E+00   -0.7156481545E-03
    0.1415712356E+00    0.1411134350E+00    0.4578005829E-03
    0.1781381791E+00    0.2135290015E+00   -0.3539082241E-01
    0.3068125379E+00    0.2967852155E+00    0.1002732239E-01
    0.3946178759E+00    0.3943803980E+00    0.2374779471E-03
    0.4517514088E+00    0.4333179957E+00    0.1843341314E-01
    0.3126505444E+00    0.3192606746E+00   -0.6610130227E-02
    0.2151500840E+00    0.2078478834E+00    0.7302200634E-02
    0.2877592344E+00    0.3069037907E+00   -0.1914455626E-01
    0.2821058033E+00    0.2963049565E+00   -0.1419915328E-01
    0.1532933446E+00    0.2240082249E+00   -0.7071488027E-01
    0.2907721873E+00    0.2528784686E+00    0.3789371866E-01
    0.3835882870E+00    0.4009925522E+00   -0.1740426516E-01
    0.4484240400E+00    0.4862291629E+00   -0.3780512288E-01
    0.4592785290E+00    0.4830627999E+00   -0.2378427098E-01
    0.4595310313E+00    0.4811224369E+00   -0.2159140557E-01
    0.4509489184E+00    0.4726254271E+00   -0.2167650866E-01
    0.1444167407E+00    0.1346097747E+00    0.9806965984E-02
    0.1509255145E+00    0.1319897267E+00    0.1893578781E-01
    0.2399862202E+00    0.2360471515E+00    0.3939068762E-02
    0.1513056224E+00    0.1773287522E+00   -0.2602312984E-01
    0.2688141384E+00    0.2972351435E+00   -0.2842100511E-01
    0.3424241728E+00    0.3589578988E+00   -0.1653372604E-01
    0.4440677561E+00    0.4165286452E+00    0.2753911095E-01
    0.2780862305E+00    0.2834356304E+00   -0.5349399949E-02
    0.4080844591E+00    0.3638111920E+00    0.4427326708E-01
    0.2872237083E+00    0.3011080436E+00   -0.1388433530E-01
    0.2680617680E+00    0.3078116448E+00   -0.3974987682E-01
    0.2681246117E+00    0.2774453738E+00   -0.9320762029E-02
    0.2820478834E+00    0.2802437610E+00    0.1804122363E-02
    0.2294035237E+00    0.2022740280E+00    0.2712949561E-01
    0.3691071406E+00    0.3605436368E+00    0.8563503768E-02
    0.3793562733E+00    0.3561366558E+00    0.2321961750E-01
    0.3933726165E+00    0.4200097866E+00   -0.2663717011E-01
    0.2160994330E+00    0.2044011383E+00    0.1169829474E-01
    0.3009395713E+00    0.3118406386E+00   -0.1090106738E-01
    0.2956445844E+00    0.2944156544E+00    0.1228930025E-02
    0.1321953933E+00    0.1440278244E+00   -0.1183243111E-01
    0.1545919717E+00    0.1529356162E+00    0.1656355541E-02
    0.4593358219E+00    0.4728150010E+00   -0.1347917911E-01
    0.2338955183E+00    0.2418487323E+00   -0.7953214048E-02
    0.4311771491E+00    0.4262666892E+00    0.4910459920E-02
    0.3162345360E+00    0.3190416894E+00   -0.2807153446E-02
    0.3893930302E+00    0.4128667366E+00   -0.2347370636E-01
    0.4433412280E+00    0.4658016240E+00   -0.2246039598E-01
    0.3978840001E+00    0.3678719193E+00    0.3001208083E-01
    0.3956483535E+00    0.3837879006E+00    0.1186045294E-01
    0.2766077859E+00    0.2783851958E+00   -0.1777409972E-02
    0.2860637736E+00    0.3197337670E+00   -0.3366999333E-01
    0.3718718209E+00    0.3709380732E+00    0.9337477258E-03
    0.3997269348E+00    0.4320655400E+00   -0.3233860521E-01
    0.4477070965E+00    0.4410824424E+00    0.6624654122E-02
    0.2793822363E+00    0.2556268384E+00    0.2375539789E-01
    0.2769316302E+00    0.2669071841E+00    0.1002444609E-01
    0.1346825959E+00    0.1703422641E+00   -0.3565966823E-01
    0.1458560428E+00    0.1538240826E+00   -0.7968039802E-02
    0.3556845611E+00    0.3101284511E+00    0.4555610998E-01
    0.3029599096E+00    0.3287464391E+00   -0.2578652944E-01
