	 Y 	 Y_pred 	 diff
    0.3020090589E+00    0.3254012318E+00   -0.2339217295E-01
    0.1983230862E+00    0.1628630496E+00    0.3546003662E-01
    0.2124254665E+00    0.2349406408E+00   -0.2251517431E-01
    0.3898202890E+00    0.4274617539E+00   -0.3764146498E-01
    0.1342891712E+00    0.1974676807E+00   -0.6317850948E-01
    0.2813862858E+00    0.2938130918E+00   -0.1242680595E-01
    0.3770097654E+00    0.3932674143E+00   -0.1625764894E-01
    0.4572457538E+00    0.4601528921E+00   -0.2907138253E-02
    0.4578862221E+00    0.4591964221E+00   -0.1310199962E-02
    0.1796044697E+00    0.1805891698E+00   -0.9847001730E-03
    0.3018347465E+00    0.2563317919E+00    0.4550295457E-01
    0.1364241452E+00    0.1489800501E+00   -0.1255590487E-01
    0.2176879084E+00    0.2144171183E+00    0.3270790056E-02
    0.4298996304E+00    0.4228841505E+00    0.7015479961E-02
    0.2116025279E+00    0.2479217104E+00   -0.3631918251E-01
    0.3826141023E+00    0.3823634628E+00    0.2506395125E-03
    0.4524044644E+00    0.4357017585E+00    0.1670270585E-01
    0.2188755888E+00    0.1896007510E+00    0.2927483777E-01
    0.4565628182E+00    0.4274750096E+00    0.2908780861E-01
    0.3810698261E+00    0.4015322118E+00   -0.2046238578E-01
    0.3155324828E+00    0.3337049216E+00   -0.1817243889E-01
    0.2431243250E+00    0.2155624470E+00    0.2756187802E-01
    0.2458956862E+00    0.2497678345E+00   -0.3872148258E-02
    0.3834132326E+00    0.4121087820E+00   -0.2869554944E-01
    0.3842960836E+00    0.4201170478E+00   -0.3582096415E-01
    0.2378831299E+00    0.2612154298E+00   -0.2333229990E-01
    0.2246052236E+00    0.1846838857E+00    0.3992133787E-01
    0.3104478013E+00    0.2684918930E+00    0.4195590833E-01
    0.1609983312E+00    0.1425674228E+00    0.1843090840E-01
    0.2639498902E+00    0.2449995111E+00    0.1895037914E-01
    0.2484917914E+00    0.2380412843E+00    0.1045050707E-01
    0.2777107383E+00    0.2846133799E+00   -0.6902641654E-02
    0.4480318505E+00    0.4068466311E+00    0.4118521942E-01
    0.3140799395E+00    0.3629186124E+00   -0.4883867294E-01
    0.2714353627E+00    0.2772920807E+00   -0.5856717990E-02
    0.4373163477E+00    0.3926589406E+00    0.4465740705E-01
    0.2796253592E+00    0.3252844935E+00   -0.4565913435E-01
    0.3001533759E+00    0.2917067557E+00    0.8446620207E-02
    0.3168200734E+00    0.2832386731E+00    0.3358140031E-01
    0.3606096115E+00    0.3145061528E+00    0.4610345870E-01
    0.3988790197E+00    0.4293888543E+00   -0.3050983461E-01
    0.2259092688E+00    0.2462310343E+00   -0.2032176552E-01
    0.3605672677E+00    0.3510332823E+00    0.9533985361E-02
    0.4533916717E+00    0.4589076118E+00   -0.5515940133E-02
    0.4527502248E+00    0.4573823235E+00   -0.4632098711E-02
    0.1354515406E+00    0.1456900684E+00   -0.1023852778E-01
    0.1909003345E+00    0.2019286010E+00   -0.1102826655E-01
    0.1864659655E+00    0.1908963925E+00   -0.4430427016E-02
    0.3891821346E+00    0.3767916310E+00    0.1239050359E-01
    0.3179402455E+00    0.3040920026E+00    0.1384824290E-01
    0.4491178787E+00    0.4294377763E+00    0.1968010238E-01
    0.2527832565E+00    0.2382583478E+00    0.1452490870E-01
    0.3052002036E+00    0.3110031149E+00   -0.5802911263E-02
    0.2746515510E+00    0.3241661571E+00   -0.4951460605E-01
    0.3033097908E+00    0.2913372576E+00    0.1197253320E-01
    0.3195628020E+00    0.2919783418E+00    0.2758446021E-01
    0.2315906063E+00    0.2095737664E+00    0.2201683990E-01
    0.4469048804E+00    0.4067011200E+00    0.4020376038E-01
    0.4234910986E+00    0.4050376048E+00    0.1845349387E-01
    0.1426577999E+00    0.1834168480E+00   -0.4075904810E-01
    0.3855424304E+00    0.3452916432E+00    0.4025078722E-01
    0.2595940232E+00    0.3426664886E+00   -0.8307246543E-01
    0.2335975515E+00    0.2532308187E+00   -0.1963326725E-01
    0.4103677372E+00    0.3915818038E+00    0.1878593333E-01
    0.3660323783E+00    0.3974148883E+00   -0.3138250995E-01
    0.1592238765E+00    0.1983202020E+00   -0.3909632550E-01
    0.2102269710E+00    0.2318292630E+00   -0.2160229200E-01
    0.4122722955E+00    0.3951653628E+00    0.1710693266E-01
    0.4041564535E+00    0.3531769086E+00    0.5097954486E-01
    0.2511563255E+00    0.2379186450E+00    0.1323768044E-01
    0.2320546000E+00    0.2829807320E+00   -0.5092613203E-01
    0.3337535518E+00    0.2919773446E+00    0.4177620718E-01
    0.4489842999E+00    0.4398629309E+00    0.9121368950E-02
    0.4210826770E+00    0.3928211896E+00    0.2826148741E-01
    0.3829514472E+00    0.3937528445E+00   -0.1080139733E-01
    0.4487305421E+00    0.4559529282E+00   -0.7222386184E-02
    0.1422823761E+00    0.1591962443E+00   -0.1691386815E-01
    0.1702090010E+00    0.1728735617E+00   -0.2664560716E-02
    0.2431527848E+00    0.2002546722E+00    0.4289811262E-01
    0.1464057447E+00    0.1453079387E+00    0.1097806051E-02
    0.1320689701E+00    0.1551065560E+00   -0.2303758593E-01
    0.2966245313E+00    0.2673520938E+00    0.2927243757E-01
    0.2098434920E+00    0.2350348093E+00   -0.2519131733E-01
    0.4029868256E+00    0.3467946263E+00    0.5619219929E-01
    0.3102337429E+00    0.3238067474E+00   -0.1357300454E-01
    0.2186514932E+00    0.2327102764E+00   -0.1405878317E-01
    0.4440869345E+00    0.4223463526E+00    0.2174058186E-01
    0.2267002756E+00    0.1989264198E+00    0.2777385584E-01
    0.2092739035E+00    0.1993754872E+00    0.9898416243E-02
    0.4412176146E+00    0.3887281125E+00    0.5248950213E-01
    0.2364462509E+00    0.1773292106E+00    0.5911704026E-01
    0.4269733901E+00    0.4023013360E+00    0.2467205412E-01
    0.2011678056E+00    0.1672917426E+00    0.3387606292E-01
    0.4522062284E+00    0.4067654378E+00    0.4544079058E-01
    0.4463194501E+00    0.4242923828E+00    0.2202706738E-01
    0.4555457409E+00    0.4266446296E+00    0.2890111138E-01
    0.3369956056E+00    0.3764714010E+00   -0.3947579533E-01
    0.2672206022E+00    0.2120699568E+00    0.5515064540E-01
    0.2945343546E+00    0.2397303038E+00    0.5480405079E-01
    0.1333490388E+00    0.1476820851E+00   -0.1433304639E-01
    0.1360308813E+00    0.1513052299E+00   -0.1527434865E-01
    0.3409530845E+00    0.3788379035E+00   -0.3788481891E-01
    0.2863966357E+00    0.2815649523E+00    0.4831683377E-02
    0.4371113264E+00    0.4224790136E+00    0.1463231277E-01
    0.2119213688E+00    0.1959885054E+00    0.1593286346E-01
    0.2307039824E+00    0.1955783553E+00    0.3512562703E-01
    0.2694453323E+00    0.2854640085E+00   -0.1601867621E-01
    0.3046928854E+00    0.3273284565E+00   -0.2263557110E-01
    0.2339656649E+00    0.2167060823E+00    0.1725958256E-01
    0.2843223449E+00    0.2470222243E+00    0.3730012059E-01
    0.2778108002E+00    0.3341629091E+00   -0.5635210883E-01
    0.4002315923E+00    0.4440166753E+00   -0.4378508300E-01
    0.4502571878E+00    0.4597946262E+00   -0.9537438436E-02
    0.1415712356E+00    0.1577207606E+00   -0.1614952497E-01
    0.1781381791E+00    0.2181346212E+00   -0.3999644211E-01
    0.3068125379E+00    0.3354777670E+00   -0.2866522909E-01
    0.3946178759E+00    0.4159685329E+00   -0.2135065703E-01
    0.4517514088E+00    0.4476399443E+00    0.4111464525E-02
    0.3126505444E+00    0.3255721044E+00   -0.1292155996E-01
    0.2151500840E+00    0.1922639650E+00    0.2288611905E-01
    0.2877592344E+00    0.3104076824E+00   -0.2264844794E-01
    0.2821058033E+00    0.2869524546E+00   -0.4846651374E-02
    0.1532933446E+00    0.2183734191E+00   -0.6508007445E-01
    0.2907721873E+00    0.3047762209E+00   -0.1400403360E-01
    0.3835882870E+00    0.4064505030E+00   -0.2286221595E-01
    0.4484240400E+00    0.4605256483E+00   -0.1210160831E-01
    0.4592785290E+00    0.4597599066E+00   -0.4813776080E-03
    0.4595310313E+00    0.4593781977E+00    0.1528336515E-03
    0.4509489184E+00    0.4582377189E+00   -0.7288800500E-02
    0.1444167407E+00    0.1482332013E+00   -0.3816460560E-02
    0.1509255145E+00    0.1537951943E+00   -0.2869679719E-02
    0.2399862202E+00    0.2273533144E+00    0.1263290583E-01
    0.1513056224E+00    0.1868810843E+00   -0.3557546194E-01
    0.2688141384E+00    0.2954695229E+00   -0.2665538443E-01
    0.3424241728E+00    0.3544222533E+00   -0.1199808056E-01
    0.4440677561E+00    0.4094094121E+00    0.3465834398E-01
    0.2780862305E+00    0.2793263728E+00   -0.1240142299E-02
    0.4080844591E+00    0.3530737619E+00    0.5501069718E-01
    0.2872237083E+00    0.2788907242E+00    0.8332984060E-02
    0.2680617680E+00    0.3073766963E+00   -0.3931492836E-01
    0.2681246117E+00    0.2846674095E+00   -0.1654279773E-01
    0.2820478834E+00    0.2470885041E+00    0.3495937929E-01
    0.2294035237E+00    0.2078906587E+00    0.2151286499E-01
    0.3691071406E+00    0.3592842802E+00    0.9822860404E-02
    0.3793562733E+00    0.3588344246E+00    0.2052184872E-01
    0.3933726165E+00    0.4019323846E+00   -0.8559768120E-02
    0.2160994330E+00    0.2301730436E+00   -0.1407361059E-01
    0.3009395713E+00    0.3224444631E+00   -0.2150489182E-01
    0.2956445844E+00    0.2486618321E+00    0.4698275228E-01
    0.1321953933E+00    0.1462295112E+00   -0.1403411788E-01
    0.1545919717E+00    0.1828025312E+00   -0.2821055951E-01
    0.4593358219E+00    0.4327497974E+00    0.2658602449E-01
    0.2338955183E+00    0.2631507446E+00   -0.2925522630E-01
    0.4311771491E+00    0.3910572910E+00    0.4011985807E-01
    0.3162345360E+00    0.3127577668E+00    0.3476769197E-02
    0.3893930302E+00    0.4010285975E+00   -0.1163556724E-01
    0.4433412280E+00    0.4397174420E+00    0.3623785925E-02
    0.3978840001E+00    0.3751998368E+00    0.2268416339E-01
    0.3956483535E+00    0.3895055621E+00    0.6142791446E-02
    0.2766077859E+00    0.3242508710E+00   -0.4764308510E-01
    0.2860637736E+00    0.3614161489E+00   -0.7535237525E-01
    0.3718718209E+00    0.3799666938E+00   -0.8094872905E-02
    0.3997269348E+00    0.4326370242E+00   -0.3291008937E-01
    0.4477070965E+00    0.4580753270E+00   -0.1036823054E-01
    0.2793822363E+00    0.2284588389E+00    0.5092339740E-01
    0.2769316302E+00    0.2537781435E+00    0.2315348675E-01
    0.1346825959E+00    0.1807833264E+00   -0.4610073052E-01
    0.1458560428E+00    0.1711114827E+00   -0.2525543990E-01
    0.3556845611E+00    0.3177526350E+00    0.3793192614E-01
    0.3029599096E+00    0.3447477362E+00   -0.4178782655E-01
