     Index       y_measurement           y_fitting        descriptor_1        descriptor_2        descriptor_3
         1    0.1129134333E+03    0.1050917049E+03    0.4177305629E+01    0.4484155086E-07    0.1534095976E+02
         2    0.5741510000E+02    0.5503292444E+02    0.3682795564E+01    0.1386172536E-05    0.6378801953E+01
         3    0.6408266667E+02    0.6961918530E+02    0.3824619055E+01    0.1386172536E-05    0.4901136945E+01
         4    0.9851213333E+02    0.9346717013E+02    0.4062624925E+01    0.1386172536E-05    0.1353575680E+02
         5    0.9577526667E+02    0.8876784671E+02    0.4016671334E+01    0.1386172536E-05    0.1354011884E+02
         6    0.6416440000E+02    0.7008128390E+02    0.3829480340E+01    0.1386172536E-05    0.5518204602E+01
         7    0.5078230000E+02    0.5361428996E+02    0.3668255107E+01    0.4484155086E-07    0.5176429337E+01
         8    0.4487846667E+02    0.5045920370E+02    0.3641575793E+01    0.8171276545E-02    0.9802253213E+01
         9    0.3941803333E+02    0.3475722599E+02    0.3485773927E+01    0.1010208374E-08    0.8651017188E+01
        10    0.4091123333E+02    0.3926059770E+02    0.3528821673E+01    0.1010208374E-08    0.6862693289E+01
        11    0.1155721667E+03    0.1068315941E+03    0.4195614171E+01    0.1010208374E-08    0.1767314620E+02
        12    0.1317270667E+03    0.1313531184E+03    0.4435342023E+01    0.1010208374E-08    0.1753783522E+02
        13    0.4379320000E+02    0.3029603088E+02    0.3440116619E+01    0.1010208374E-08    0.4991395524E+01
        14    0.4094110000E+02    0.3537269862E+02    0.3488919964E+01    0.1010208374E-08    0.3471997385E+01
        15    0.1067330000E+03    0.9005493183E+02    0.4027170895E+01    0.8171276545E-02    0.6876923649E+01
        16    0.1185663333E+03    0.1150781140E+03    0.4270003103E+01    0.4484155086E-07    0.6394918125E+01
        17    0.5631520000E+02    0.6637374272E+02    0.3793815073E+01    0.1386172536E-05    0.6585117318E+01
        18    0.4281686667E+02    0.3108443209E+02    0.3452603935E+01    0.0000000000E+00    0.1360370738E+02
        19    0.6653600000E+02    0.7956697748E+02    0.3922440559E+01    0.1386172536E-05    0.5873243694E+01
        20    0.7081320000E+02    0.7910547966E+02    0.3915952998E+01    0.1386172536E-05    0.2313815084E+01
        21    0.9909350000E+02    0.1077406992E+03    0.4197052092E+01    0.1386172536E-05    0.4237704621E+01
        22    0.9879613333E+02    0.1032152641E+03    0.4152796538E+01    0.1386172536E-05    0.4237620263E+01
        23    0.3968340000E+02    0.3569782322E+02    0.3495221536E+01    0.0000000000E+00    0.9100340662E+01
        24    0.4755836667E+02    0.5953573763E+02    0.3726482748E+01    0.4484155086E-07    0.5753547789E+01
        25    0.4298803333E+02    0.3607223131E+02    0.3500342148E+01    0.0000000000E+00    0.1173085911E+02
        26    0.5702396667E+02    0.6803823292E+02    0.3809244600E+01    0.4484155086E-07    0.5056874477E+01
        27    0.6448746667E+02    0.7023766300E+02    0.3829480340E+01    0.1386172536E-05    0.2761302868E+01
        28    0.6892443333E+02    0.8387984509E+02    0.3962433746E+01    0.1386172536E-05    0.1936824594E+01
        29    0.5462010000E+02    0.5838364648E+02    0.3713517400E+01    0.4484155086E-07    0.2691173662E+01
        30    0.6024150000E+02    0.6750202791E+02    0.3802216104E+01    0.4484155086E-07    0.1839333254E+01
        31    0.6916680000E+02    0.7640268972E+02    0.3889999121E+01    0.8171276545E-02    0.2740917213E+00
        32    0.5625880000E+02    0.4927466239E+02    0.3623694798E+01    0.0000000000E+00    0.1351251182E+01
        33    0.6976280000E+02    0.6493806758E+02    0.3775738491E+01    0.1010208374E-08   -0.6915700416E+00
        34    0.1171394000E+03    0.1123280101E+03    0.4244798141E+01    0.1010208374E-08    0.9439925082E+01
        35    0.1298107667E+03    0.1365556225E+03    0.4481529373E+01    0.1010208374E-08    0.9084007119E+01
        36    0.4263683333E+02    0.3950055045E+02    0.3534565791E+01    0.1010208374E-08    0.1298763187E+02
        37    0.3551316667E+02    0.2722820808E+02    0.3422989633E+01    0.0000000000E+00    0.2820021875E+02
        38    0.1050881333E+03    0.9578309577E+02    0.4082200278E+01    0.8171276545E-02    0.5095897098E+01
        39    0.3710063333E+02    0.2417041376E+02    0.3383178433E+01    0.0000000000E+00    0.1033826948E+02
        40    0.4623996667E+02    0.3535376744E+02    0.3488919964E+01    0.1010208374E-08    0.3805746628E+01
        41    0.4979963333E+02    0.4033702552E+02    0.3536971699E+01    0.1010208374E-08    0.2578158739E+01
        42    0.1283589667E+03    0.1244692476E+03    0.4361570780E+01    0.8171276545E-02    0.3005650584E+01
        43    0.1119227000E+03    0.1045342088E+03    0.4170481742E+01    0.4484155086E-07    0.1286763121E+02
        44    0.9410970000E+02    0.9245559318E+02    0.4050847785E+01    0.1386172536E-05    0.1013821546E+02
        45    0.9391083333E+02    0.8739633154E+02    0.4001502608E+01    0.1386172536E-05    0.1037396305E+02
        46    0.5990580000E+02    0.4605732694E+02    0.3595959999E+01    0.8171276545E-02    0.5171711849E+01
        47    0.1167444000E+03    0.1063099537E+03    0.4190398522E+01    0.1010208374E-08    0.1746694692E+02
        48    0.1322718667E+03    0.1315308770E+03    0.4435745624E+01    0.1010208374E-08    0.1513161435E+02
        49    0.1506720000E+02    0.2179134224E+02    0.3555826753E+01    0.1000000000E+01    0.8501414286E+01
        50    0.2607280000E+02    0.2613721236E+02    0.3598270309E+01    0.1000000000E+01    0.8400577381E+01
        51    0.3288510000E+02    0.3050308303E+02    0.3640909456E+01    0.1000000000E+01    0.8299740476E+01
        52    0.7457800000E+02    0.6616697609E+02    0.3989229256E+01    0.1000000000E+01    0.7493045238E+01
        53    0.7547360000E+02    0.7071924602E+02    0.4033691254E+01    0.1000000000E+01    0.7392208333E+01
        54    0.7601236667E+02    0.7529296190E+02    0.4078362978E+01    0.1000000000E+01    0.7291371429E+01
        55    0.5943460000E+02    0.4325971954E+02    0.3760733745E+01    0.1000000000E+01   -0.5814393939E+00
        56    0.5415630000E+02    0.4933772839E+02    0.3820396084E+01    0.1000000000E+01   -0.1780303030E+00
        57    0.5238350000E+02    0.5233966481E+02    0.3849864755E+01    0.1000000000E+01    0.2367424242E-01
        58    0.5043943333E+02    0.6119128269E+02    0.3936762887E+01    0.1000000000E+01    0.6287878788E+00
        59    0.6211446667E+02    0.6695871712E+02    0.3993388031E+01    0.1000000000E+01    0.1032196970E+01
        60    0.7535336667E+02    0.7261421286E+02    0.4048918495E+01    0.1000000000E+01    0.1435606061E+01
        61    0.7547280000E+02    0.7815324444E+02    0.4103310023E+01    0.1000000000E+01    0.1839015152E+01
        62    0.7631323333E+02    0.8087761529E+02    0.4130064302E+01    0.1000000000E+01    0.2040719697E+01
        63    0.7808313333E+02    0.8357107785E+02    0.4156516320E+01    0.1000000000E+01    0.2242424242E+01
        64    0.8207633333E+02    0.8886275814E+02    0.4208488930E+01    0.1000000000E+01    0.2645833333E+01
        65    0.1068950000E+02    0.6561507616E+01    0.3404785009E+01    0.1000000000E+01    0.4706821480E+01
        66    0.2761040000E+02    0.1613951632E+02    0.3498630596E+01    0.1000000000E+01    0.5030478955E+01
        67    0.3218210000E+02    0.2574858897E+02    0.3592779966E+01    0.1000000000E+01    0.5354136430E+01
        68    0.4136713333E+02    0.3538724159E+02    0.3687218607E+01    0.1000000000E+01    0.5677793904E+01
        69    0.4472750000E+02    0.4505404486E+02    0.3781932541E+01    0.1000000000E+01    0.6001451379E+01
        70    0.6651516667E+02    0.6446664664E+02    0.3972132926E+01    0.1000000000E+01    0.6648766328E+01
        71    0.6935780000E+02    0.6933530014E+02    0.4019834631E+01    0.1000000000E+01    0.6810595065E+01
        72    0.7244110000E+02    0.7420983966E+02    0.4067593897E+01    0.1000000000E+01    0.6972423803E+01
        73    0.7973906667E+02    0.8397596851E+02    0.4163279164E+01    0.1000000000E+01    0.7296081277E+01
        74    0.1244658000E+03    0.1295419463E+03    0.4613469250E+01    0.0000000000E+00    0.3705870000E+03
        75    0.1222562000E+03    0.1240180338E+03    0.4556609523E+01    0.0000000000E+00    0.3654675000E+03
        76    0.1211050000E+03    0.1221580334E+03    0.4537473444E+01    0.0000000000E+00    0.3637610000E+03
        77    0.1179466667E+03    0.1184092676E+03    0.4498919987E+01    0.0000000000E+00    0.3603480000E+03
        78    0.1137695667E+03    0.1146213129E+03    0.4459983290E+01    0.0000000000E+00    0.3569350000E+03
        79    0.1067584667E+03    0.1069236167E+03    0.4380918909E+01    0.0000000000E+00    0.3501090000E+03
        80    0.1053764667E+03    0.1049730111E+03    0.4360896776E+01    0.0000000000E+00    0.3484025000E+03
        81    0.1040530000E+03    0.1030116420E+03    0.4340769385E+01    0.0000000000E+00    0.3466960000E+03
        82    0.1005121667E+03    0.9905600495E+02    0.4300192875E+01    0.0000000000E+00    0.3432830000E+03
        83    0.1408233333E+02    0.1370188235E+02    0.3420657313E+01    0.0000000000E+00    0.2624594000E+03
        84    0.2335330000E+02    0.2038485344E+02    0.3452984328E+01    0.0000000000E+00    0.2029188000E+03
        85    0.2498340000E+02    0.2371328818E+02    0.3469020208E+01    0.0000000000E+00    0.1731485000E+03
        86    0.3413013333E+02    0.2703318365E+02    0.3484972580E+01    0.0000000000E+00    0.1433782000E+03
        87    0.3871113333E+02    0.3364782386E+02    0.3516631368E+01    0.0000000000E+00    0.8383760000E+02
        88    0.4574376667E+02    0.4022968098E+02    0.3547969561E+01    0.0000000000E+00    0.2429700000E+02
        89    0.4908086667E+02    0.4677962166E+02    0.3578995634E+01    0.0000000000E+00   -0.3524360000E+02
        90    0.5412566667E+02    0.5329847406E+02    0.3609717686E+01    0.0000000000E+00   -0.9478420000E+02
        91    0.5592400000E+02    0.5654649104E+02    0.3624967138E+01    0.0000000000E+00   -0.1245545000E+03
        92    0.5834003333E+02    0.5978703038E+02    0.3640143464E+01    0.0000000000E+00   -0.1543248000E+03
        93    0.6338693333E+02    0.6624604925E+02    0.3670280387E+01    0.0000000000E+00   -0.2138654000E+03
        94    0.1739346667E+02    0.2142075677E+02    0.3382631971E+01    0.0000000000E+00    0.5782850000E+02
        95    0.1596020000E+02    0.2109290626E+02    0.3376834510E+01    0.0000000000E+00    0.5315700000E+02
        96    0.1462273333E+02    0.2071693341E+02    0.3370566447E+01    0.0000000000E+00    0.4848550000E+02
        97    0.1577603333E+02    0.2029034673E+02    0.3363803417E+01    0.0000000000E+00    0.4381400000E+02
        98    0.1301593333E+02    0.1981049888E+02    0.3356519531E+01    0.0000000000E+00    0.3914250000E+02
        99    0.1339103333E+02    0.1927457431E+02    0.3348687255E+01    0.0000000000E+00    0.3447100000E+02
       100    0.1529943333E+02    0.1867957599E+02    0.3340277280E+01    0.0000000000E+00    0.2979950000E+02
       101    0.1242090000E+02    0.1835893428E+02    0.3335845975E+01    0.0000000000E+00    0.2746375000E+02
       102    0.1194016667E+02    0.1802231041E+02    0.3331258376E+01    0.0000000000E+00    0.2512800000E+02
       103    0.1395766667E+02    0.1729937141E+02    0.3321597233E+01    0.0000000000E+00    0.2045650000E+02
       104    0.5977913333E+02    0.5388686738E+02    0.3670098927E+01    0.0000000000E+00    0.3694960212E+01
       105    0.5274676667E+02    0.5061748996E+02    0.3638425451E+01    0.0000000000E+00    0.4233421751E+01
       106    0.4744456667E+02    0.4891673904E+02    0.3621942672E+01    0.0000000000E+00    0.4502652520E+01
       107    0.4271046667E+02    0.4717007248E+02    0.3605010871E+01    0.0000000000E+00    0.4771883289E+01
       108    0.3855643333E+02    0.4353298649E+02    0.3569741469E+01    0.0000000000E+00    0.5310344828E+01
       109    0.3220636667E+02    0.3969351223E+02    0.3532492855E+01    0.0000000000E+00    0.5848806366E+01
       110    0.1569666667E+02    0.2911428070E+02    0.3429782285E+01    0.0000000000E+00    0.7194960212E+01
       111    0.1263756667E+02    0.2681396104E+02    0.3407436154E+01    0.0000000000E+00    0.7464190981E+01
       112    0.1576773333E+02    0.2201023780E+02    0.3360757877E+01    0.0000000000E+00    0.8002652520E+01
       113    0.1876863333E+02    0.1664615018E+02    0.3504997440E+01    0.1000000000E+01    0.7576554511E+01
       114    0.2272800000E+02    0.2882339962E+02    0.3624029469E+01    0.1000000000E+01    0.7481492481E+01
       115    0.2911583333E+02    0.3498985853E+02    0.3684306646E+01    0.1000000000E+01    0.7433961466E+01
       116    0.4469730000E+02    0.5380312373E+02    0.3868207781E+01    0.1000000000E+01    0.7291368421E+01
       117    0.6769980000E+02    0.6660907176E+02    0.3993388031E+01    0.1000000000E+01    0.7196306391E+01
       118    0.8876800000E+02    0.7962815444E+02    0.4120652585E+01    0.1000000000E+01    0.7101244361E+01
       119    0.1150665667E+03    0.1063132997E+03    0.4381508692E+01    0.1000000000E+01    0.6911120301E+01
       120    0.1240794333E+03    0.1199832936E+03    0.4515138691E+01    0.1000000000E+01    0.6816058271E+01
       121    0.6873096667E+02    0.5579609771E+02    0.3883337397E+01    0.1000000000E+01   -0.5690542636E+00
       122    0.6801640000E+02    0.6052231614E+02    0.3929662689E+01    0.1000000000E+01   -0.3774806202E+00
       123    0.6587150000E+02    0.6527029762E+02    0.3976200808E+01    0.1000000000E+01   -0.1859069767E+00
       124    0.6905330000E+02    0.7483215223E+02    0.4069921419E+01    0.1000000000E+01    0.1972403101E+00
       125    0.7560066667E+02    0.8448288095E+02    0.4164511155E+01    0.1000000000E+01    0.5803875969E+00
       126    0.9811226667E+02    0.1040559519E+03    0.4356346812E+01    0.1000000000E+01    0.1346682171E+01
       127    0.1105675667E+03    0.1090067350E+03    0.4404868185E+01    0.1000000000E+01    0.1538255814E+01
       128    0.1239530333E+03    0.1239997292E+03    0.4551807711E+01    0.1000000000E+01    0.2112976744E+01
       129    0.2881536667E+02    0.3127077286E+02    0.3645476859E+01    0.1000000000E+01    0.2999559687E+01
       130    0.3478613333E+02    0.3810153460E+02    0.3712355850E+01    0.1000000000E+01    0.3142054795E+01
       131    0.4475480000E+02    0.5176841349E+02    0.3846166204E+01    0.1000000000E+01    0.3427045010E+01
       132    0.5756113333E+02    0.6544344359E+02    0.3980056271E+01    0.1000000000E+01    0.3712035225E+01
       133    0.6879203333E+02    0.7912754399E+02    0.4114035039E+01    0.1000000000E+01    0.3997025440E+01
       134    0.8769866667E+02    0.9282135175E+02    0.4248108738E+01    0.1000000000E+01    0.4282015656E+01
       135    0.1128509667E+03    0.1065252711E+03    0.4382281321E+01    0.1000000000E+01    0.4567005871E+01
       136    0.1218290333E+03    0.1202395143E+03    0.4516554864E+01    0.1000000000E+01    0.4851996086E+01
