     Index       y_measurement           y_fitting        descriptor_1        descriptor_2
         1    0.3727521742E+00    0.3779677233E+00    0.2776342656E-02    0.1220940378E+02
         2    0.3692808565E+00    0.3701406983E+00    0.2963224183E-02    0.8948822975E+01
         3    0.3219133907E+00    0.3385734710E+00    0.2544681672E-02    0.7700118678E+01
         4    0.3203898125E+00    0.3398438780E+00    0.2499879069E-02    0.8376252235E+01
         5    0.3755429960E+00    0.3781083734E+00    0.2766797646E-02    0.1233080840E+02
         6    0.3689363424E+00    0.3704391994E+00    0.2954057069E-02    0.9093883728E+01
         7    0.3834306331E+00    0.3956782354E+00    0.2940341033E-02    0.1362900476E+02
         8    0.3841229241E+00    0.3885209373E+00    0.3088064184E-02    0.1088263328E+02
         9    0.3981010400E+00    0.3915612409E+00    0.2981381201E-02    0.1249528182E+02
        10    0.3996236202E+00    0.4131252513E+00    0.3062698064E-02    0.1542548507E+02
        11    0.3980037053E+00    0.4084936999E+00    0.3150857089E-02    0.1372375825E+02
        12    0.3065872278E+00    0.3116765942E+00    0.2103940809E-02    0.7490219549E+01
        13    0.3018713204E+00    0.3075831367E+00    0.2265224730E-02    0.5139796659E+01
        14    0.3946135729E+00    0.4138965236E+00    0.3128939566E-02    0.1488728661E+02
        15    0.4021863310E+00    0.4082052266E+00    0.3216129066E-02    0.1301082789E+02
        16    0.3076766726E+00    0.3287599229E+00    0.2243708407E-02    0.9046592359E+01
        17    0.3091608525E+00    0.3218909911E+00    0.2471282202E-02    0.5539745405E+01
        18    0.3092389430E+00    0.3172391327E+00    0.2315627736E-02    0.6309848217E+01
        19    0.3769629583E+00    0.3641041207E+00    0.2683239594E-02    0.1074003727E+02
        20    0.3904139452E+00    0.4079150084E+00    0.3108705069E-02    0.1405092497E+02
        21    0.3687133635E+00    0.3618340314E+00    0.2873839283E-02    0.8409554845E+01
        22    0.3614909000E+00    0.3630251463E+00    0.2712334467E-02    0.1025672133E+02
        23    0.3309396823E+00    0.3285584602E+00    0.2477267314E-02    0.6640248984E+01
        24    0.3741920109E+00    0.3583084857E+00    0.2650696110E-02    0.1006101975E+02
        25    0.4010305618E+00    0.3987751511E+00    0.3055398249E-02    0.1300025050E+02
        26    0.3721079413E+00    0.3578140238E+00    0.2842612470E-02    0.8026429418E+01
        27    0.3923032117E+00    0.3726144909E+00    0.2792192781E-02    0.1111611321E+02
        28    0.3928852735E+00    0.3989775183E+00    0.3039323616E-02    0.1319869768E+02
        29    0.3763802550E+00    0.3720525508E+00    0.2944085249E-02    0.9476121007E+01
        30    0.3628066791E+00    0.3575184181E+00    0.2670249631E-02    0.9724893068E+01
        31    0.3616999086E+00    0.3571833295E+00    0.2861373814E-02    0.7726103413E+01
        32    0.3769364803E+00    0.3715563307E+00    0.2826753949E-02    0.1058092479E+02
        33    0.3710709739E+00    0.3711083436E+00    0.2977663512E-02    0.8970758860E+01
        34    0.3572480509E+00    0.3572964306E+00    0.2753522610E-02    0.8840783639E+01
        35    0.3635729881E+00    0.3675602342E+00    0.2776132714E-02    0.1039886980E+02
        36    0.3710951698E+00    0.3772634945E+00    0.2859924353E-02    0.1123816839E+02
        37    0.3498298330E+00    0.3690466856E+00    0.2868610742E-02    0.9718861883E+01
        38    0.3622700519E+00    0.3672379492E+00    0.2790096440E-02    0.1020096804E+02
        39    0.3556002005E+00    0.3687659798E+00    0.2882359227E-02    0.9530387232E+01
        40    0.3047319468E+00    0.3055575532E+00    0.2249506758E-02    0.4946582065E+01
        41    0.3934461789E+00    0.4027970244E+00    0.3004685727E-02    0.1421560680E+02
        42    0.4069873114E+00    0.4182570127E+00    0.3129910270E-02    0.1563689483E+02
        43    0.3925031194E+00    0.4000440640E+00    0.3093702619E-02    0.1283236324E+02
        44    0.3131120344E+00    0.3240580897E+00    0.2218048640E-02    0.8488193230E+01
        45    0.4057369914E+00    0.4185353219E+00    0.3208840657E-02    0.1488401082E+02
        46    0.3055190544E+00    0.3198572681E+00    0.2447399752E-02    0.5428004691E+01
        47    0.3914804504E+00    0.4022148379E+00    0.3084860659E-02    0.1330021532E+02
        48    0.3875508766E+00    0.3988961249E+00    0.3172694122E-02    0.1183045001E+02
        49    0.3144476998E+00    0.3236549430E+00    0.2223988513E-02    0.8357671662E+01
        50    0.3035142463E+00    0.3195759836E+00    0.2452927014E-02    0.5322896883E+01
        51    0.3153730631E+00    0.3226000379E+00    0.2365210704E-02    0.6740152255E+01
        52    0.3356654485E+00    0.3375229259E+00    0.2564662682E-02    0.7314284620E+01
        53    0.3316145550E+00    0.3387681549E+00    0.2520109143E-02    0.7983504278E+01
        54    0.3701456579E+00    0.3905343177E+00    0.3047853118E-02    0.1164155351E+02
        55    0.3057408244E+00    0.3112904648E+00    0.2108916530E-02    0.7372450619E+01
        56    0.3022545026E+00    0.3072915288E+00    0.2269923021E-02    0.5041307148E+01
        57    0.4319090039E+00    0.4163376057E+00    0.3075229793E-02    0.1585774776E+02
        58    0.4270794082E+00    0.4025566783E+00    0.2966048592E-02    0.1456601733E+02
        59    0.4008107104E+00    0.3956154410E+00    0.2906522323E-02    0.1396141928E+02
        60    0.3863661790E+00    0.3886745636E+00    0.2844454618E-02    0.1338268639E+02
        61    0.3567211668E+00    0.3748791422E+00    0.2714609188E-02    0.1229822937E+02
        62    0.3390427691E+00    0.3613161837E+00    0.2579863468E-02    0.1130401146E+02
        63    0.3291813919E+00    0.3480969331E+00    0.2442897479E-02    0.1039219867E+02
        64    0.3261143142E+00    0.3229985561E+00    0.2170344118E-02    0.8787984925E+01
        65    0.3239659235E+00    0.3112206880E+00    0.2037709442E-02    0.8083242216E+01
        66    0.3674602020E+00    0.3630850943E+00    0.2734540800E-02    0.1004170808E+02
        67    0.3728675248E+00    0.3562158504E+00    0.2675316716E-02    0.9446581094E+01
        68    0.3805400206E+00    0.3532675381E+00    0.2642804824E-02    0.9263159163E+01
        69    0.3485184075E+00    0.3393771680E+00    0.2469701233E-02    0.8601352344E+01
        70    0.3301994043E+00    0.3316561626E+00    0.2365695014E-02    0.8312534441E+01
        71    0.3300178520E+00    0.3237075154E+00    0.2255061472E-02    0.8051353575E+01
        72    0.3296708943E+00    0.3197008437E+00    0.2198168621E-02    0.7931130554E+01
        73    0.3275040021E+00    0.3156966354E+00    0.2140632842E-02    0.7817864071E+01
        74    0.3234392652E+00    0.3077570475E+00    0.2024658227E-02    0.7612487385E+01
        75    0.4357322360E+00    0.4177232099E+00    0.3173831617E-02    0.1509800226E+02
        76    0.3992104702E+00    0.4028330145E+00    0.3042846552E-02    0.1383443957E+02
        77    0.3949555381E+00    0.3955024524E+00    0.2973943187E-02    0.1325723598E+02
        78    0.3897969196E+00    0.3882624101E+00    0.2903394561E-02    0.1271250201E+02
        79    0.3713716119E+00    0.3740902732E+00    0.2758962221E-02    0.1171052931E+02
        80    0.3632482216E+00    0.3603795319E+00    0.2612341292E-02    0.1081113767E+02
        81    0.3390596413E+00    0.3471782348E+00    0.2465747379E-02    0.1000020129E+02
        82    0.3325398245E+00    0.3284041800E+00    0.2249600629E-02    0.8924810849E+01
        83    0.3299490417E+00    0.3224311423E+00    0.2179200940E-02    0.8599238138E+01
        84    0.3049439245E+00    0.2938809428E+00    0.2107313467E-02    0.4356521141E+01
        85    0.3030667899E+00    0.2938515302E+00    0.2086036493E-02    0.4567417214E+01
        86    0.3016141520E+00    0.2938757584E+00    0.2075329124E-02    0.4680345784E+01
        87    0.3008492847E+00    0.2939289546E+00    0.2064575301E-02    0.4798791328E+01
        88    0.3007543390E+00    0.2941328653E+00    0.2042926673E-02    0.5054098453E+01
        89    0.3013730675E+00    0.2944877687E+00    0.2021087306E-02    0.5337640412E+01
        90    0.3033088718E+00    0.2950246217E+00    0.1999053808E-02    0.5654843345E+01
        91    0.3039891654E+00    0.2957830945E+00    0.1976822698E-02    0.6012651951E+01
        92    0.3042505979E+00    0.2962609975E+00    0.1965631924E-02    0.6209504643E+01
        93    0.3048279490E+00    0.2968148587E+00    0.1954390398E-02    0.6420102176E+01
        94    0.4320800811E+00    0.4202916766E+00    0.3124615223E-02    0.1604502995E+02
        95    0.4194647730E+00    0.4119241892E+00    0.3082104375E-02    0.1501927032E+02
        96    0.4152703718E+00    0.4080789074E+00    0.3060747949E-02    0.1456636565E+02
        97    0.3955196646E+00    0.4044255166E+00    0.3039323616E-02    0.1414757193E+02
        98    0.3875387003E+00    0.3976139390E+00    0.2996269495E-02    0.1339831977E+02
        99    0.3773174658E+00    0.3913542749E+00    0.2952938497E-02    0.1274800509E+02
       100    0.3658986417E+00    0.3801033258E+00    0.2865431462E-02    0.1167686787E+02
       101    0.3654385006E+00    0.3775017362E+00    0.2843375969E-02    0.1144767365E+02
       102    0.3628786252E+00    0.3749703034E+00    0.2821248044E-02    0.1123143398E+02
       103    0.3593327157E+00    0.3700951179E+00    0.2776772985E-02    0.1083386832E+02
       104    0.4236008781E+00    0.4301184520E+00    0.3179481365E-02    0.1719951313E+02
       105    0.4302033384E+00    0.4304528385E+00    0.3192079586E-02    0.1712984699E+02
       106    0.4351999837E+00    0.4306176717E+00    0.3198369875E-02    0.1709469242E+02
       107    0.4366919796E+00    0.4307808400E+00    0.3204654297E-02    0.1705930746E+02
       108    0.4311080150E+00    0.4311018816E+00    0.3217205583E-02    0.1698779356E+02
       109    0.4347549284E+00    0.4314153117E+00    0.3229733533E-02    0.1691519088E+02
       110    0.4361630142E+00    0.4317203872E+00    0.3242238232E-02    0.1684136915E+02
       111    0.4281518174E+00    0.4320162585E+00    0.3254719768E-02    0.1676617951E+02
       112    0.4349348493E+00    0.4321604429E+00    0.3260951876E-02    0.1672801925E+02
       113    0.4367499704E+00    0.4323019487E+00    0.3267178225E-02    0.1668945094E+02
       114    0.4324042533E+00    0.4325763294E+00    0.3279613689E-02    0.1661098605E+02
       115    0.3650326136E+00    0.3699031932E+00    0.2790146354E-02    0.1066466505E+02
       116    0.3786976367E+00    0.3769891506E+00    0.2876432194E-02    0.1102278686E+02
       117    0.3852582334E+00    0.3794816971E+00    0.2904950326E-02    0.1116737583E+02
       118    0.3888947959E+00    0.3847170981E+00    0.2961627018E-02    0.1150380041E+02
       119    0.3985197223E+00    0.3903690537E+00    0.3017830944E-02    0.1191757587E+02
       120    0.4102602803E+00    0.3965722942E+00    0.3073569926E-02    0.1243208870E+02
       121    0.4122228352E+00    0.4035226419E+00    0.3128851594E-02    0.1308136767E+02
       122    0.4279795549E+00    0.4073649442E+00    0.3156323267E-02    0.1347166712E+02
       123    0.4264919331E+00    0.4125371206E+00    0.3148420906E-02    0.1445273200E+02
       124    0.4159233320E+00    0.3966559404E+00    0.3093457590E-02    0.1224474372E+02
       125    0.4019375123E+00    0.3890793093E+00    0.3055187177E-02    0.1131367513E+02
       126    0.3916388568E+00    0.3816998308E+00    0.3011041621E-02    0.1047659307E+02
       127    0.3729094357E+00    0.3674532136E+00    0.2908483627E-02    0.9036510284E+01
       128    0.3223677406E+00    0.3407428672E+00    0.2665280933E-02    0.6853552217E+01
       129    0.3277539599E+00    0.3282240871E+00    0.2533098303E-02    0.6015175872E+01
       130    0.3195057973E+00    0.3221719063E+00    0.2465786751E-02    0.5644465912E+01
       131    0.3050923527E+00    0.3162584402E+00    0.2398087144E-02    0.5301855595E+01
       132    0.3008277403E+00    0.3048497636E+00    0.2262584980E-02    0.4690527483E+01
       133    0.3562631232E+00    0.3647547706E+00    0.2811911718E-02    0.9546990383E+01
       134    0.3594206178E+00    0.3612788050E+00    0.2835627283E-02    0.8700806615E+01
       135    0.3608270649E+00    0.3587222577E+00    0.2830580065E-02    0.8306777383E+01
       136    0.3578429254E+00    0.3486523569E+00    0.2763863557E-02    0.7230262476E+01
       137    0.3469210390E+00    0.3405179282E+00    0.2687133968E-02    0.6592507318E+01
       138    0.3368855359E+00    0.3316753334E+00    0.2592629015E-02    0.6011879385E+01
       139    0.3256278511E+00    0.3224054803E+00    0.2485681844E-02    0.5483158317E+01
       140    0.3119917446E+00    0.3176812220E+00    0.2428905912E-02    0.5236766686E+01
       141    0.3046814166E+00    0.3129287285E+00    0.2370538685E-02    0.5001613296E+01
       142    0.3036860037E+00    0.3034166096E+00    0.2250564579E-02    0.4562955582E+01
       143    0.4244004781E+00    0.4125228485E+00    0.3245855450E-02    0.1346102203E+02
       144    0.4017700433E+00    0.3954690092E+00    0.3168514046E-02    0.1127599062E+02
       145    0.4011696531E+00    0.3876588611E+00    0.3120736490E-02    0.1040077375E+02
       146    0.3915106331E+00    0.3801817404E+00    0.3068057999E-02    0.9633317787E+01
       147    0.3766460280E+00    0.3659824111E+00    0.2950981827E-02    0.8348869891E+01
       148    0.3584288290E+00    0.3525545837E+00    0.2822504379E-02    0.7314547754E+01
       149    0.3463282239E+00    0.3397524685E+00    0.2686801055E-02    0.6462567690E+01
       150    0.3303320639E+00    0.3275126470E+00    0.2547193194E-02    0.5748163545E+01
       151    0.3187693157E+00    0.3215951944E+00    0.2476768180E-02    0.5432529159E+01
       152    0.3065945036E+00    0.3158109457E+00    0.2406303037E-02    0.5140502224E+01
       153    0.3034393990E+00    0.3046406316E+00    0.2266180839E-02    0.4617595403E+01
