     Index       y_measurement           y_fitting        descriptor_1        descriptor_2
         1    0.2595301222E+03    0.2589681619E+03    0.3157693639E-02    0.4504919091E-02
         2    0.2079026556E+03    0.2097383344E+03    0.2903907032E-02    0.4851582199E-02
         3    0.2226869444E+03    0.2238591384E+03    0.2988099928E-02    0.4464650980E-02
         4    0.2466663556E+03    0.2468825134E+03    0.3101589970E-02    0.4433652300E-02
         5    0.2405868667E+03    0.2413035179E+03    0.3073042826E-02    0.4467556651E-02
         6    0.2209334444E+03    0.2225224783E+03    0.2984365700E-02    0.4394448524E-02
         7    0.1936777556E+03    0.1976510995E+03    0.2847759832E-02    0.4781218275E-02
         8    0.2036199000E+03    0.2060499622E+03    0.2902686042E-02    0.4428760047E-02
         9    0.1988755111E+03    0.1996659776E+03    0.2877006018E-02    0.4291344469E-02
        10    0.1820647889E+03    0.1833664699E+03    0.2786208629E-02    0.4576910071E-02
        11    0.1862727778E+03    0.1862465634E+03    0.2812957313E-02    0.4256440344E-02
        12    0.2604490667E+03    0.2595281631E+03    0.3154731622E-02    0.4648502466E-02
        13    0.2896785556E+03    0.2889904261E+03    0.3305271744E-02    0.4474884946E-02
        14    0.1894734000E+03    0.1893599754E+03    0.2801537143E-02    0.4927398077E-02
        15    0.1935410889E+03    0.1925470246E+03    0.2829527701E-02    0.4613355914E-02
        16    0.2416573111E+03    0.2429944593E+03    0.3063279542E-02    0.4921778417E-02
        17    0.2668892556E+03    0.2667677137E+03    0.3200108471E-02    0.4394328170E-02
        18    0.2110321000E+03    0.2154965319E+03    0.2955736149E-02    0.4252476326E-02
        19    0.1790172889E+03    0.1793961373E+03    0.2780845844E-02    0.4223879109E-02
        20    0.2256499111E+03    0.2298348021E+03    0.3039403783E-02    0.3905539152E-02
        21    0.2147564222E+03    0.2167820900E+03    0.2942608581E-02    0.4741698800E-02
        22    0.2279487222E+03    0.2311620589E+03    0.3027955444E-02    0.4357534821E-02
        23    0.2568662444E+03    0.2574541812E+03    0.3157898049E-02    0.4313564411E-02
        24    0.2505142889E+03    0.2517699324E+03    0.3128815429E-02    0.4348030359E-02
        25    0.2144034778E+03    0.2182390268E+03    0.2969493323E-02    0.4242768542E-02
        26    0.1817765778E+03    0.1819562348E+03    0.2793655505E-02    0.4215638057E-02
        27    0.2011406222E+03    0.2063767028E+03    0.2912479164E-02    0.4221932881E-02
        28    0.1819319111E+03    0.1812877908E+03    0.2791322933E-02    0.4192263043E-02
        29    0.2107032667E+03    0.2150721540E+03    0.2967357064E-02    0.3907169480E-02
        30    0.2151194444E+03    0.2183228269E+03    0.2953288215E-02    0.4661816033E-02
        31    0.2290660778E+03    0.2326276817E+03    0.3038262404E-02    0.4277813996E-02
        32    0.2044317667E+03    0.2072070910E+03    0.2899005311E-02    0.4663910041E-02
        33    0.2137194444E+03    0.2158370694E+03    0.2954951121E-02    0.4314158520E-02
        34    0.2164706222E+03    0.2178378280E+03    0.2971387439E-02    0.4145651330E-02
        35    0.1893699333E+03    0.1886619257E+03    0.2829112919E-02    0.4146004110E-02
        36    0.2062119333E+03    0.2058987817E+03    0.2923380307E-02    0.3888195759E-02
        37    0.2000597778E+03    0.2009156849E+03    0.2877342587E-02    0.4436552039E-02
        38    0.2051309444E+03    0.2039907265E+03    0.2904994252E-02    0.4117282371E-02
        39    0.2630736333E+03    0.2644115570E+03    0.3182455669E-02    0.4549809619E-02
        40    0.2928621333E+03    0.2941135816E+03    0.3334342628E-02    0.4371708247E-02
        41    0.1871043000E+03    0.1891288054E+03    0.2828440585E-02    0.4220382187E-02
        42    0.1764319667E+03    0.1755335471E+03    0.2763515103E-02    0.4185966570E-02
        43    0.1914784222E+03    0.1923770741E+03    0.2855397350E-02    0.3939944518E-02
        44    0.2456214556E+03    0.2475565848E+03    0.3109153428E-02    0.4325780822E-02
        45    0.1790136222E+03    0.1795182910E+03    0.2778049337E-02    0.4309438594E-02
        46    0.2811406222E+03    0.2807329280E+03    0.3288588254E-02    0.3880133465E-02
        47    0.1923749111E+03    0.1935740349E+03    0.2825915927E-02    0.4830763815E-02
        48    0.1980689000E+03    0.1968547589E+03    0.2854156981E-02    0.4521924106E-02
        49    0.2452193667E+03    0.2476415343E+03    0.3090127056E-02    0.4816130381E-02
        50    0.2834870333E+03    0.2805650562E+03    0.3269962791E-02    0.4329277348E-02
        51    0.2641083000E+03    0.2617345495E+03    0.3143004630E-02    0.5215647473E-02
        52    0.2534758778E+03    0.2510685989E+03    0.3091024395E-02    0.5214978719E-02
        53    0.2469492333E+03    0.2453687752E+03    0.3061869845E-02    0.5249343458E-02
        54    0.2098778222E+03    0.2076894429E+03    0.2876685270E-02    0.5286210802E-02
        55    0.2611882111E+03    0.2608402416E+03    0.3135908050E-02    0.5284656820E-02
        56    0.2922040889E+03    0.2904332445E+03    0.3286821572E-02    0.5117700257E-02
        57    0.1845425556E+03    0.1818060753E+03    0.2783179758E-02    0.4461400121E-02
        58    0.1898993111E+03    0.1912991900E+03    0.2829467806E-02    0.4461400121E-02
        59    0.1952178111E+03    0.1960249931E+03    0.2852510633E-02    0.4461400121E-02
        60    0.2016502556E+03    0.2007370406E+03    0.2875486388E-02    0.4461400121E-02
        61    0.2304738556E+03    0.2287237907E+03    0.3011948663E-02    0.4461400121E-02
        62    0.2402382000E+03    0.2379453410E+03    0.3056912574E-02    0.4461400121E-02
        63    0.2422979556E+03    0.2425362452E+03    0.3079297639E-02    0.4461400121E-02
        64    0.2458938778E+03    0.2471139779E+03    0.3101618481E-02    0.4461400121E-02
        65    0.2082812222E+03    0.2029537156E+03    0.2892739583E-02    0.4298843614E-02
        66    0.2124671556E+03    0.2107306417E+03    0.2930659564E-02    0.4298843614E-02
        67    0.2147394667E+03    0.2145820445E+03    0.2949438850E-02    0.4298843614E-02
        68    0.2172658444E+03    0.2184090529E+03    0.2968099190E-02    0.4298843614E-02
        69    0.2253844556E+03    0.2259908090E+03    0.3005067530E-02    0.4298843614E-02
        70    0.2347459556E+03    0.2334777238E+03    0.3041573427E-02    0.4298843614E-02
        71    0.2431637556E+03    0.2408715655E+03    0.3077625504E-02    0.4298843614E-02
        72    0.2513636333E+03    0.2481740591E+03    0.3113232171E-02    0.4298843614E-02
        73    0.2534225000E+03    0.2517915779E+03    0.3130871048E-02    0.4298843614E-02
        74    0.2547179556E+03    0.2553868873E+03    0.3148401633E-02    0.4298843614E-02
        75    0.2631218000E+03    0.2625116912E+03    0.3183141892E-02    0.4298843614E-02
        76    0.1924218778E+03    0.1915848248E+03    0.2784130294E-02    0.5640076739E-02
        77    0.1983598444E+03    0.2000498255E+03    0.2825405299E-02    0.5640076739E-02
        78    0.2065748778E+03    0.2084582276E+03    0.2866404332E-02    0.5640076739E-02
        79    0.2156308111E+03    0.2168117727E+03    0.2907135884E-02    0.5640076739E-02
        80    0.2237516111E+03    0.2251121578E+03    0.2947608230E-02    0.5640076739E-02
        81    0.2445528889E+03    0.2415600256E+03    0.3027807376E-02    0.5640076739E-02
        82    0.2477960889E+03    0.2456413033E+03    0.3047707523E-02    0.5640076739E-02
        83    0.2505340222E+03    0.2497106954E+03    0.3067549716E-02    0.5640076739E-02
        84    0.2601386889E+03    0.2578145830E+03    0.3107063948E-02    0.5640076739E-02
        85    0.3058445778E+03    0.3110924971E+03    0.3388718415E-02    0.5088362058E-02
        86    0.2990407000E+03    0.3031941895E+03    0.3350206583E-02    0.5088362058E-02
        87    0.2966810000E+03    0.3005996409E+03    0.3337555668E-02    0.5088362058E-02
        88    0.2926131333E+03    0.2954666372E+03    0.3312527347E-02    0.5088362058E-02
        89    0.2877935333E+03    0.2904070894E+03    0.3287857194E-02    0.5088362058E-02
        90    0.2820282667E+03    0.2805021530E+03    0.3239561120E-02    0.5088362058E-02
        91    0.2803237333E+03    0.2780694395E+03    0.3227699306E-02    0.5088362058E-02
        92    0.2792287556E+03    0.2756537689E+03    0.3215920593E-02    0.5088362058E-02
        93    0.2744485778E+03    0.2708728466E+03    0.3192609007E-02    0.5088362058E-02
        94    0.1886036444E+03    0.1790372471E+03    0.2788983342E-02    0.3974488529E-02
        95    0.1870368222E+03    0.1809403230E+03    0.2798262664E-02    0.3974488529E-02
        96    0.1870242778E+03    0.1818966177E+03    0.2802925519E-02    0.3974488529E-02
        97    0.1838565333E+03    0.1828561047E+03    0.2807603939E-02    0.3974488529E-02
        98    0.1853664667E+03    0.1847847199E+03    0.2817007790E-02    0.3974488529E-02
        99    0.1870591111E+03    0.1867262982E+03    0.2826474848E-02    0.3974488529E-02
       100    0.1889144889E+03    0.1886809705E+03    0.2836005752E-02    0.3974488529E-02
       101    0.1905193889E+03    0.1906488697E+03    0.2845601150E-02    0.3974488529E-02
       102    0.1899346000E+03    0.1916378214E+03    0.2850423239E-02    0.3974488529E-02
       103    0.1915395111E+03    0.1926301306E+03    0.2855261699E-02    0.3974488529E-02
       104    0.1921652444E+03    0.1946248896E+03    0.2864988064E-02    0.3974488529E-02
       105    0.1813102889E+03    0.1691798400E+03    0.2722128580E-02    0.4448439526E-02
       106    0.1730694778E+03    0.1699153202E+03    0.2725714752E-02    0.4448439526E-02
       107    0.1704806556E+03    0.1706969263E+03    0.2729525832E-02    0.4448439526E-02
       108    0.1700829333E+03    0.1715250373E+03    0.2733563668E-02    0.4448439526E-02
       109    0.1692373444E+03    0.1724000563E+03    0.2737830226E-02    0.4448439526E-02
       110    0.1700707556E+03    0.1733224121E+03    0.2742327596E-02    0.4448439526E-02
       111    0.1708686111E+03    0.1742925579E+03    0.2747057988E-02    0.4448439526E-02
       112    0.1718423667E+03    0.1747957009E+03    0.2749511293E-02    0.4448439526E-02
       113    0.1740759667E+03    0.1753109731E+03    0.2752023740E-02    0.4448439526E-02
       114    0.1730707556E+03    0.1763781636E+03    0.2757227318E-02    0.4448439526E-02
       115    0.1967226222E+03    0.1899782968E+03    0.2829232591E-02    0.4304881211E-02
       116    0.1931341889E+03    0.1886910828E+03    0.2822956187E-02    0.4304881211E-02
       117    0.1907203222E+03    0.1880773311E+03    0.2819963558E-02    0.4304881211E-02
       118    0.1876005778E+03    0.1874833186E+03    0.2817067177E-02    0.4304881211E-02
       119    0.1853022667E+03    0.1863540462E+03    0.2811560890E-02    0.4304881211E-02
       120    0.1818018444E+03    0.1853023750E+03    0.2806432983E-02    0.4304881211E-02
       121    0.1787971889E+03    0.1830074501E+03    0.2795243021E-02    0.4304881211E-02
       122    0.1796762778E+03    0.1826050446E+03    0.2793280908E-02    0.4304881211E-02
       123    0.1785659444E+03    0.1818561687E+03    0.2789629419E-02    0.4304881211E-02
       124    0.1863562667E+03    0.1822131740E+03    0.2805525087E-02    0.3947851741E-02
       125    0.1967213778E+03    0.1960573579E+03    0.2873028774E-02    0.3947851741E-02
       126    0.2028386333E+03    0.2030330678E+03    0.2907042057E-02    0.3947851741E-02
       127    0.2087044444E+03    0.2100450937E+03    0.2941232415E-02    0.3947851741E-02
       128    0.2193693111E+03    0.2241798392E+03    0.3010152869E-02    0.3947851741E-02
       129    0.2362448000E+03    0.2384651462E+03    0.3079807455E-02    0.3947851741E-02
       130    0.2532290889E+03    0.2529046649E+03    0.3150213971E-02    0.3947851741E-02
       131    0.2765467111E+03    0.2748613250E+03    0.3257273768E-02    0.3947851741E-02
       132    0.2862961111E+03    0.2822614488E+03    0.3293356476E-02    0.3947851741E-02
       133    0.2959017111E+03    0.2971865377E+03    0.3366130613E-02    0.3947851741E-02
       134    0.2194879000E+03    0.2158379433E+03    0.2975807803E-02    0.3788198187E-02
       135    0.2250481778E+03    0.2220016452E+03    0.3005861767E-02    0.3788198187E-02
       136    0.2306701222E+03    0.2281844566E+03    0.3036008908E-02    0.3788198187E-02
       137    0.2418327444E+03    0.2406091002E+03    0.3096590974E-02    0.3788198187E-02
       138    0.2531147778E+03    0.2531152911E+03    0.3157570661E-02    0.3788198187E-02
       139    0.2637099889E+03    0.2657065039E+03    0.3218964911E-02    0.3788198187E-02
       140    0.2798409111E+03    0.2783862725E+03    0.3280790956E-02    0.3788198187E-02
       141    0.2875471778E+03    0.2847604872E+03    0.3311871372E-02    0.3788198187E-02
       142    0.3012605778E+03    0.3040259357E+03    0.3405808929E-02    0.3788198187E-02
       143    0.1966388111E+03    0.1915852683E+03    0.2807760411E-02    0.5044109164E-02
       144    0.2049353111E+03    0.2045961640E+03    0.2871201018E-02    0.5044109164E-02
       145    0.2096941111E+03    0.2111302399E+03    0.2903060911E-02    0.5044109164E-02
       146    0.2163081222E+03    0.2176835132E+03    0.2935014410E-02    0.5044109164E-02
       147    0.2288574333E+03    0.2308479919E+03    0.2999203882E-02    0.5044109164E-02
       148    0.2417612556E+03    0.2440902838E+03    0.3063772768E-02    0.5044109164E-02
       149    0.2556504667E+03    0.2574110811E+03    0.3128724443E-02    0.5044109164E-02
       150    0.2737433333E+03    0.2708110836E+03    0.3194062320E-02    0.5044109164E-02
       151    0.2828206778E+03    0.2775410082E+03    0.3226877163E-02    0.5044109164E-02
       152    0.2900036000E+03    0.2842910003E+03    0.3259789855E-02    0.5044109164E-02
       153    0.2989490444E+03    0.2978515481E+03    0.3325910544E-02    0.5044109164E-02
