     Index       y_measurement           y_fitting        descriptor_1        descriptor_2
         1    0.3115032551E+00    0.3254003748E+00    0.1144857904E+02    0.6483602556E+03
         2    0.3727521742E+00    0.3728246328E+00    0.1184593486E+02    0.5642117488E+03
         3    0.3692808565E+00    0.3720932988E+00    0.1183975584E+02    0.5656240428E+03
         4    0.3219133907E+00    0.3421071212E+00    0.1158049796E+02    0.6367121090E+03
         5    0.3203898125E+00    0.3424986350E+00    0.1158275306E+02    0.6383058806E+03
         6    0.3755429960E+00    0.3739644731E+00    0.1185431043E+02    0.5648115424E+03
         7    0.3689363424E+00    0.3730172566E+00    0.1184775879E+02    0.5634012771E+03
         8    0.3834306331E+00    0.3920477781E+00    0.1199399542E+02    0.5591305362E+03
         9    0.3841229241E+00    0.3914814455E+00    0.1198970048E+02    0.5591305362E+03
        10    0.3981010400E+00    0.3961264977E+00    0.1200427661E+02    0.6052234769E+03
        11    0.3996236202E+00    0.4130555780E+00    0.1215508495E+02    0.5551774939E+03
        12    0.3065872278E+00    0.3098977053E+00    0.1132427813E+02    0.6633864069E+03
        13    0.3946135729E+00    0.4073141456E+00    0.1211286111E+02    0.5522359339E+03
        14    0.4021863310E+00    0.4074797678E+00    0.1211100503E+02    0.5591822069E+03
        15    0.3076766726E+00    0.3213205721E+00    0.1144809854E+02    0.5803737856E+03
        16    0.3091608525E+00    0.3196988774E+00    0.1143579997E+02    0.5803737856E+03
        17    0.3092389430E+00    0.3197690820E+00    0.1132102947E+02    0.8377305354E+03
        18    0.3769629583E+00    0.3585847963E+00    0.1172849695E+02    0.5852956605E+03
        19    0.3904139452E+00    0.4124687505E+00    0.1216703996E+02    0.5185605973E+03
        20    0.3687133635E+00    0.3566607003E+00    0.1172101807E+02    0.5694193299E+03
        21    0.3614909000E+00    0.3654915660E+00    0.1171649092E+02    0.7290042939E+03
        22    0.3569607189E+00    0.3647606065E+00    0.1171012993E+02    0.7308290847E+03
        23    0.3276713441E+00    0.3291015023E+00    0.1138803384E+02    0.8461465785E+03
        24    0.3741920109E+00    0.3506117623E+00    0.1166122480E+02    0.6004876782E+03
        25    0.4010305618E+00    0.4042238432E+00    0.1209848205E+02    0.5320204302E+03
        26    0.3721079413E+00    0.3486513246E+00    0.1165365494E+02    0.5841992593E+03
        27    0.3923032117E+00    0.3671905343E+00    0.1180142740E+02    0.5681840871E+03
        28    0.3928852735E+00    0.4030568067E+00    0.1210016266E+02    0.5085148361E+03
        29    0.3763802550E+00    0.3656717262E+00    0.1179619426E+02    0.5541555720E+03
        30    0.3616999086E+00    0.3578799376E+00    0.1165076974E+02    0.7468520616E+03
        31    0.3769364803E+00    0.3767106192E+00    0.1179611386E+02    0.7411907120E+03
        32    0.3710709739E+00    0.3761200098E+00    0.1179163481E+02    0.7411907120E+03
        33    0.3635729881E+00    0.3593179715E+00    0.1173621603E+02    0.5804771115E+03
        34    0.3710951698E+00    0.3760323483E+00    0.1188788029E+02    0.5248864173E+03
        35    0.3498298330E+00    0.3581850426E+00    0.1173341038E+02    0.5675622140E+03
        36    0.3622700519E+00    0.3726353401E+00    0.1174120816E+02    0.7947581635E+03
        37    0.3556002005E+00    0.3716989113E+00    0.1173852971E+02    0.7848855190E+03
        38    0.3068701886E+00    0.3118104520E+00    0.1126169020E+02    0.8354601378E+03
        39    0.3047319468E+00    0.3098024480E+00    0.1125111169E+02    0.8250818853E+03
        40    0.3934461789E+00    0.4012462853E+00    0.1208546609E+02    0.5106709102E+03
        41    0.3925031194E+00    0.4002255857E+00    0.1208281573E+02    0.4993091143E+03
        42    0.3131120344E+00    0.3193017084E+00    0.1139140504E+02    0.6727406249E+03
        43    0.4057369914E+00    0.4214835218E+00    0.1220840736E+02    0.5788216455E+03
        44    0.3055190544E+00    0.3161948400E+00    0.1137820999E+02    0.6496019911E+03
        45    0.3914804504E+00    0.4072548034E+00    0.1204823437E+02    0.6954786903E+03
        46    0.3144476998E+00    0.3219247211E+00    0.1138523360E+02    0.7309151316E+03
        47    0.3035142463E+00    0.3202798269E+00    0.1137275909E+02    0.7309151316E+03
        48    0.3153730631E+00    0.3238648567E+00    0.1143272816E+02    0.6577477452E+03
        49    0.3356654485E+00    0.3396575397E+00    0.1155664885E+02    0.6484793141E+03
        50    0.3316145550E+00    0.3398112120E+00    0.1155853970E+02    0.6468601406E+03
        51    0.3701456579E+00    0.3902997729E+00    0.1195457572E+02    0.6175269882E+03
        52    0.3057408244E+00    0.3088414809E+00    0.1131613790E+02    0.6636767020E+03
        53    0.3022545026E+00    0.3080372253E+00    0.1130629846E+02    0.6720247272E+03
        54    0.4319090039E+00    0.4194458840E+00    0.1218537226E+02    0.5957449583E+03
        55    0.4270794082E+00    0.4036514364E+00    0.1206559070E+02    0.5957449583E+03
        56    0.3567211668E+00    0.3731926073E+00    0.1183459775E+02    0.5957449583E+03
        57    0.3390427691E+00    0.3584915068E+00    0.1172310789E+02    0.5957449583E+03
        58    0.3291813919E+00    0.3441200823E+00    0.1161411822E+02    0.5957449583E+03
        59    0.3243536271E+00    0.3300627560E+00    0.1150751060E+02    0.5957449583E+03
        60    0.3252255627E+00    0.3231472753E+00    0.1145506514E+02    0.5957449583E+03
        61    0.3261143142E+00    0.3163049072E+00    0.1140317415E+02    0.5957449583E+03
        62    0.3239659235E+00    0.3028327972E+00    0.1130100468E+02    0.5957449583E+03
        63    0.3674602020E+00    0.3707146407E+00    0.1168053059E+02    0.8976790986E+03
        64    0.3733715764E+00    0.3632090134E+00    0.1162360959E+02    0.8976790986E+03
        65    0.3728675248E+00    0.3595094779E+00    0.1159555314E+02    0.8976790986E+03
        66    0.3805400206E+00    0.3558437791E+00    0.1156775330E+02    0.8976790986E+03
        67    0.3694195579E+00    0.3486090986E+00    0.1151288710E+02    0.8976790986E+03
        68    0.3485184075E+00    0.3414958140E+00    0.1145894154E+02    0.8976790986E+03
        69    0.3301994043E+00    0.3344953953E+00    0.1140585193E+02    0.8976790986E+03
        70    0.3234392652E+00    0.3140943575E+00    0.1125113502E+02    0.8976790986E+03
        71    0.3992104702E+00    0.3959498220E+00    0.1201168250E+02    0.5857028934E+03
        72    0.3949555381E+00    0.3886527872E+00    0.1195634342E+02    0.5857028934E+03
        73    0.3632482216E+00    0.3534973416E+00    0.1168973238E+02    0.5857028934E+03
        74    0.3390596413E+00    0.3400162573E+00    0.1158749485E+02    0.5857028934E+03
        75    0.3345703037E+00    0.3268438476E+00    0.1148759824E+02    0.5857028934E+03
        76    0.3299490417E+00    0.3139658480E+00    0.1138993437E+02    0.5857028934E+03
        77    0.3236357173E+00    0.3013688522E+00    0.1129440157E+02    0.5857028934E+03
        78    0.3049439245E+00    0.2973613442E+00    0.1118647918E+02    0.7587510544E+03
        79    0.3030667899E+00    0.2975744095E+00    0.1118809502E+02    0.7587510544E+03
        80    0.3008492847E+00    0.2977870450E+00    0.1118970760E+02    0.7587510544E+03
        81    0.3007543390E+00    0.2979992506E+00    0.1119131692E+02    0.7587510544E+03
        82    0.3033088718E+00    0.2984223683E+00    0.1119452575E+02    0.7587510544E+03
        83    0.3039891654E+00    0.2986332817E+00    0.1119612527E+02    0.7587510544E+03
        84    0.3042505979E+00    0.2987385762E+00    0.1119692380E+02    0.7587510544E+03
        85    0.3048279490E+00    0.2988437639E+00    0.1119772152E+02    0.7587510544E+03
        86    0.3052152848E+00    0.2990538149E+00    0.1119931450E+02    0.7587510544E+03
        87    0.4320800811E+00    0.4146925680E+00    0.1225141600E+02    0.3678754358E+03
        88    0.4194647730E+00    0.4071985127E+00    0.1219458276E+02    0.3678754358E+03
        89    0.3875387003E+00    0.3921958935E+00    0.1208080625E+02    0.3678754358E+03
        90    0.3773174658E+00    0.3846873310E+00    0.1202386299E+02    0.3678754358E+03
        91    0.3722096650E+00    0.3771739331E+00    0.1196688306E+02    0.3678754358E+03
        92    0.3658986417E+00    0.3696556998E+00    0.1190986646E+02    0.3678754358E+03
        93    0.3654385006E+00    0.3658947688E+00    0.1188134440E+02    0.3678754358E+03
        94    0.4302033384E+00    0.4302895792E+00    0.1230912596E+02    0.5030775792E+03
        95    0.4351999837E+00    0.4301704671E+00    0.1230822264E+02    0.5030775792E+03
        96    0.4366919796E+00    0.4299916643E+00    0.1230686664E+02    0.5030775792E+03
        97    0.4311080150E+00    0.4294549924E+00    0.1230279664E+02    0.5030775792E+03
        98    0.4361630142E+00    0.4276653774E+00    0.1228922460E+02    0.5030775792E+03
        99    0.4281518174E+00    0.4264124344E+00    0.1227972256E+02    0.5030775792E+03
       100    0.4349348493E+00    0.4256964296E+00    0.1227429254E+02    0.5030775792E+03
       101    0.4367499704E+00    0.4249207356E+00    0.1226840985E+02    0.5030775792E+03
       102    0.4324042533E+00    0.4231902798E+00    0.1225528646E+02    0.5030775792E+03
       103    0.3650326136E+00    0.3784821328E+00    0.1180199688E+02    0.7580462437E+03
       104    0.3732358523E+00    0.3864546054E+00    0.1186245833E+02    0.7580462437E+03
       105    0.3888947959E+00    0.4012370071E+00    0.1197456476E+02    0.7580462437E+03
       106    0.4102602803E+00    0.4144693526E+00    0.1207491591E+02    0.7580462437E+03
       107    0.4122228352E+00    0.4205042549E+00    0.1212068326E+02    0.7580462437E+03
       108    0.4279795549E+00    0.4233763886E+00    0.1214246488E+02    0.7580462437E+03
       109    0.4355520415E+00    0.4261516432E+00    0.1216351179E+02    0.7580462437E+03
       110    0.4304532498E+00    0.4314115174E+00    0.1220340150E+02    0.7580462437E+03
       111    0.4264919331E+00    0.4177875338E+00    0.1218326140E+02    0.5723854644E+03
       112    0.4159233320E+00    0.4017308804E+00    0.1206149133E+02    0.5723854644E+03
       113    0.4019375123E+00    0.3938532814E+00    0.1200174938E+02    0.5723854644E+03
       114    0.3916388568E+00    0.3860728397E+00    0.1194274425E+02    0.5723854644E+03
       115    0.3410080471E+00    0.3558759409E+00    0.1171373772E+02    0.5723854644E+03
       116    0.3223677406E+00    0.3413017955E+00    0.1160321066E+02    0.5723854644E+03
       117    0.3277539599E+00    0.3270554961E+00    0.1149516991E+02    0.5723854644E+03
       118    0.3195057973E+00    0.3200505573E+00    0.1144204602E+02    0.5723854644E+03
       119    0.3008277403E+00    0.2994872507E+00    0.1128609850E+02    0.5723854644E+03
       120    0.3562631232E+00    0.3683332285E+00    0.1167824039E+02    0.8624805977E+03
       121    0.3594206178E+00    0.3605474095E+00    0.1161919448E+02    0.8624805977E+03
       122    0.3608270649E+00    0.3567157301E+00    0.1159013588E+02    0.8624805977E+03
       123    0.3624143566E+00    0.3529230761E+00    0.1156137324E+02    0.8624805977E+03
       124    0.3469210390E+00    0.3381175804E+00    0.1144909167E+02    0.8624805977E+03
       125    0.3368855359E+00    0.3309175145E+00    0.1139448798E+02    0.8624805977E+03
       126    0.3256278511E+00    0.3238410163E+00    0.1134082140E+02    0.8624805977E+03
       127    0.3046814166E+00    0.3168801294E+00    0.1128803159E+02    0.8624805977E+03
       128    0.3036860037E+00    0.3100274103E+00    0.1123606210E+02    0.8624805977E+03
       129    0.4244004781E+00    0.4120588355E+00    0.1212314046E+02    0.6096058819E+03
       130    0.4017700433E+00    0.3969919093E+00    0.1200887626E+02    0.6096058819E+03
       131    0.3915106331E+00    0.3822940051E+00    0.1189741064E+02    0.6096058819E+03
       132    0.3766460280E+00    0.3679467506E+00    0.1178860427E+02    0.6096058819E+03
       133    0.3584288290E+00    0.3539329660E+00    0.1168232686E+02    0.6096058819E+03
       134    0.3463282239E+00    0.3402365667E+00    0.1157845643E+02    0.6096058819E+03
       135    0.3187693157E+00    0.3202543400E+00    0.1142691569E+02    0.6096058819E+03
       136    0.3065945036E+00    0.3137365451E+00    0.1137748619E+02    0.6096058819E+03
