     Index       y_measurement           y_fitting        descriptor_1        descriptor_2
         1    0.1129134333E+03    0.1018474461E+03    0.2393887565E+00    0.4484155086E-07
         2    0.5741510000E+02    0.5544424664E+02    0.2715328566E+00    0.1386172536E-05
         3    0.6408266667E+02    0.6997970794E+02    0.2614639486E+00    0.1386172536E-05
         4    0.9851213333E+02    0.9209227691E+02    0.2461462770E+00    0.1386172536E-05
         5    0.9577526667E+02    0.8802697440E+02    0.2489623663E+00    0.1386172536E-05
         6    0.5629570000E+02    0.5632322581E+02    0.2709239760E+00    0.1386172536E-05
         7    0.6416440000E+02    0.7045885577E+02    0.2611320365E+00    0.1386172536E-05
         8    0.5078230000E+02    0.5389049636E+02    0.2726091755E+00    0.4484155086E-07
         9    0.4487846667E+02    0.5087235870E+02    0.2746063948E+00    0.8171276545E-02
        10    0.3941803333E+02    0.3328866817E+02    0.2868803373E+00    0.1010208374E-08
        11    0.4091123333E+02    0.3834072156E+02    0.2833807125E+00    0.1010208374E-08
        12    0.1155721667E+03    0.1033554713E+03    0.2383441278E+00    0.1010208374E-08
        13    0.1317270667E+03    0.1219524452E+03    0.2254617558E+00    0.1010208374E-08
        14    0.4379320000E+02    0.2779219169E+02    0.2906878199E+00    0.1010208374E-08
        15    0.4094110000E+02    0.3366210749E+02    0.2866216509E+00    0.1010208374E-08
        16    0.1067330000E+03    0.8882906695E+02    0.2483132765E+00    0.8171276545E-02
        17    0.1236949333E+03    0.1127873685E+03    0.2317170413E+00    0.8171276545E-02
        18    0.1185663333E+03    0.1093496679E+03    0.2341918673E+00    0.4484155086E-07
        19    0.5631520000E+02    0.6691500084E+02    0.2635869121E+00    0.1386172536E-05
        20    0.4281686667E+02    0.2930992572E+02    0.2896364653E+00    0.0000000000E+00
        21    0.6653600000E+02    0.7939288506E+02    0.2549433152E+00    0.1386172536E-05
        22    0.7081320000E+02    0.7878315998E+02    0.2553656799E+00    0.1386172536E-05
        23    0.9909350000E+02    0.1034733288E+03    0.2382624705E+00    0.1386172536E-05
        24    0.9879613333E+02    0.9980786266E+02    0.2408015878E+00    0.1386172536E-05
        25    0.3968340000E+02    0.3440809169E+02    0.2861048977E+00    0.0000000000E+00
        26    0.6419260000E+02    0.8327524985E+02    0.2522539493E+00    0.1386172536E-05
        27    0.4755836667E+02    0.6003967341E+02    0.2683495585E+00    0.4484155086E-07
        28    0.4298803333E+02    0.3501229501E+02    0.2856863580E+00    0.0000000000E+00
        29    0.5702396667E+02    0.6845631191E+02    0.2625192407E+00    0.4484155086E-07
        30    0.6448746667E+02    0.7045885577E+02    0.2611320365E+00    0.1386172536E-05
        31    0.6892443333E+02    0.8310750225E+02    0.2523701503E+00    0.1386172536E-05
        32    0.5462010000E+02    0.5868714627E+02    0.2692864721E+00    0.4484155086E-07
        33    0.6024150000E+02    0.6775577149E+02    0.2630045144E+00    0.4484155086E-07
        34    0.6916680000E+02    0.7618864307E+02    0.2570694668E+00    0.8171276545E-02
        35    0.6074053333E+02    0.6110664954E+02    0.2676104504E+00    0.1010208374E-08
        36    0.5625880000E+02    0.4905118654E+02    0.2759614305E+00    0.0000000000E+00
        37    0.6976280000E+02    0.6509329095E+02    0.2648488507E+00    0.1010208374E-08
        38    0.1171394000E+03    0.1073422070E+03    0.2355824628E+00    0.1010208374E-08
        39    0.1298107667E+03    0.1253068551E+03    0.2231381113E+00    0.1010208374E-08
        40    0.4263683333E+02    0.3900554144E+02    0.2829201829E+00    0.1010208374E-08
        41    0.3551316667E+02    0.2569253330E+02    0.2921422813E+00    0.0000000000E+00
        42    0.1050881333E+03    0.9366128713E+02    0.2449659331E+00    0.8171276545E-02
        43    0.3710063333E+02    0.2072979679E+02    0.2955800351E+00    0.0000000000E+00
        44    0.4623996667E+02    0.3366210749E+02    0.2866216509E+00    0.1010208374E-08
        45    0.4979963333E+02    0.3928335780E+02    0.2827277358E+00    0.1010208374E-08
        46    0.1283589667E+03    0.1163124115E+03    0.2292751970E+00    0.8171276545E-02
        47    0.1119227000E+03    0.1012819940E+03    0.2397804527E+00    0.4484155086E-07
        48    0.9410970000E+02    0.9105919778E+02    0.2468619047E+00    0.1386172536E-05
        49    0.9391083333E+02    0.8666456958E+02    0.2499061223E+00    0.1386172536E-05
        50    0.5990580000E+02    0.4584363848E+02    0.2780898564E+00    0.8171276545E-02
        51    0.1167444000E+03    0.1029272149E+03    0.2386407867E+00    0.1010208374E-08
        52    0.1322718667E+03    0.1219820598E+03    0.2254412414E+00    0.1010208374E-08
        53    0.1506720000E+02    0.2493174646E+02    0.2812285495E+00    0.1000000000E+01
        54    0.2607280000E+02    0.2972051476E+02    0.2779113058E+00    0.1000000000E+01
        55    0.3288510000E+02    0.3441892894E+02    0.2746566516E+00    0.1000000000E+01
        56    0.5040940000E+02    0.4355473433E+02    0.2683281573E+00    0.1000000000E+01
        57    0.6252836667E+02    0.5235832856E+02    0.2622297901E+00    0.1000000000E+01
        58    0.7457800000E+02    0.6903882288E+02    0.2506749891E+00    0.1000000000E+01
        59    0.7547360000E+02    0.7302763676E+02    0.2479118845E+00    0.1000000000E+01
        60    0.7601236667E+02    0.7694767804E+02    0.2451964196E+00    0.1000000000E+01
        61    0.7978300000E+02    0.8458843629E+02    0.2399035644E+00    0.1000000000E+01
        62    0.5943460000E+02    0.4705199712E+02    0.2659055567E+00    0.1000000000E+01
        63    0.5415630000E+02    0.5304667347E+02    0.2617529644E+00    0.1000000000E+01
        64    0.5238350000E+02    0.5593903871E+02    0.2597493844E+00    0.1000000000E+01
        65    0.5043943333E+02    0.6421602348E+02    0.2540158066E+00    0.1000000000E+01
        66    0.6211446667E+02    0.6941568411E+02    0.2504139323E+00    0.1000000000E+01
        67    0.7535336667E+02    0.7437357777E+02    0.2469795332E+00    0.1000000000E+01
        68    0.7547280000E+02    0.7909969331E+02    0.2437056899E+00    0.1000000000E+01
        69    0.7631323333E+02    0.8137871553E+02    0.2421269808E+00    0.1000000000E+01
        70    0.7808313333E+02    0.8360314662E+02    0.2405860877E+00    0.1000000000E+01
        71    0.8207633333E+02    0.8789223795E+02    0.2376149769E+00    0.1000000000E+01
        72    0.1068950000E+02    0.6921769744E+01    0.2937043007E+00    0.1000000000E+01
        73    0.2761040000E+02    0.1829470383E+02    0.2858261175E+00    0.1000000000E+01
        74    0.2953980000E+02    0.2376858928E+02    0.2820342840E+00    0.1000000000E+01
        75    0.3218210000E+02    0.2910742869E+02    0.2783359987E+00    0.1000000000E+01
        76    0.4136713333E+02    0.3939864404E+02    0.2712071365E+00    0.1000000000E+01
        77    0.4472750000E+02    0.4920364543E+02    0.2644150812E+00    0.1000000000E+01
        78    0.6125163333E+02    0.5855468588E+02    0.2579374907E+00    0.1000000000E+01
        79    0.6651516667E+02    0.6748129247E+02    0.2517539112E+00    0.1000000000E+01
        80    0.6935780000E+02    0.7179398390E+02    0.2487664523E+00    0.1000000000E+01
        81    0.7244110000E+02    0.7601054422E+02    0.2458455847E+00    0.1000000000E+01
        82    0.7973906667E+02    0.8416731765E+02    0.2401952789E+00    0.1000000000E+01
        83    0.1244658000E+03    0.1345191674E+03    0.2167566197E+00    0.0000000000E+00
        84    0.1227551333E+03    0.1319331028E+03    0.2185480211E+00    0.0000000000E+00
        85    0.1222562000E+03    0.1306145203E+03    0.2194614208E+00    0.0000000000E+00
        86    0.1211050000E+03    0.1292784065E+03    0.2203869647E+00    0.0000000000E+00
        87    0.1179466667E+03    0.1265520200E+03    0.2222755690E+00    0.0000000000E+00
        88    0.1137695667E+03    0.1237506914E+03    0.2242160867E+00    0.0000000000E+00
        89    0.1092017667E+03    0.1208709584E+03    0.2262109162E+00    0.0000000000E+00
        90    0.1067584667E+03    0.1179091309E+03    0.2282626136E+00    0.0000000000E+00
        91    0.1053764667E+03    0.1163962116E+03    0.2293106330E+00    0.0000000000E+00
        92    0.1040530000E+03    0.1148612716E+03    0.2303739064E+00    0.0000000000E+00
        93    0.1005121667E+03    0.1117231737E+03    0.2325477087E+00    0.0000000000E+00
        94    0.1408233333E+02    0.2540497943E+02    0.2923414737E+00    0.0000000000E+00
        95    0.2335330000E+02    0.2935598705E+02    0.2896045580E+00    0.0000000000E+00
        96    0.2498340000E+02    0.3128856856E+02    0.2882658330E+00    0.0000000000E+00
        97    0.3413013333E+02    0.3319343933E+02    0.2869463036E+00    0.0000000000E+00
        98    0.3871113333E+02    0.3692262937E+02    0.2843630439E+00    0.0000000000E+00
        99    0.4574376667E+02    0.4054851144E+02    0.2818513470E+00    0.0000000000E+00
       100    0.4908086667E+02    0.4407572861E+02    0.2794079966E+00    0.0000000000E+00
       101    0.5412566667E+02    0.4750863736E+02    0.2770299749E+00    0.0000000000E+00
       102    0.5592400000E+02    0.4919101451E+02    0.2758645698E+00    0.0000000000E+00
       103    0.5834003333E+02    0.5085132958E+02    0.2747144474E+00    0.0000000000E+00
       104    0.6338693333E+02    0.5410765374E+02    0.2724587482E+00    0.0000000000E+00
       105    0.1739346667E+02    0.2066086395E+02    0.2956277858E+00    0.0000000000E+00
       106    0.1596020000E+02    0.1992817473E+02    0.2961353294E+00    0.0000000000E+00
       107    0.1519966667E+02    0.1953869357E+02    0.2964051282E+00    0.0000000000E+00
       108    0.1462273333E+02    0.1913317474E+02    0.2966860365E+00    0.0000000000E+00
       109    0.1577603333E+02    0.1827207339E+02    0.2972825329E+00    0.0000000000E+00
       110    0.1301593333E+02    0.1734077301E+02    0.2979276571E+00    0.0000000000E+00
       111    0.1339103333E+02    0.1633483613E+02    0.2986244830E+00    0.0000000000E+00
       112    0.1529943333E+02    0.1524945065E+02    0.2993763440E+00    0.0000000000E+00
       113    0.1242090000E+02    0.1467534810E+02    0.2997740325E+00    0.0000000000E+00
       114    0.1194016667E+02    0.1407938744E+02    0.3001868624E+00    0.0000000000E+00
       115    0.1395766667E+02    0.1281895453E+02    0.3010599811E+00    0.0000000000E+00
       116    0.5977913333E+02    0.5408820673E+02    0.2724722194E+00    0.0000000000E+00
       117    0.5274676667E+02    0.5066407145E+02    0.2748441636E+00    0.0000000000E+00
       118    0.4744456667E+02    0.4885847017E+02    0.2760949277E+00    0.0000000000E+00
       119    0.4271046667E+02    0.4698648920E+02    0.2773916739E+00    0.0000000000E+00
       120    0.3855643333E+02    0.4303007992E+02    0.2801323314E+00    0.0000000000E+00
       121    0.3220636667E+02    0.3876587075E+02    0.2830862060E+00    0.0000000000E+00
       122    0.2608033333E+02    0.3416062180E+02    0.2862763234E+00    0.0000000000E+00
       123    0.2318960000E+02    0.2917599066E+02    0.2897292439E+00    0.0000000000E+00
       124    0.1569666667E+02    0.2652777807E+02    0.2915636961E+00    0.0000000000E+00
       125    0.1263756667E+02    0.2376748925E+02    0.2934757850E+00    0.0000000000E+00
       126    0.1576773333E+02    0.1788316894E+02    0.2975519322E+00    0.0000000000E+00
       127    0.1876863333E+02    0.1904422656E+02    0.2853069131E+00    0.1000000000E+01
       128    0.2272800000E+02    0.3257214122E+02    0.2759359461E+00    0.1000000000E+01
       129    0.2911583333E+02    0.3908920349E+02    0.2714214901E+00    0.1000000000E+01
       130    0.4469730000E+02    0.5771716326E+02    0.2585176538E+00    0.1000000000E+01
       131    0.6769980000E+02    0.6941568411E+02    0.2504139323E+00    0.1000000000E+01
       132    0.8876800000E+02    0.8058036711E+02    0.2426800074E+00    0.1000000000E+01
       133    0.9001296667E+02    0.9124421149E+02    0.2352930201E+00    0.1000000000E+01
       134    0.1150665667E+03    0.1014376522E+03    0.2282318877E+00    0.1000000000E+01
       135    0.1240794333E+03    0.1111887977E+03    0.2214771391E+00    0.1000000000E+01
       136    0.6961473333E+02    0.5014872049E+02    0.2637604151E+00    0.1000000000E+01
       137    0.6873096667E+02    0.5917114665E+02    0.2575104601E+00    0.1000000000E+01
       138    0.6801640000E+02    0.6355346789E+02    0.2544747677E+00    0.1000000000E+01
       139    0.6587150000E+02    0.6785310384E+02    0.2514963525E+00    0.1000000000E+01
       140    0.6905330000E+02    0.7621350711E+02    0.2457049896E+00    0.1000000000E+01
       141    0.7560066667E+02    0.8426989558E+02    0.2401242218E+00    0.1000000000E+01
       142    0.9811226667E+02    0.9953463184E+02    0.2295501353E+00    0.1000000000E+01
       143    0.1105675667E+03    0.1031848950E+03    0.2270215493E+00    0.1000000000E+01
       144    0.1186644000E+03    0.1067722223E+03    0.2245365598E+00    0.1000000000E+01
       145    0.1239530333E+03    0.1137644708E+03    0.2196929360E+00    0.1000000000E+01
       146    0.2881536667E+02    0.3491569460E+02    0.2743125354E+00    0.1000000000E+01
       147    0.3478613333E+02    0.4204967988E+02    0.2693707286E+00    0.1000000000E+01
       148    0.4475480000E+02    0.5557845637E+02    0.2599991646E+00    0.1000000000E+01
       149    0.5756113333E+02    0.6820479824E+02    0.2512527291E+00    0.1000000000E+01
       150    0.6879203333E+02    0.8001684686E+02    0.2430703654E+00    0.1000000000E+01
       151    0.8769866667E+02    0.9109140557E+02    0.2353988708E+00    0.1000000000E+01
       152    0.1128509667E+03    0.1014957410E+03    0.2281916488E+00    0.1000000000E+01
       153    0.1218290333E+03    0.1112890477E+03    0.2214076946E+00    0.1000000000E+01
