	 Y 	 Y_pred 	 diff
    0.4067373667E+03    0.4083936357E+03   -0.1656268984E+01
    0.2857956333E+03    0.2995190049E+03   -0.1372337153E+02
    0.3071145667E+03    0.3140290106E+03   -0.6914443901E+01
    0.3819834000E+03    0.3709101650E+03    0.1107323502E+02
    0.3764530667E+03    0.3656520523E+03    0.1080101432E+02
    0.2785538000E+03    0.2981698114E+03   -0.1961601137E+02
    0.3041485333E+03    0.3124476308E+03   -0.8299097493E+01
    0.2586766667E+03    0.2722917966E+03   -0.1361512995E+02
    0.2725297000E+03    0.2813334305E+03   -0.8803730540E+01
    0.2541748667E+03    0.2573430983E+03   -0.3168231666E+01
    0.2338034333E+03    0.2416873080E+03   -0.7883874619E+01
    0.2403534000E+03    0.2457646963E+03   -0.5411296257E+01
    0.4148450000E+03    0.4349222105E+03   -0.2007721051E+02
    0.4670846000E+03    0.4648133073E+03    0.2271292736E+01
    0.2451061333E+03    0.2502450922E+03   -0.5138958862E+01
    0.2466809333E+03    0.2546873050E+03   -0.8006371665E+01
    0.3836031333E+03    0.3889038413E+03   -0.5300707994E+01
    0.4372498667E+03    0.4230384146E+03    0.1421145204E+02
    0.4187009000E+03    0.4194806194E+03   -0.7797193727E+00
    0.2869700333E+03    0.3034333039E+03   -0.1646327061E+02
    0.2344907333E+03    0.2486786529E+03   -0.1418791961E+02
    0.3091172667E+03    0.3169192069E+03   -0.7801940183E+01
    0.3023439333E+03    0.3092581307E+03   -0.6914197342E+01
    0.3266636333E+03    0.3233854325E+03    0.3278200831E+01
    0.3849960667E+03    0.3863069391E+03   -0.1310872424E+01
    0.3781231333E+03    0.3812355046E+03   -0.3112371314E+01
    0.2956743000E+03    0.3079841870E+03   -0.1230988695E+02
    0.2309024667E+03    0.2525162938E+03   -0.2161382717E+02
    0.3124557667E+03    0.3213070145E+03   -0.8851247876E+01
    0.2616502000E+03    0.2785952264E+03   -0.1694502641E+02
    0.2359238667E+03    0.2511673909E+03   -0.1524352426E+02
    0.2859014667E+03    0.2868818409E+03   -0.9803742065E+00
    0.3027135333E+03    0.3124476308E+03   -0.9734097493E+01
    0.3238940333E+03    0.3261819999E+03   -0.2287966529E+01
    0.2779039000E+03    0.2857622441E+03   -0.7858344149E+01
    0.2942082000E+03    0.2944470728E+03   -0.2388728021E+00
    0.3058423333E+03    0.2820343505E+03    0.2380798284E+02
    0.2794223333E+03    0.2620189305E+03    0.1740340284E+02
    0.2552500667E+03    0.2603549192E+03   -0.5104852577E+01
    0.2961311333E+03    0.2657398841E+03    0.3039124925E+02
    0.2801430000E+03    0.2653745038E+03    0.1476849621E+02
    0.2908341667E+03    0.2691532254E+03    0.2168094127E+02
    0.4175716333E+03    0.4410469931E+03   -0.2347535974E+02
    0.4715966000E+03    0.4705836886E+03    0.1012911393E+01
    0.2449100333E+03    0.2427213623E+03    0.2188671060E+01
    0.2220599667E+03    0.2419891053E+03   -0.1992913868E+02
    0.2527308000E+03    0.2466785620E+03    0.6052237995E+01
    0.3850257000E+03    0.3937272917E+03   -0.8701591705E+01
    0.2249314667E+03    0.2464888845E+03   -0.2155741782E+02
    0.4458766000E+03    0.4269538031E+03    0.1892279693E+02
    0.2500072667E+03    0.2546873050E+03   -0.4680038331E+01
    0.2591231667E+03    0.2590633712E+03    0.5979541870E-01
    0.3817229000E+03    0.3947753488E+03   -0.1305244884E+02
    0.4540849667E+03    0.4284893468E+03    0.2559561983E+02
    0.4109789667E+03    0.4099165133E+03    0.1062453416E+01
    0.3771303667E+03    0.3745436018E+03    0.2586764851E+01
    0.3714014333E+03    0.3690393102E+03    0.2362123177E+01
    0.2889783333E+03    0.2714240471E+03    0.1755428619E+02
    0.4162779667E+03    0.4350431983E+03   -0.1876523160E+02
    0.4713814667E+03    0.4653640304E+03    0.6017436255E+01
    0.2587401333E+03    0.2606882883E+03   -0.1948154930E+01
    0.2808691333E+03    0.2847794418E+03   -0.3910308503E+01
    0.3007642333E+03    0.2970914951E+03    0.3672738238E+01
    0.3199497667E+03    0.3095840161E+03    0.1036575058E+02
    0.3446522333E+03    0.3351189035E+03    0.9533329834E+01
    0.3739319333E+03    0.3614009754E+03    0.1253095794E+02
    0.4037782333E+03    0.3884470821E+03    0.1533115126E+02
    0.4238937333E+03    0.4162740530E+03    0.7619680305E+01
    0.4241497333E+03    0.4304856162E+03   -0.6335882856E+01
    0.4298645000E+03    0.4448986972E+03   -0.1503419715E+02
    0.4552735000E+03    0.4743378029E+03   -0.1906430291E+02
    0.2913401333E+03    0.2876827418E+03    0.3657391539E+01
    0.3010334667E+03    0.3105057214E+03   -0.9472254741E+01
    0.3113269333E+03    0.3220483354E+03   -0.1072140210E+02
    0.3186861333E+03    0.3336767526E+03   -0.1499061923E+02
    0.3487913667E+03    0.3571857050E+03   -0.8394338334E+01
    0.3853828667E+03    0.3810212219E+03    0.4361644792E+01
    0.4130206000E+03    0.4051706759E+03    0.7849924052E+01
    0.4355697667E+03    0.4296201228E+03    0.5949643909E+01
    0.4394029000E+03    0.4419526134E+03   -0.2549713351E+01
    0.4433844000E+03    0.4543542505E+03   -0.1096985049E+02
    0.4657620000E+03    0.4793563263E+03   -0.1359432628E+02
    0.2892323000E+03    0.2811214137E+03    0.8110886288E+01
    0.3043565333E+03    0.3012807824E+03    0.3075750925E+01
    0.3150956000E+03    0.3117670568E+03    0.3328543203E+01
    0.3256563000E+03    0.3225298907E+03    0.3126409265E+01
    0.3554397667E+03    0.3449018564E+03    0.1053791030E+02
    0.3840882333E+03    0.3684301168E+03    0.1565811655E+02
    0.4160088000E+03    0.3931484261E+03    0.2286037395E+02
    0.4356066667E+03    0.4190908516E+03    0.1651581504E+02
    0.4401088000E+03    0.4325318391E+03    0.7576960930E+01
    0.4442737333E+03    0.4462917714E+03   -0.2018038026E+01
    0.4648353333E+03    0.4747858704E+03   -0.9950537108E+01
    0.5172851333E+03    0.5240469258E+03   -0.6761792482E+01
    0.5151889667E+03    0.5191051264E+03   -0.3916159725E+01
    0.5145655000E+03    0.5166176130E+03   -0.2052112964E+01
    0.5133680667E+03    0.5141188321E+03   -0.7507654227E+00
    0.5106567333E+03    0.5090868740E+03    0.1569859312E+01
    0.5065376667E+03    0.5040080309E+03    0.2529635805E+01
    0.5038068667E+03    0.4988810255E+03    0.4925841174E+01
    0.5020189333E+03    0.4937045214E+03    0.8314411961E+01
    0.5003844000E+03    0.4910972724E+03    0.9287127602E+01
    0.4993860000E+03    0.4884771186E+03    0.1090888141E+02
    0.4951073333E+03    0.4831973496E+03    0.1190998376E+02
    0.2713804000E+03    0.2393106159E+03    0.3206978410E+02
    0.2536501333E+03    0.2422881348E+03    0.1136199857E+02
    0.2560003000E+03    0.2437654343E+03    0.1223486571E+02
    0.2569182667E+03    0.2452352379E+03    0.1168302874E+02
    0.2607602000E+03    0.2481527745E+03    0.1260742546E+02
    0.2631706000E+03    0.2510415546E+03    0.1212904538E+02
    0.2673784667E+03    0.2539023515E+03    0.1347611516E+02
    0.2694989667E+03    0.2567359041E+03    0.1276306252E+02
    0.2652660667E+03    0.2581426859E+03    0.7123380762E+01
    0.2675822667E+03    0.2595429192E+03    0.8039347480E+01
    0.2647965333E+03    0.2623240730E+03    0.2472460382E+01
    0.2603128667E+03    0.2378269097E+03    0.2248595700E+02
    0.2374204333E+03    0.2391205786E+03   -0.1700145219E+01
    0.2283086667E+03    0.2396824003E+03   -0.1137373360E+02
    0.2257176333E+03    0.2401884685E+03   -0.1447083515E+02
    0.2310318667E+03    0.2410360241E+03   -0.1000415746E+02
    0.2355563000E+03    0.2416684620E+03   -0.6112161997E+01
    0.2320685333E+03    0.2420907688E+03   -0.1002223542E+02
    0.2410007667E+03    0.2423076989E+03   -0.1306932270E+01
    0.2430929000E+03    0.2423405695E+03    0.7523305475E+00
    0.2456903000E+03    0.2423237721E+03    0.3366527862E+01
    0.2426874667E+03    0.2421432696E+03    0.5441971083E+00
    0.2717586000E+03    0.2641719898E+03    0.7586610221E+01
    0.2659497000E+03    0.2629462808E+03    0.3003419151E+01
    0.2640742333E+03    0.2622149378E+03    0.1859295489E+01
    0.2584595333E+03    0.2614048585E+03   -0.2945325171E+01
    0.2586609333E+03    0.2595489787E+03   -0.8880453678E+00
    0.2534079333E+03    0.2573791143E+03   -0.3971180997E+01
    0.2502162667E+03    0.2548948754E+03   -0.4678608762E+01
    0.2534641000E+03    0.2520949136E+03    0.1369186426E+01
    0.2541741667E+03    0.2505758252E+03    0.3598341474E+01
    0.2546677000E+03    0.2489768066E+03    0.5690893376E+01
    0.2478107667E+03    0.2455369188E+03    0.2273847835E+01
    0.2566177333E+03    0.2638127461E+03   -0.7195012774E+01
    0.2826566667E+03    0.2914095511E+03   -0.8752884411E+01
    0.3005005000E+03    0.3056231255E+03   -0.5122625547E+01
    0.3151633333E+03    0.3201194056E+03   -0.4956072235E+01
    0.3468133333E+03    0.3499779718E+03   -0.3164638434E+01
    0.3904840000E+03    0.3810212219E+03    0.9462778125E+01
    0.4207588667E+03    0.4132854352E+03    0.7473431458E+01
    0.4441880000E+03    0.4468071954E+03   -0.2619195395E+01
    0.4642795333E+03    0.4640511705E+03    0.2283628592E+00
    0.4874887333E+03    0.4816233876E+03    0.5865345705E+01
    0.5036133333E+03    0.5177711960E+03   -0.1415786268E+02
    0.2946690000E+03    0.2905378803E+03    0.4131119660E+01
    0.3090159667E+03    0.3166291668E+03   -0.7613200131E+01
    0.3192131333E+03    0.3299693705E+03   -0.1075623715E+02
    0.3324828333E+03    0.3435090111E+03   -0.1102617775E+02
    0.3586237000E+03    0.3711957849E+03   -0.1257208490E+02
    0.3933250000E+03    0.3997078386E+03   -0.6382838634E+01
    0.4207501667E+03    0.4290635015E+03   -0.8313334858E+01
    0.4555497333E+03    0.4592810819E+03   -0.3731348554E+01
    0.4822870667E+03    0.4747188068E+03    0.7568259874E+01
    0.5019539333E+03    0.4903788673E+03    0.1157506604E+02
    0.5099616667E+03    0.5223751248E+03   -0.1241345810E+02
    0.2921547667E+03    0.2846770303E+03    0.7477736354E+01
    0.3085777333E+03    0.3086927112E+03   -0.1149778739E+00
    0.3183324000E+03    0.3212240162E+03   -0.2891616161E+01
    0.3316307000E+03    0.3341119956E+03   -0.2481295552E+01
    0.3590403667E+03    0.3609812117E+03   -0.1940845071E+01
    0.3920042333E+03    0.3893470664E+03    0.2657166894E+01
    0.4221508000E+03    0.4192566539E+03    0.2894146115E+01
    0.4555808667E+03    0.4507574625E+03    0.4823404145E+01
    0.4795982333E+03    0.4671195239E+03    0.1247870943E+02
    0.4991327333E+03    0.4838973797E+03    0.1523535364E+02
    0.5097796667E+03    0.5187246948E+03   -0.8945028087E+01
