	 Y 	 Y_pred 	 diff
    0.2403534000E+03    0.2412361139E+03   -0.8827139316E+00
    0.4670846000E+03    0.4665128969E+03    0.5717031370E+00
    0.3849960667E+03    0.3915984772E+03   -0.6602410510E+01
    0.3027135333E+03    0.3104769927E+03   -0.7763459331E+01
    0.3058423333E+03    0.3064062791E+03   -0.5639457195E+00
    0.2220599667E+03    0.2461578936E+03   -0.2409792692E+02
    0.2591231667E+03    0.2421998118E+03    0.1692335487E+02
    0.3007642333E+03    0.3010348526E+03   -0.2706192443E+00
    0.3199497667E+03    0.3133354794E+03    0.6614287267E+01
    0.4355697667E+03    0.4180858280E+03    0.1748393868E+02
    0.4394029000E+03    0.4293184681E+03    0.1008443185E+02
    0.4433844000E+03    0.4406444729E+03    0.2739927087E+01
    0.2892323000E+03    0.2883884720E+03    0.8438279994E+00
    0.3256563000E+03    0.3356046872E+03   -0.9948387184E+01
    0.3554397667E+03    0.3595875761E+03   -0.4147809438E+01
    0.4401088000E+03    0.4457562023E+03   -0.5647402330E+01
    0.5145655000E+03    0.5218051860E+03   -0.7239685997E+01
    0.5065376667E+03    0.5050246199E+03    0.1513046736E+01
    0.2560003000E+03    0.2512806605E+03    0.4719639547E+01
    0.2569182667E+03    0.2528106185E+03    0.4107648193E+01
    0.2675822667E+03    0.2685408097E+03   -0.9585430148E+00
    0.2647965333E+03    0.2717839406E+03   -0.6987407226E+01
    0.2603128667E+03    0.2427080408E+03    0.1760482591E+02
    0.2355563000E+03    0.2393134856E+03   -0.3757185602E+01
    0.2640742333E+03    0.2638818873E+03    0.1923460776E+00
    0.2584595333E+03    0.2617833160E+03   -0.3323782620E+01
    0.2534079333E+03    0.2538210334E+03   -0.4131000492E+00
    0.3468133333E+03    0.3457242481E+03    0.1089085205E+01
    0.4874887333E+03    0.4751928546E+03    0.1229587873E+02
    0.3586237000E+03    0.3646659962E+03   -0.6042296204E+01
    0.4822870667E+03    0.4649085895E+03    0.1737847720E+02
    0.3183324000E+03    0.3202477426E+03   -0.1915342569E+01
    0.4555808667E+03    0.4576102349E+03   -0.2029368190E+01
    0.5097796667E+03    0.5231866334E+03   -0.1340696676E+02
    0.2785538000E+03    0.2980475475E+03   -0.1949374748E+02
    0.2586766667E+03    0.2722927972E+03   -0.1361613050E+02
    0.4372498667E+03    0.4316709264E+03    0.5578940296E+01
    0.3023439333E+03    0.3065561829E+03   -0.4212249570E+01
    0.2956743000E+03    0.3070224074E+03   -0.1134810744E+02
    0.3124557667E+03    0.3181678948E+03   -0.5712128179E+01
    0.2794223333E+03    0.2669596019E+03    0.1246273144E+02
    0.2801430000E+03    0.2667911899E+03    0.1335181009E+02
    0.2908341667E+03    0.2667041285E+03    0.2413003814E+02
    0.2527308000E+03    0.2436416434E+03    0.9089156591E+01
    0.4458766000E+03    0.4315639674E+03    0.1431263257E+02
    0.3817229000E+03    0.4030751599E+03   -0.2135225989E+02
    0.2587401333E+03    0.2648726693E+03   -0.6132535939E+01
    0.3446522333E+03    0.3383046948E+03    0.6347538536E+01
    0.3739319333E+03    0.3640530780E+03    0.9878855311E+01
    0.4037782333E+03    0.3904558105E+03    0.1332242283E+02
    0.4552735000E+03    0.4737128823E+03   -0.1843938227E+02
    0.3186861333E+03    0.3335958887E+03   -0.1490975541E+02
    0.3150956000E+03    0.3161855138E+03   -0.1089913798E+01
    0.4160088000E+03    0.4006962699E+03    0.1531253009E+02
    0.5151889667E+03    0.5260623793E+03   -0.1087341268E+02
    0.5038068667E+03    0.5016267777E+03    0.2180088985E+01
    0.2283086667E+03    0.2365845307E+03   -0.8275864047E+01
    0.2502162667E+03    0.2546340531E+03   -0.4417786448E+01
    0.2534641000E+03    0.2528975047E+03    0.5665953274E+00
    0.3151633333E+03    0.3144712515E+03    0.6920817927E+00
    0.4441880000E+03    0.4458535556E+03   -0.1665555585E+01
    0.4642795333E+03    0.4632806921E+03    0.9988412024E+00
    0.2946690000E+03    0.2782831804E+03    0.1638581962E+02
    0.4207501667E+03    0.4253430190E+03   -0.4592852376E+01
    0.5019539333E+03    0.4851660374E+03    0.1678789597E+02
    0.2921547667E+03    0.2710013564E+03    0.2115341022E+02
    0.3085777333E+03    0.2997028479E+03    0.8874885478E+01
    0.4795982333E+03    0.4708401705E+03    0.8758062787E+01
    0.3819834000E+03    0.3737806181E+03    0.8202781884E+01
    0.2725297000E+03    0.2797180289E+03   -0.7188328882E+01
    0.2541748667E+03    0.2757035909E+03   -0.2152872425E+02
    0.4148450000E+03    0.4301765324E+03   -0.1533153243E+02
    0.2451061333E+03    0.2469209126E+03   -0.1814779256E+01
    0.2466809333E+03    0.2592572431E+03   -0.1257630977E+02
    0.3836031333E+03    0.3903897323E+03   -0.6786598989E+01
    0.2344907333E+03    0.2094278533E+03    0.2506288001E+02
    0.2616502000E+03    0.3075160394E+03   -0.4586583936E+02
    0.2961311333E+03    0.2683593977E+03    0.2777173562E+02
    0.4715966000E+03    0.4693235379E+03    0.2273062136E+01
    0.3850257000E+03    0.4235555633E+03   -0.3852986329E+02
    0.2249314667E+03    0.2188561583E+03    0.6075308410E+01
    0.4540849667E+03    0.4446537049E+03    0.9431261745E+01
    0.4109789667E+03    0.4103092385E+03    0.6697281911E+00
    0.4162779667E+03    0.4317835697E+03   -0.1550560301E+02
    0.4713814667E+03    0.4708075959E+03    0.5738708131E+00
    0.3853828667E+03    0.3730377524E+03    0.1234511425E+02
    0.4130206000E+03    0.3952215744E+03    0.1779902557E+02
    0.4993860000E+03    0.4935896479E+03    0.5796352071E+01
    0.2713804000E+03    0.2412719919E+03    0.3010840812E+02
    0.2536501333E+03    0.2442420957E+03    0.9408037669E+01
    0.2607602000E+03    0.2497372331E+03    0.1102296689E+02
    0.2631706000E+03    0.2522678204E+03    0.1090277962E+02
    0.2694989667E+03    0.2569083841E+03    0.1259058259E+02
    0.2374204333E+03    0.2371804945E+03    0.2399388010E+00
    0.2320685333E+03    0.2442492442E+03   -0.1218071088E+02
    0.2430929000E+03    0.2481190825E+03   -0.5026182498E+01
    0.2456903000E+03    0.2495925692E+03   -0.3902269151E+01
    0.2717586000E+03    0.2591969159E+03    0.1256168413E+02
    0.3005005000E+03    0.3029224589E+03   -0.2421958928E+01
    0.4207588667E+03    0.4098021365E+03    0.1095673017E+02
    0.3090159667E+03    0.3097782434E+03   -0.7622766931E+00
    0.3933250000E+03    0.3946727413E+03   -0.1347741265E+01
    0.3071145667E+03    0.3248239554E+03   -0.1770938872E+02
    0.2338034333E+03    0.2149374440E+03    0.1886598935E+02
    0.4187009000E+03    0.4239757277E+03   -0.5274827695E+01
    0.3091172667E+03    0.3330074365E+03   -0.2389016979E+02
    0.2309024667E+03    0.2338828703E+03   -0.2980403654E+01
    0.2359238667E+03    0.2298358555E+03    0.6088011158E+01
    0.2859014667E+03    0.2960240594E+03   -0.1012259271E+02
    0.3238940333E+03    0.3412493493E+03   -0.1735531594E+02
    0.2942082000E+03    0.3039848894E+03   -0.9776689381E+01
    0.2500072667E+03    0.2344664908E+03    0.1554077583E+02
    0.2889783333E+03    0.2923912125E+03   -0.3412879195E+01
    0.2808691333E+03    0.2896054062E+03   -0.8736272911E+01
    0.2913401333E+03    0.2903159524E+03    0.1024180890E+01
    0.3113269333E+03    0.3229446411E+03   -0.1161770772E+02
    0.4657620000E+03    0.4657483673E+03    0.1363268394E-01
    0.4442737333E+03    0.4269379280E+03    0.1733580533E+02
    0.5172851333E+03    0.5301215165E+03   -0.1283638312E+02
    0.5133680667E+03    0.5182505538E+03   -0.4882487152E+01
    0.5106567333E+03    0.5123639871E+03   -0.1707253747E+01
    0.5020189333E+03    0.4949275677E+03    0.7091365643E+01
    0.5003844000E+03    0.4920576142E+03    0.8326785838E+01
    0.2310318667E+03    0.2391274013E+03   -0.8095534682E+01
    0.2410007667E+03    0.2455979658E+03   -0.4597199178E+01
    0.2426874667E+03    0.2516370093E+03   -0.8949542595E+01
    0.2586609333E+03    0.2579851171E+03    0.6758162672E+00
    0.2541741667E+03    0.2567050414E+03   -0.2530874727E+01
    0.2826566667E+03    0.2916158961E+03   -0.8959229433E+01
    0.3192131333E+03    0.3288237753E+03   -0.9610641991E+01
    0.4555497333E+03    0.4540139635E+03    0.1535769800E+01
    0.5099616667E+03    0.5087726852E+03    0.1188981493E+01
    0.3590403667E+03    0.3754337731E+03   -0.1639340640E+02
    0.3920042333E+03    0.4033957551E+03   -0.1139152175E+02
    0.4221508000E+03    0.4315386863E+03   -0.9387886283E+01
    0.4991327333E+03    0.4883893627E+03    0.1074337063E+02
    0.4067373667E+03    0.4006337773E+03    0.6103589416E+01
    0.2857956333E+03    0.2999654678E+03   -0.1416983444E+02
    0.3764530667E+03    0.3598471609E+03    0.1660590576E+02
    0.3041485333E+03    0.3073818579E+03   -0.3233324545E+01
    0.2869700333E+03    0.3014936486E+03   -0.1452361530E+02
    0.3266636333E+03    0.3167700890E+03    0.9893544302E+01
    0.3781231333E+03    0.3756442446E+03    0.2478888732E+01
    0.2779039000E+03    0.2826856483E+03   -0.4781748311E+01
    0.2552500667E+03    0.2629221619E+03   -0.7672095187E+01
    0.4175716333E+03    0.4283103861E+03   -0.1073875278E+02
    0.2449100333E+03    0.2442742000E+03    0.6358333772E+00
    0.3771303667E+03    0.3746053373E+03    0.2525029365E+01
    0.3714014333E+03    0.3684327441E+03    0.2968689238E+01
    0.4238937333E+03    0.4192792902E+03    0.4614443178E+01
    0.4241497333E+03    0.4330347344E+03   -0.8885001104E+01
    0.4298645000E+03    0.4469610089E+03   -0.1709650894E+02
    0.3010334667E+03    0.3134022095E+03   -0.1236874286E+02
    0.3487913667E+03    0.3585530961E+03   -0.9761729477E+01
    0.3043565333E+03    0.3067355841E+03   -0.2379050756E+01
    0.3840882333E+03    0.3778086861E+03    0.6279547258E+01
    0.4356066667E+03    0.4278183053E+03    0.7788361351E+01
    0.4648353333E+03    0.4799949447E+03   -0.1515961134E+02
    0.4951073333E+03    0.4822272814E+03    0.1288005195E+02
    0.2673784667E+03    0.2571962109E+03    0.1018225579E+02
    0.2652660667E+03    0.2626450526E+03    0.2621014095E+01
    0.2257176333E+03    0.2372868289E+03   -0.1156919552E+02
    0.2659497000E+03    0.2649947953E+03    0.9549046838E+00
    0.2546677000E+03    0.2517566500E+03    0.2911050023E+01
    0.2478107667E+03    0.2505296796E+03   -0.2718912945E+01
    0.2566177333E+03    0.2560291382E+03    0.5885951398E+00
    0.3904840000E+03    0.3802339702E+03    0.1025002979E+02
    0.5036133333E+03    0.5184922397E+03   -0.1487890641E+02
    0.3324828333E+03    0.3389820529E+03   -0.6499219536E+01
    0.3316307000E+03    0.3311356142E+03    0.4950857964E+00
