     Index       y_measurement           y_fitting        descriptor_1        descriptor_2        descriptor_3
         1    0.2935234994E+03    0.2932880707E+03    0.6613888356E+03    0.4137996286E+03    0.2387624299E+02
         2    0.1587309654E+03    0.1660414423E+03    0.5550714653E+03    0.3534186667E+03    0.1807055048E+02
         3    0.1746566799E+03    0.1812561597E+03    0.5859316809E+03    0.3942229167E+03    0.9627468329E+01
         4    0.2635678493E+03    0.2561054620E+03    0.6392503467E+03    0.4321965190E+03    0.2244428654E+02
         5    0.2592711134E+03    0.2477339146E+03    0.6291155585E+03    0.4185242089E+03    0.2269503515E+02
         6    0.1533371356E+03    0.1656619059E+03    0.5586557594E+03    0.3688249167E+03    0.1812925838E+02
         7    0.1737380718E+03    0.1810728894E+03    0.5893264453E+03    0.4096291667E+03    0.1000995175E+02
         8    0.1354613601E+03    0.1369344733E+03    0.5342987808E+03    0.3615646345E+03    0.1871090748E+02
         9    0.1415692716E+03    0.1430041766E+03    0.5548559601E+03    0.3889876382E+03    0.1018738138E+02
        10    0.1215912466E+03    0.1305075472E+03    0.5558078171E+03    0.4661166039E+03    0.1899484486E+02
        11    0.1096500264E+03    0.1083500275E+03    0.5217738030E+03    0.4011942715E+03    0.1953458345E+02
        12    0.1139947988E+03    0.1061610263E+03    0.5318634920E+03    0.4150188745E+03    0.1167960259E+02
        13    0.3022450560E+03    0.3135154765E+03    0.6632172620E+03    0.3709195027E+03    0.2639181985E+02
        14    0.3443617784E+03    0.3561754393E+03    0.7140455068E+03    0.4352256658E+03    0.2458550039E+02
        15    0.1198075480E+03    0.1099415365E+03    0.5030039225E+03    0.3228990115E+03    0.1952005633E+02
        16    0.1135857840E+03    0.1058243621E+03    0.5135010936E+03    0.3367236146E+03    0.9872970325E+01
        17    0.2788580290E+03    0.2567890009E+03    0.6268680358E+03    0.3600131847E+03    0.1716078589E+02
        18    0.3189353197E+03    0.2994805199E+03    0.6880820065E+03    0.4397417686E+03    0.9222292149E+01
        19    0.3054724589E+03    0.2963533822E+03    0.6835495183E+03    0.4205629324E+03    0.6597241040E+01
        20    0.1557885917E+03    0.1785587821E+03    0.5877202068E+03    0.4065790833E+03    0.8970348071E+01
        21    0.1177067906E+03    0.9627232392E+02    0.5153154425E+03    0.3318437500E+03    0.0000000000E+00
        22    0.1777489072E+03    0.1982026598E+03    0.6169485576E+03    0.4473833333E+03    0.5308258091E+01
        23    0.1784743125E+03    0.1857301573E+03    0.5778343156E+03    0.3603603333E+03    0.1235619780E+02
        24    0.1956337281E+03    0.2025017696E+03    0.6075059603E+03    0.4011645833E+03    0.6180836585E+01
        25    0.2605553334E+03    0.2721544379E+03    0.6716000735E+03    0.4426632911E+03    0.5787649571E+01
        26    0.2590247442E+03    0.2645632840E+03    0.6619775410E+03    0.4289909810E+03    0.6117157043E+01
        27    0.1618420223E+03    0.1906095291E+03    0.5984152306E+03    0.4100499167E+03    0.8374032577E+01
        28    0.1079419546E+03    0.1088782348E+03    0.5257047156E+03    0.3349062500E+03    0.0000000000E+00
        29    0.1750833160E+03    0.2098311751E+03    0.6271459696E+03    0.4508541667E+03    0.4879819929E+01
        30    0.1299731940E+03    0.1603269299E+03    0.5771852707E+03    0.4186542383E+03    0.8707319250E+01
        31    0.1169255214E+03    0.1087828875E+03    0.5291041352E+03    0.3485000000E+03    0.0000000000E+00
        32    0.1562825046E+03    0.1713058334E+03    0.5962676639E+03    0.4460772420E+03    0.5164110994E+01
        33    0.1770777058E+03    0.1967731884E+03    0.5920718654E+03    0.3792374167E+03    0.1140137223E+02
        34    0.1900791570E+03    0.2134273203E+03    0.6210657467E+03    0.4200416667E+03    0.5787649571E+01
        35    0.1509485565E+03    0.1685925122E+03    0.5674395100E+03    0.3720614097E+03    0.1266435133E+02
        36    0.1653278390E+03    0.1764073040E+03    0.5868265063E+03    0.3994844134E+03    0.6527929495E+01
        37    0.1854096194E+03    0.1832523317E+03    0.6171420254E+03    0.4893120584E+03    0.4470061909E+01
        38    0.1640343275E+03    0.1642207478E+03    0.5864491517E+03    0.4380200420E+03    0.7418344110E+01
        39    0.1464641946E+03    0.1446673009E+03    0.5622706422E+03    0.3712812500E+03    0.0000000000E+00
        40    0.1858012828E+03    0.1671943565E+03    0.5954769987E+03    0.4518446451E+03    0.4333799755E+01
        41    0.1653253369E+03    0.1704098429E+03    0.5834767977E+03    0.4223609900E+03    0.1094106156E+02
        42    0.1777252035E+03    0.1708745129E+03    0.5925463945E+03    0.4361855931E+03    0.5991013860E+01
        43    0.3048441671E+03    0.3034557431E+03    0.6749752380E+03    0.3742014545E+03    0.8645748124E+01
        44    0.3431197118E+03    0.3442149628E+03    0.7249226740E+03    0.4385076176E+03    0.6297334134E+01
        45    0.1196200687E+03    0.1082340252E+03    0.5360248127E+03    0.4203811099E+03    0.1052252407E+02
        46    0.9846246946E+02    0.8435834909E+02    0.5123976679E+03    0.3559687500E+03    0.0000000000E+00
        47    0.1234999985E+03    0.1110511770E+03    0.5458549607E+03    0.4342057130E+03    0.6558101790E+01
        48    0.2754221649E+03    0.2587681318E+03    0.6418898954E+03    0.3784554196E+03    0.8755670701E+01
        49    0.1012461757E+03    0.8301099446E+02    0.4940104167E+03    0.2880000000E+03    0.0000000000E+00
        50    0.3280589644E+03    0.3055265559E+03    0.7017990831E+03    0.4581840035E+03    0.5022277057E+01
        51    0.1252586322E+03    0.1204067800E+03    0.5144868150E+03    0.3264267979E+03    0.1703167951E+02
        52    0.1336360451E+03    0.1177141994E+03    0.5247488122E+03    0.3402514010E+03    0.8645748124E+01
        53    0.2730061052E+03    0.2611459312E+03    0.6387487826E+03    0.3634040647E+03    0.9814410513E+01
        54    0.3342069804E+03    0.3062396935E+03    0.6988580106E+03    0.4431326486E+03    0.4678720788E+01
        55    0.2925690386E+03    0.2832570497E+03    0.6550923341E+03    0.3837788415E+03    0.1526777880E+02
        56    0.2499290681E+03    0.2468462555E+03    0.6295577834E+03    0.3857368671E+03    0.1363100979E+02
        57    0.2494959393E+03    0.2393490726E+03    0.6192864754E+03    0.3720645570E+03    0.1464834198E+02
        58    0.1635212792E+03    0.1262146838E+03    0.5343145605E+03    0.3631571883E+03    0.1128391405E+02
        59    0.3044292394E+03    0.3060119117E+03    0.6600927807E+03    0.3563516551E+03    0.2036237264E+02
        60    0.3466922574E+03    0.3420248718E+03    0.7110763799E+03    0.4206578182E+03    0.1357099947E+02
        61    0.7539411855E+02    0.8007495302E+02    0.5217777941E+03    0.4826594235E+03    0.1882327373E+02
        62    0.8308542094E+02    0.1063435394E+03    0.5376343787E+03    0.4663610390E+03    0.1882327373E+02
        63    0.1161810959E+03    0.1195238393E+03    0.5456711959E+03    0.4584994652E+03    0.1882327373E+02
        64    0.1374857342E+03    0.1327391135E+03    0.5537813647E+03    0.4508207188E+03    0.1882327373E+02
        65    0.1810345920E+03    0.1592869862E+03    0.5702248400E+03    0.4359867769E+03    0.1882327373E+02
        66    0.2137989748E+03    0.1860112048E+03    0.5869711032E+03    0.4218121212E+03    0.1882327373E+02
        67    0.2362153392E+03    0.2129347343E+03    0.6040266739E+03    0.4082537549E+03    0.1882327373E+02
        68    0.2531818108E+03    0.2400796164E+03    0.6213983028E+03    0.3952723404E+03    0.1882327373E+02
        69    0.2540849331E+03    0.2537417356E+03    0.6302048145E+03    0.3889866029E+03    0.1882327373E+02
        70    0.2565445535E+03    0.2674671121E+03    0.6390929827E+03    0.3828318182E+03    0.1882327373E+02
        71    0.2716754675E+03    0.2951178289E+03    0.6571179604E+03    0.3708990724E+03    0.1882327373E+02
        72    0.1656333067E+03    0.1465006713E+03    0.5939643734E+03    0.5119942350E+03    0.5388929845E+01
        73    0.1614262859E+03    0.1655763677E+03    0.6033481156E+03    0.4918155844E+03    0.5388929845E+01
        74    0.1638021596E+03    0.1749535269E+03    0.6080084771E+03    0.4820823529E+03    0.5388929845E+01
        75    0.1557274398E+03    0.1842274324E+03    0.6126479631E+03    0.4725754757E+03    0.5388929845E+01
        76    0.1765848111E+03    0.2024763900E+03    0.6218647376E+03    0.4542099174E+03    0.5388929845E+01
        77    0.2133581471E+03    0.2203439902E+03    0.6309993607E+03    0.4366606061E+03    0.5388929845E+01
        78    0.2477361032E+03    0.2378494266E+03    0.6400528633E+03    0.4198743083E+03    0.5388929845E+01
        79    0.2563639819E+03    0.2550105326E+03    0.6490263968E+03    0.4038023211E+03    0.5388929845E+01
        80    0.2589913668E+03    0.2634672056E+03    0.6534835706E+03    0.3960200957E+03    0.5388929845E+01
        81    0.2636269676E+03    0.2718439541E+03    0.6579212441E+03    0.3884000000E+03    0.5388929845E+01
        82    0.2787418701E+03    0.2883653049E+03    0.6667388326E+03    0.3736263451E+03    0.5388929845E+01
        83    0.7419914298E+02    0.8431689234E+02    0.4947470912E+03    0.3524487805E+03    0.1596406170E+02
        84    0.1199555727E+03    0.1093034684E+03    0.5140258666E+03    0.3533740260E+03    0.1596406170E+02
        85    0.1275768211E+03    0.1219028269E+03    0.5237419209E+03    0.3538203209E+03    0.1596406170E+02
        86    0.1365911272E+03    0.1345724002E+03    0.5335088355E+03    0.3542562368E+03    0.1596406170E+02
        87    0.1664174620E+03    0.1601207276E+03    0.5531944914E+03    0.3550983471E+03    0.1596406170E+02
        88    0.1835905845E+03    0.1859455751E+03    0.5730813258E+03    0.3559030303E+03    0.1596406170E+02
        89    0.2269835653E+03    0.2120441488E+03    0.5931678328E+03    0.3566727273E+03    0.1596406170E+02
        90    0.2427378609E+03    0.2384137321E+03    0.6134525125E+03    0.3574096712E+03    0.1596406170E+02
        91    0.2489758592E+03    0.2516993243E+03    0.6236687011E+03    0.3577665072E+03    0.1596406170E+02
        92    0.2556213033E+03    0.2650516839E+03    0.6339338749E+03    0.3581159091E+03    0.1596406170E+02
        93    0.2752750396E+03    0.2919554342E+03    0.6546104416E+03    0.3587933210E+03    0.1596406170E+02
        94    0.3579410584E+03    0.3749202139E+03    0.7491442248E+03    0.4158990000E+03    0.0000000000E+00
        95    0.3560854796E+03    0.3678658918E+03    0.7413158092E+03    0.4062980000E+03    0.0000000000E+00
        96    0.3559526572E+03    0.3642983579E+03    0.7373708330E+03    0.4014975000E+03    0.0000000000E+00
        97    0.3545054002E+03    0.3607033476E+03    0.7334049168E+03    0.3966970000E+03    0.0000000000E+00
        98    0.3498113830E+03    0.3534291474E+03    0.7254089305E+03    0.3870960000E+03    0.0000000000E+00
        99    0.3429812803E+03    0.3460396759E+03    0.7173250951E+03    0.3774950000E+03    0.0000000000E+00
       100    0.3356323513E+03    0.3385311239E+03    0.7091505076E+03    0.3678940000E+03    0.0000000000E+00
       101    0.3316835756E+03    0.3308994732E+03    0.7008821057E+03    0.3582930000E+03    0.0000000000E+00
       102    0.3292392192E+03    0.3270361693E+03    0.6967117210E+03    0.3534925000E+03    0.0000000000E+00
       103    0.3269858934E+03    0.3231404815E+03    0.6925166563E+03    0.3486920000E+03    0.0000000000E+00
       104    0.3207503283E+03    0.3152496654E+03    0.6840507425E+03    0.3390910000E+03    0.0000000000E+00
       105    0.7685966542E+02    0.8242624346E+02    0.5142408373E+03    0.3689500000E+03    0.0000000000E+00
       106    0.9037831757E+02    0.9208604924E+02    0.5222284189E+03    0.3714000000E+03    0.0000000000E+00
       107    0.9507898511E+02    0.9689284186E+02    0.5262045972E+03    0.3726250000E+03    0.0000000000E+00
       108    0.1152563537E+03    0.1016843730E+03    0.5301691446E+03    0.3738500000E+03    0.0000000000E+00
       109    0.1250793226E+03    0.1112220810E+03    0.5380636746E+03    0.3763000000E+03    0.0000000000E+00
       110    0.1376933148E+03    0.1207000213E+03    0.5459126552E+03    0.3787500000E+03    0.0000000000E+00
       111    0.1448486749E+03    0.1301190240E+03    0.5537167190E+03    0.3812000000E+03    0.0000000000E+00
       112    0.1532934530E+03    0.1394799020E+03    0.5614764856E+03    0.3836500000E+03    0.0000000000E+00
       113    0.1533473073E+03    0.1441387936E+03    0.5653399475E+03    0.3848750000E+03    0.0000000000E+00
       114    0.1575849665E+03    0.1487834514E+03    0.5691925616E+03    0.3861000000E+03    0.0000000000E+00
       115    0.1621881784E+03    0.1580304519E+03    0.5768655413E+03    0.3885500000E+03    0.0000000000E+00
       116    0.8311168116E+02    0.7213535027E+02    0.5029946318E+03    0.3556250000E+03    0.0000000000E+00
       117    0.7247803067E+02    0.7159251067E+02    0.4998032622E+03    0.3447500000E+03    0.0000000000E+00
       118    0.6678121200E+02    0.7133254765E+02    0.4982163087E+03    0.3393125000E+03    0.0000000000E+00
       119    0.6475675694E+02    0.7108125743E+02    0.4966359648E+03    0.3338750000E+03    0.0000000000E+00
       120    0.7030410540E+02    0.7060814463E+02    0.4934977345E+03    0.3230000000E+03    0.0000000000E+00
       121    0.6625141588E+02    0.7018072184E+02    0.4903943249E+03    0.3121250000E+03    0.0000000000E+00
       122    0.6514082646E+02    0.6980771306E+02    0.4873323846E+03    0.3012500000E+03    0.0000000000E+00
       123    0.7365959505E+02    0.6949923350E+02    0.4843196225E+03    0.2903750000E+03    0.0000000000E+00
       124    0.6708569690E+02    0.6937279802E+02    0.4828344313E+03    0.2849375000E+03    0.0000000000E+00
       125    0.6606186028E+02    0.6926705620E+02    0.4813650109E+03    0.2795000000E+03    0.0000000000E+00
       126    0.7019308169E+02    0.6912494011E+02    0.4784790356E+03    0.2686250000E+03    0.0000000000E+00
       127    0.1593068290E+03    0.1586263054E+03    0.5745419780E+03    0.3776750000E+03    0.0000000000E+00
       128    0.1468949451E+03    0.1498006521E+03    0.5644124425E+03    0.3643500000E+03    0.0000000000E+00
       129    0.1388089549E+03    0.1452975651E+03    0.5592788867E+03    0.3576875000E+03    0.0000000000E+00
       130    0.1291537303E+03    0.1407320800E+03    0.5540977768E+03    0.3510250000E+03    0.0000000000E+00
       131    0.1235282770E+03    0.1314067636E+03    0.5435874444E+03    0.3377000000E+03    0.0000000000E+00
       132    0.1106958100E+03    0.1218095148E+03    0.5328698703E+03    0.3243750000E+03    0.0000000000E+00
       133    0.9736886424E+02    0.1119235856E+03    0.5219322908E+03    0.3110500000E+03    0.0000000000E+00
       134    0.9411222420E+02    0.1017304357E+03    0.5107605762E+03    0.2977250000E+03    0.0000000000E+00
       135    0.7726231874E+02    0.9651230098E+02    0.5050820773E+03    0.2910625000E+03    0.0000000000E+00
       136    0.6947861574E+02    0.9120945102E+02    0.4993390163E+03    0.2844000000E+03    0.0000000000E+00
       137    0.7451208676E+02    0.8033760418E+02    0.4876500618E+03    0.2710750000E+03    0.0000000000E+00
       138    0.8219213345E+02    0.8393719763E+02    0.5297708841E+03    0.4954323725E+03    0.1711686017E+02
       139    0.9923806785E+02    0.1166967244E+03    0.5536813448E+03    0.4912987013E+03    0.1711686017E+02
       140    0.1193451659E+03    0.1332201160E+03    0.5657646672E+03    0.4893048128E+03    0.1711686017E+02
       141    0.1356927131E+03    0.1498390666E+03    0.5779326595E+03    0.4873572939E+03    0.1711686017E+02
       142    0.1672786173E+03    0.1833629846E+03    0.6025205352E+03    0.4835950413E+03    0.1711686017E+02
       143    0.2253661327E+03    0.2172670397E+03    0.6274408249E+03    0.4800000000E+03    0.1711686017E+02
       144    0.2698899312E+03    0.2515496272E+03    0.6526895202E+03    0.4765612648E+03    0.1711686017E+02
       145    0.2781444213E+03    0.2862090035E+03    0.6782627441E+03    0.4732688588E+03    0.1711686017E+02
       146    0.2994904688E+03    0.3036794107E+03    0.6911698770E+03    0.4716746411E+03    0.1711686017E+02
       147    0.3348078087E+03    0.3212433104E+03    0.7041567444E+03    0.4701136364E+03    0.1711686017E+02
       148    0.3536124748E+03    0.3566505946E+03    0.7303678873E+03    0.4670871985E+03    0.1711686017E+02
       149    0.1815617150E+03    0.1478521326E+03    0.6010357603E+03    0.5247671840E+03    0.2735568742E+01
       150    0.1851328402E+03    0.1724489999E+03    0.6177343102E+03    0.5167532468E+03    0.2735568742E+01
       151    0.1879236927E+03    0.1847776521E+03    0.6261427367E+03    0.5128877005E+03    0.2735568742E+01
       152    0.1904213831E+03    0.1971276462E+03    0.6345903892E+03    0.5091120507E+03    0.2735568742E+01
       153    0.2062694130E+03    0.2218949609E+03    0.6516027565E+03    0.5018181818E+03    0.2735568742E+01
       154    0.2324792831E+03    0.2467571098E+03    0.6687701969E+03    0.4948484848E+03    0.2735568742E+01
       155    0.2580894811E+03    0.2717196163E+03    0.6860915199E+03    0.4881818182E+03    0.2735568742E+01
       156    0.2927787662E+03    0.2967874323E+03    0.7035655589E+03    0.4817988395E+03    0.2735568742E+01
       157    0.3243674594E+03    0.3093622379E+03    0.7123594888E+03    0.4787081340E+03    0.2735568742E+01
       158    0.3451406716E+03    0.3219649999E+03    0.7211911707E+03    0.4756818182E+03    0.2735568742E+01
       159    0.3548500077E+03    0.3472563061E+03    0.7389672347E+03    0.4698144712E+03    0.2735568742E+01
       160    0.8919480068E+02    0.7806005867E+02    0.5032132384E+03    0.3652217295E+03    0.6442781969E+01
       161    0.1207847205E+03    0.1099157399E+03    0.5308340920E+03    0.3783116883E+03    0.6442781969E+01
       162    0.1243448504E+03    0.1259713063E+03    0.5446828582E+03    0.3846256684E+03    0.6442781969E+01
       163    0.1408027874E+03    0.1421142480E+03    0.5585607091E+03    0.3907928118E+03    0.6442781969E+01
       164    0.1693828405E+03    0.1746674818E+03    0.5864127607E+03    0.4027066116E+03    0.6442781969E+01
       165    0.2053585443E+03    0.2075839422E+03    0.6144063857E+03    0.4140909091E+03    0.6442781969E+01
       166    0.2357175677E+03    0.2408695287E+03    0.6425549004E+03    0.4249802372E+03    0.6442781969E+01
       167    0.2786727984E+03    0.2745281348E+03    0.6708693417E+03    0.4354061896E+03    0.6442781969E+01
       168    0.3075347098E+03    0.2914981018E+03    0.6850917164E+03    0.4404545455E+03    0.6442781969E+01
       169    0.3365297414E+03    0.3085620992E+03    0.6993588891E+03    0.4453977273E+03    0.6442781969E+01
       170    0.3525696231E+03    0.3429725503E+03    0.7280311958E+03    0.4549814471E+03    0.6442781969E+01
