     Index       y_measurement           y_fitting        descriptor_1
         1    0.1163904667E+03    0.1133601578E+03    0.2963224183E-02
         2    0.8049570000E+02    0.9191323389E+02    0.2544681672E-02
         3    0.1124396667E+03    0.1032948840E+03    0.2766797646E-02
         4    0.1120797667E+03    0.1121875812E+03    0.2940341033E-02
         5    0.1183827000E+03    0.1197571998E+03    0.3088064184E-02
         6    0.1263473667E+03    0.1142905584E+03    0.2981381201E-02
         7    0.1167774333E+03    0.1184573910E+03    0.3062698064E-02
         8    0.1183212333E+03    0.1229748291E+03    0.3150857089E-02
         9    0.6767893333E+02    0.6932882366E+02    0.2103940809E-02
        10    0.6924846667E+02    0.7759332224E+02    0.2265224730E-02
        11    0.1178638333E+03    0.1218517331E+03    0.3128939566E-02
        12    0.1260300667E+03    0.1263194909E+03    0.3216129066E-02
        13    0.6395140000E+02    0.7649078443E+02    0.2243708407E-02
        14    0.7548660000E+02    0.8815210376E+02    0.2471282202E-02
        15    0.7241710000E+02    0.8017606929E+02    0.2315627736E-02
        16    0.1084637000E+03    0.1208148785E+03    0.3108705069E-02
        17    0.1173802333E+03    0.1087799035E+03    0.2873839283E-02
        18    0.1055167333E+03    0.1005040858E+03    0.2712334467E-02
        19    0.9370783333E+02    0.8845879242E+02    0.2477267314E-02
        20    0.1162208000E+03    0.9734561777E+02    0.2650696110E-02
        21    0.1175302333E+03    0.1180833344E+03    0.3055398249E-02
        22    0.1218277333E+03    0.1071797815E+03    0.2842612470E-02
        23    0.1233274667E+03    0.1045961796E+03    0.2792192781E-02
        24    0.1119479000E+03    0.1172596393E+03    0.3039323616E-02
        25    0.1160802000E+03    0.1123794420E+03    0.2944085249E-02
        26    0.1068349333E+03    0.9834757783E+02    0.2670249631E-02
        27    0.1127276667E+03    0.1081411489E+03    0.2861373814E-02
        28    0.1132335667E+03    0.1141000569E+03    0.2977663512E-02
        29    0.1026179667E+03    0.1026146456E+03    0.2753522610E-02
        30    0.1001382000E+03    0.1037732308E+03    0.2776132714E-02
        31    0.9148953333E+02    0.1085119830E+03    0.2868610742E-02
        32    0.9892276667E+02    0.1044887590E+03    0.2790096440E-02
        33    0.9586320000E+02    0.1092164818E+03    0.2882359227E-02
        34    0.7368413333E+02    0.7678790310E+02    0.2249506758E-02
        35    0.1181048000E+03    0.1219014738E+03    0.3129910270E-02
        36    0.1175400000E+03    0.1200461241E+03    0.3093702619E-02
        37    0.7083120000E+02    0.7517592858E+02    0.2218048640E-02
        38    0.1189540667E+03    0.1259460188E+03    0.3208840657E-02
        39    0.7171576667E+02    0.8692832105E+02    0.2447399752E-02
        40    0.1173187667E+03    0.1195930450E+03    0.3084860659E-02
        41    0.1177421333E+03    0.1240938007E+03    0.3172694122E-02
        42    0.7212726667E+02    0.7548029910E+02    0.2223988513E-02
        43    0.6982910000E+02    0.8721154859E+02    0.2452927014E-02
        44    0.7875026667E+02    0.8271679602E+02    0.2365210704E-02
        45    0.1104217667E+03    0.1176967074E+03    0.3047853118E-02
        46    0.6689893333E+02    0.6958378918E+02    0.2108916530E-02
        47    0.7034353333E+02    0.7783407171E+02    0.2269923021E-02
        48    0.1323314333E+03    0.1190995409E+03    0.3075229793E-02
        49    0.1293472000E+03    0.1135048860E+03    0.2966048592E-02
        50    0.1163718000E+03    0.1104546454E+03    0.2906522323E-02
        51    0.1096154000E+03    0.1072741767E+03    0.2844454618E-02
        52    0.9314260000E+02    0.1006206469E+03    0.2714609188E-02
        53    0.8257986667E+02    0.9371601684E+02    0.2579863468E-02
        54    0.7522936667E+02    0.8669761591E+02    0.2442897479E-02
        55    0.7840820000E+02    0.6593500092E+02    0.2037709442E-02
        56    0.1073171667E+03    0.1016419811E+03    0.2734540800E-02
        57    0.1140622333E+03    0.9860722502E+02    0.2675316716E-02
        58    0.1204607667E+03    0.9694125309E+02    0.2642804824E-02
        59    0.9731303333E+02    0.8807109186E+02    0.2469701233E-02
        60    0.8288196667E+02    0.8274161299E+02    0.2365695014E-02
        61    0.8378776667E+02    0.7707253734E+02    0.2255061472E-02
        62    0.8411906667E+02    0.7415723813E+02    0.2198168621E-02
        63    0.8230160000E+02    0.7120899406E+02    0.2140632842E-02
        64    0.7972536667E+02    0.6526623154E+02    0.2024658227E-02
        65    0.1333271667E+03    0.1241520882E+03    0.3173831617E-02
        66    0.1165381667E+03    0.1139094202E+03    0.2973943187E-02
        67    0.1148520667E+03    0.1102943728E+03    0.2903394561E-02
        68    0.1043592000E+03    0.1028933817E+03    0.2758962221E-02
        69    0.8333353333E+02    0.8786848877E+02    0.2465747379E-02
        70    0.8228193333E+02    0.7679271323E+02    0.2249600629E-02
        71    0.8122306667E+02    0.7318529765E+02    0.2179200940E-02
        72    0.7565850000E+02    0.6950164515E+02    0.2107313467E-02
        73    0.7168876667E+02    0.6841137204E+02    0.2086036493E-02
        74    0.6902210000E+02    0.6786270585E+02    0.2075329124E-02
        75    0.6723246667E+02    0.6731165925E+02    0.2064575301E-02
        76    0.6564466667E+02    0.6620234188E+02    0.2042926673E-02
        77    0.6465190000E+02    0.6508325068E+02    0.2021087306E-02
        78    0.6549303333E+02    0.6395421183E+02    0.1999053808E-02
        79    0.6527446667E+02    0.6281504696E+02    0.1976822698E-02
        80    0.6491693333E+02    0.6224161015E+02    0.1965631924E-02
        81    0.6509713333E+02    0.6166557272E+02    0.1954390398E-02
        82    0.1331329333E+03    0.1216301454E+03    0.3124615223E-02
        83    0.1303768667E+03    0.1194518077E+03    0.3082104375E-02
        84    0.1275528667E+03    0.1183574633E+03    0.3060747949E-02
        85    0.1131955333E+03    0.1172596393E+03    0.3039323616E-02
        86    0.1089584667E+03    0.1150534632E+03    0.2996269495E-02
        87    0.1032596000E+03    0.1128330995E+03    0.2952938497E-02
        88    0.9690393333E+02    0.1083490706E+03    0.2865431462E-02
        89    0.9517810000E+02    0.1060850272E+03    0.2821248044E-02
        90    0.9246266667E+02    0.1038060395E+03    0.2776772985E-02
        91    0.1244155333E+03    0.1244415921E+03    0.3179481365E-02
        92    0.1249338000E+03    0.1250871492E+03    0.3192079586E-02
        93    0.1282895000E+03    0.1254094757E+03    0.3198369875E-02
        94    0.1238324333E+03    0.1263746537E+03    0.3217205583E-02
        95    0.1230619333E+03    0.1270166100E+03    0.3229733533E-02
        96    0.1256808333E+03    0.1276573748E+03    0.3242238232E-02
        97    0.1205031000E+03    0.1282969527E+03    0.3254719768E-02
        98    0.1237962000E+03    0.1286162979E+03    0.3260951876E-02
        99    0.1263286333E+03    0.1289353481E+03    0.3267178225E-02
       100    0.1243047333E+03    0.1295725652E+03    0.3279613689E-02
       101    0.9942550000E+02    0.1044913167E+03    0.2790146354E-02
       102    0.1065988000E+03    0.1089127692E+03    0.2876432194E-02
       103    0.1094606333E+03    0.1103740932E+03    0.2904950326E-02
       104    0.1100665000E+03    0.1132783160E+03    0.2961627018E-02
       105    0.1137924333E+03    0.1161583134E+03    0.3017830944E-02
       106    0.1200650667E+03    0.1190144861E+03    0.3073569926E-02
       107    0.1181213667E+03    0.1218472252E+03    0.3128851594E-02
       108    0.1254120333E+03    0.1232549266E+03    0.3156323267E-02
       109    0.1310257333E+03    0.1200335683E+03    0.3093457590E-02
       110    0.1248918667E+03    0.1180725187E+03    0.3055187177E-02
       111    0.1208332667E+03    0.1158104154E+03    0.3011041621E-02
       112    0.1109500000E+03    0.1105551464E+03    0.2908483627E-02
       113    0.8069620000E+02    0.9809297218E+02    0.2665280933E-02
       114    0.9159523333E+02    0.9131967977E+02    0.2533098303E-02
       115    0.8447216667E+02    0.8787050627E+02    0.2465786751E-02
       116    0.7063323333E+02    0.8440144809E+02    0.2398087144E-02
       117    0.9883910000E+02    0.1056066159E+03    0.2811911718E-02
       118    0.1059929000E+03    0.1068218471E+03    0.2835627283E-02
       119    0.1099493000E+03    0.1065632179E+03    0.2830580065E-02
       120    0.1143839667E+03    0.1031445356E+03    0.2763863557E-02
       121    0.1074090000E+03    0.9921276376E+02    0.2687133968E-02
       122    0.1007096000E+03    0.9437014805E+02    0.2592629015E-02
       123    0.9387423333E+02    0.8888996913E+02    0.2485681844E-02
       124    0.7960966667E+02    0.8598066109E+02    0.2428905912E-02
       125    0.7212493333E+02    0.8298981202E+02    0.2370538685E-02
       126    0.7295700000E+02    0.7684210788E+02    0.2250564579E-02
       127    0.1322593000E+03    0.1278427280E+03    0.3245855450E-02
       128    0.1247315333E+03    0.1238796056E+03    0.3168514046E-02
       129    0.1265596000E+03    0.1214313917E+03    0.3120736490E-02
       130    0.1190111667E+03    0.1127328359E+03    0.2950981827E-02
       131    0.1090786333E+03    0.1061494042E+03    0.2822504379E-02
       132    0.1036082667E+03    0.9919570465E+02    0.2686801055E-02
       133    0.9512590000E+02    0.9204192911E+02    0.2547193194E-02
       134    0.8489250000E+02    0.8843321583E+02    0.2476768180E-02
       135    0.7258806667E+02    0.8482244626E+02    0.2406303037E-02
       136    0.7170470000E+02    0.7764231511E+02    0.2266180839E-02
