     Index       y_measurement           y_fitting        descriptor_1
         1    0.3115032551E+00    0.3278935893E+00    0.1569444912E+02
         2    0.3727521742E+00    0.3734381047E+00    0.1633032861E+02
         3    0.3692808565E+00    0.3728279970E+00    0.1632181046E+02
         4    0.3219133907E+00    0.3427300701E+00    0.1590159182E+02
         5    0.3203898125E+00    0.3429518595E+00    0.1590468838E+02
         6    0.3689363424E+00    0.3736181965E+00    0.1633284300E+02
         7    0.3834306331E+00    0.3908142122E+00    0.1657292885E+02
         8    0.3841229241E+00    0.3903891491E+00    0.1656699424E+02
         9    0.3981010400E+00    0.3918317270E+00    0.1658713510E+02
        10    0.3996236202E+00    0.4098766700E+00    0.1683907343E+02
        11    0.3980037053E+00    0.4096293917E+00    0.1683562100E+02
        12    0.3065872278E+00    0.3140590534E+00    0.1550129529E+02
        13    0.3018713204E+00    0.3130361195E+00    0.1548701338E+02
        14    0.3946135729E+00    0.4056870060E+00    0.1678057854E+02
        15    0.4021863310E+00    0.4055028367E+00    0.1677800722E+02
        16    0.3076766726E+00    0.3278464109E+00    0.1569379043E+02
        17    0.3092389430E+00    0.3153698287E+00    0.1551959596E+02
        18    0.3769629583E+00    0.3618424531E+00    0.1616843344E+02
        19    0.3904139452E+00    0.4145443542E+00    0.1690424230E+02
        20    0.3687133635E+00    0.3611039993E+00    0.1615812336E+02
        21    0.3614909000E+00    0.3606569940E+00    0.1615188240E+02
        22    0.3569607189E+00    0.3600289192E+00    0.1614311340E+02
        23    0.3309396823E+00    0.3235706751E+00    0.1563409383E+02
        24    0.3276713441E+00    0.3238012120E+00    0.1563731252E+02
        25    0.3741920109E+00    0.3552000966E+00    0.1607569476E+02
        26    0.4010305618E+00    0.4077220728E+00    0.1680899156E+02
        27    0.3923032117E+00    0.3717560598E+00    0.1630684438E+02
        28    0.3928852735E+00    0.4078893123E+00    0.1681132651E+02
        29    0.3763802550E+00    0.3712381441E+00    0.1629961339E+02
        30    0.3628066791E+00    0.3548416306E+00    0.1607068996E+02
        31    0.3616999086E+00    0.3541677792E+00    0.1606128184E+02
        32    0.3769364803E+00    0.3712301874E+00    0.1629950230E+02
        33    0.3710709739E+00    0.3707869016E+00    0.1629331327E+02
        34    0.3572480509E+00    0.3511132101E+00    0.1601863482E+02
        35    0.3710951698E+00    0.3867648354E+00    0.1651639261E+02
        36    0.3498298330E+00    0.3680359771E+00    0.1625490565E+02
        37    0.3622700519E+00    0.3688097123E+00    0.1626570832E+02
        38    0.3556002005E+00    0.3685439427E+00    0.1626199772E+02
        39    0.3068701886E+00    0.3079227143E+00    0.1541562148E+02
        40    0.3047319468E+00    0.3068855601E+00    0.1540114103E+02
        41    0.3934461789E+00    0.4029687330E+00    0.1674262679E+02
        42    0.4069873114E+00    0.4217532951E+00    0.1700489147E+02
        43    0.3925031194E+00    0.4027057510E+00    0.1673895511E+02
        44    0.3131120344E+00    0.3222798228E+00    0.1561607132E+02
        45    0.4057369914E+00    0.4186608739E+00    0.1696171597E+02
        46    0.3055190544E+00    0.3209842348E+00    0.1559798269E+02
        47    0.3914804504E+00    0.3992744129E+00    0.1669104775E+02
        48    0.3875508766E+00    0.3990871615E+00    0.1668843340E+02
        49    0.3144476998E+00    0.3216738650E+00    0.1560761111E+02
        50    0.3035142463E+00    0.3204490261E+00    0.1559051026E+02
        51    0.3153730631E+00    0.3263372330E+00    0.1567271972E+02
        52    0.3356654485E+00    0.3403845092E+00    0.1586884377E+02
        53    0.3316145550E+00    0.3405704735E+00    0.1587144015E+02
        54    0.3701456579E+00    0.3869129068E+00    0.1651845994E+02
        55    0.3057408244E+00    0.3132609558E+00    0.1549015248E+02
        56    0.3022545026E+00    0.3122962634E+00    0.1547668372E+02
        57    0.4319090039E+00    0.4135494162E+00    0.1689035126E+02
        58    0.4270794082E+00    0.3990980370E+00    0.1668858524E+02
        59    0.4008107104E+00    0.3920813031E+00    0.1659061961E+02
        60    0.3863661790E+00    0.3851974269E+00    0.1649450890E+02
        61    0.3291813919E+00    0.3464422720E+00    0.1595342052E+02
        62    0.3243536271E+00    0.3344017330E+00    0.1578531396E+02
        63    0.3252255627E+00    0.3285304430E+00    0.1570334069E+02
        64    0.3261143142E+00    0.3227543176E+00    0.1562269608E+02
        65    0.3674602020E+00    0.3634288070E+00    0.1619058166E+02
        66    0.3733715764E+00    0.3553119725E+00    0.1607725674E+02
        67    0.3728675248E+00    0.3513810088E+00    0.1602237375E+02
        68    0.3805400206E+00    0.3475305618E+00    0.1596861491E+02
        69    0.3694195579E+00    0.3400587706E+00    0.1586429590E+02
        70    0.3485184075E+00    0.3328730768E+00    0.1576397130E+02
        71    0.3301994043E+00    0.3259519952E+00    0.1566734114E+02
        72    0.3300178520E+00    0.3192758621E+00    0.1557413088E+02
        73    0.3296708943E+00    0.3160239569E+00    0.1552872871E+02
        74    0.3275040021E+00    0.3128266445E+00    0.1548408875E+02
        75    0.3234392652E+00    0.3065877772E+00    0.1539698347E+02
        76    0.4357322360E+00    0.4075076980E+00    0.1680599852E+02
        77    0.3992104702E+00    0.3937574741E+00    0.1661402183E+02
        78    0.3897969196E+00    0.3805489180E+00    0.1642960775E+02
        79    0.3713716119E+00    0.3678454367E+00    0.1625224538E+02
        80    0.3632482216E+00    0.3556136275E+00    0.1608146836E+02
        81    0.3345703037E+00    0.3324453413E+00    0.1575799938E+02
        82    0.3325398245E+00    0.3269033376E+00    0.1568062351E+02
        83    0.3299490417E+00    0.3214551297E+00    0.1560455719E+02
        84    0.3236357173E+00    0.3108286269E+00    0.1545619300E+02
        85    0.3049439245E+00    0.2991315615E+00    0.1529288192E+02
        86    0.3016141520E+00    0.2993687695E+00    0.1529619375E+02
        87    0.3008492847E+00    0.2994476788E+00    0.1529729546E+02
        88    0.3007543390E+00    0.2996052583E+00    0.1529949554E+02
        89    0.3013730675E+00    0.2997625170E+00    0.1530169114E+02
        90    0.3039891654E+00    0.3000760759E+00    0.1530606896E+02
        91    0.3042505979E+00    0.3001542661E+00    0.1530716063E+02
        92    0.3048279490E+00    0.3002323755E+00    0.1530825117E+02
        93    0.3052152848E+00    0.3003883556E+00    0.1531042892E+02
        94    0.4320800811E+00    0.4229407167E+00    0.1702146991E+02
        95    0.4194647730E+00    0.4172851710E+00    0.1694250880E+02
        96    0.4152703718E+00    0.4144560298E+00    0.1690300914E+02
        97    0.3955196646E+00    0.4116259768E+00    0.1686349675E+02
        98    0.3875387003E+00    0.4059631326E+00    0.1678443374E+02
        99    0.3773174658E+00    0.4002966391E+00    0.1670531978E+02
       100    0.3722096650E+00    0.3946264971E+00    0.1662615488E+02
       101    0.3658986417E+00    0.3889527051E+00    0.1654693902E+02
       102    0.3654385006E+00    0.3861144411E+00    0.1650731199E+02
       103    0.3628786252E+00    0.3832752646E+00    0.1646767222E+02
       104    0.3593327157E+00    0.3775941747E+00    0.1638835447E+02
       105    0.4236008781E+00    0.4287281509E+00    0.1710227241E+02
       106    0.4302033384E+00    0.4286835052E+00    0.1710164908E+02
       107    0.4366919796E+00    0.4284586775E+00    0.1709851010E+02
       108    0.4311080150E+00    0.4280536664E+00    0.1709285545E+02
       109    0.4347549284E+00    0.4274684732E+00    0.1708468515E+02
       110    0.4361630142E+00    0.4267030965E+00    0.1707399918E+02
       111    0.4281518174E+00    0.4257575371E+00    0.1706079755E+02
       112    0.4349348493E+00    0.4252171894E+00    0.1705325337E+02
       113    0.4367499704E+00    0.4246317956E+00    0.1704508027E+02
       114    0.4324042533E+00    0.4233258707E+00    0.1702684732E+02
       115    0.3650326136E+00    0.3782184727E+00    0.1639707074E+02
       116    0.3732358523E+00    0.3842350643E+00    0.1648107267E+02
       117    0.3786976367E+00    0.3871336935E+00    0.1652154250E+02
       118    0.3852582334E+00    0.3899592112E+00    0.1656099157E+02
       119    0.3888947959E+00    0.3953909119E+00    0.1663682742E+02
       120    0.3985197223E+00    0.4005301678E+00    0.1670858024E+02
       121    0.4279795549E+00    0.4120988571E+00    0.1687009897E+02
       122    0.4355520415E+00    0.4141932612E+00    0.1689934044E+02
       123    0.4304532498E+00    0.4181627345E+00    0.1695476109E+02
       124    0.4264919331E+00    0.4133398495E+00    0.1688742535E+02
       125    0.4159233320E+00    0.3986919214E+00    0.1668291517E+02
       126    0.4019375123E+00    0.3915816102E+00    0.1658364304E+02
       127    0.3916388568E+00    0.3846071949E+00    0.1648626825E+02
       128    0.3729094357E+00    0.3710477442E+00    0.1629695508E+02
       129    0.3410080471E+00    0.3579789488E+00    0.1611449230E+02
       130    0.3223677406E+00    0.3453691323E+00    0.1593843765E+02
       131    0.3195057973E+00    0.3272521293E+00    0.1568549324E+02
       132    0.3050923527E+00    0.3214126564E+00    0.1560396419E+02
       133    0.3008277403E+00    0.3100147856E+00    0.1544483038E+02
       134    0.3594206178E+00    0.3548745778E+00    0.1607114996E+02
       135    0.3608270649E+00    0.3508448712E+00    0.1601488835E+02
       136    0.3624143566E+00    0.3468997438E+00    0.1595980761E+02
       137    0.3578429254E+00    0.3392504465E+00    0.1585301031E+02
       138    0.3469210390E+00    0.3319025376E+00    0.1575042091E+02
       139    0.3368855359E+00    0.3248339541E+00    0.1565173137E+02
       140    0.3256278511E+00    0.3180244985E+00    0.1555665970E+02
       141    0.3119917446E+00    0.3147110944E+00    0.1551039890E+02
       142    0.3036860037E+00    0.3051103769E+00    0.1537635643E+02
       143    0.4244004781E+00    0.4073710514E+00    0.1680409070E+02
       144    0.4017700433E+00    0.3934794667E+00    0.1661014037E+02
       145    0.4011696531E+00    0.3867374205E+00    0.1651600985E+02
       146    0.3915106331E+00    0.3801249063E+00    0.1642368782E+02
       147    0.3766460280E+00    0.3672708439E+00    0.1624422308E+02
       148    0.3584288290E+00    0.3548839370E+00    0.1607128063E+02
       149    0.3463282239E+00    0.3429336877E+00    0.1590443467E+02
       150    0.3303320639E+00    0.3313921390E+00    0.1574329487E+02
       151    0.3187693157E+00    0.3257665216E+00    0.1566475161E+02
       152    0.3065945036E+00    0.3202336177E+00    0.1558750279E+02
       153    0.3034393990E+00    0.3094345037E+00    0.1543672865E+02
