	 Y 	 Y_pred 	 diff
    0.2188755888E+00    0.1902226711E+00    0.2865291771E-01
    0.4565628182E+00    0.4283621286E+00    0.2820068958E-01
    0.3810698261E+00    0.4023904080E+00   -0.2132058195E-01
    0.3020090589E+00    0.3252955127E+00   -0.2328645378E-01
    0.3155324828E+00    0.3344874992E+00   -0.1895501641E-01
    0.1983230862E+00    0.1603326000E+00    0.3799048619E-01
    0.2431243250E+00    0.2162133110E+00    0.2691101404E-01
    0.2124254665E+00    0.2334854385E+00   -0.2105997195E-01
    0.2458956862E+00    0.2504568330E+00   -0.4561146813E-02
    0.3834132326E+00    0.4129787697E+00   -0.2956553711E-01
    0.3842960836E+00    0.4209959636E+00   -0.3669988000E-01
    0.3898202890E+00    0.4288785647E+00   -0.3905827576E-01
    0.1342891712E+00    0.1954534599E+00   -0.6116428877E-01
    0.2378831299E+00    0.2619171909E+00   -0.2403406104E-01
    0.2813862858E+00    0.2932361435E+00   -0.1184985767E-01
    0.3770097654E+00    0.3941741169E+00   -0.1716435155E-01
    0.4572457538E+00    0.4620573864E+00   -0.4811632580E-02
    0.4578862221E+00    0.4610866479E+00   -0.3200425753E-02
    0.1796044697E+00    0.1783231570E+00    0.1281312683E-02
    0.2246052236E+00    0.1853003241E+00    0.3930489949E-01
    0.3018347465E+00    0.2551957009E+00    0.4663904561E-01
    0.3104478013E+00    0.2692017665E+00    0.4124603488E-01
    0.1609983312E+00    0.1431369068E+00    0.1786142441E-01
    0.1364241452E+00    0.1462424951E+00   -0.9818349929E-02
    0.2639498902E+00    0.2456831936E+00    0.1826669665E-01
    0.2484917914E+00    0.2387172093E+00    0.9774582102E-02
    0.2176879084E+00    0.2126557478E+00    0.5032160532E-02
    0.2777107383E+00    0.2853412268E+00   -0.7630488476E-02
    0.4480318505E+00    0.4077107522E+00    0.4032109836E-01
    0.3140799395E+00    0.3637337594E+00   -0.4965381994E-01
    0.4298996304E+00    0.4242326730E+00    0.5666957466E-02
    0.2116025279E+00    0.2466601585E+00   -0.3505763061E-01
    0.3826141023E+00    0.3831075012E+00   -0.4933989045E-03
    0.4524044644E+00    0.4372414930E+00    0.1516297139E-01
    0.2714353627E+00    0.2780220932E+00   -0.6586730503E-02
    0.2527832565E+00    0.2382890525E+00    0.1449420408E-01
    0.4373163477E+00    0.3923687334E+00    0.4494761426E-01
    0.3052002036E+00    0.3106940082E+00   -0.5493804623E-02
    0.2746515510E+00    0.3237955622E+00   -0.4914401114E-01
    0.2796253592E+00    0.3255900964E+00   -0.4596473724E-01
    0.3001533759E+00    0.2923092954E+00    0.7844080485E-02
    0.3033097908E+00    0.2911200157E+00    0.1218977509E-01
    0.3195628020E+00    0.2917581052E+00    0.2780469678E-01
    0.2315906063E+00    0.2097384648E+00    0.2185214153E-01
    0.4469048804E+00    0.4059449811E+00    0.4095989931E-01
    0.4234910986E+00    0.4042892366E+00    0.1920186206E-01
    0.1426577999E+00    0.1837037327E+00   -0.4104593279E-01
    0.3168200734E+00    0.2839160983E+00    0.3290397508E-01
    0.3606096115E+00    0.3149070714E+00    0.4570254009E-01
    0.3855424304E+00    0.3448223652E+00    0.4072006522E-01
    0.3988790197E+00    0.4287738347E+00   -0.2989481504E-01
    0.2595940232E+00    0.3422094735E+00   -0.8261545027E-01
    0.2259092688E+00    0.2472357279E+00   -0.2132645910E-01
    0.3605672677E+00    0.3511111818E+00    0.9456085837E-02
    0.4533916717E+00    0.4580315501E+00   -0.4639878370E-02
    0.4527502248E+00    0.4565197503E+00   -0.3769525478E-02
    0.1354515406E+00    0.1475838724E+00   -0.1213233177E-01
    0.1909003345E+00    0.2033250728E+00   -0.1242473828E-01
    0.1864659655E+00    0.1923904250E+00   -0.5924459498E-02
    0.2335975515E+00    0.2531915827E+00   -0.1959403125E-01
    0.3891821346E+00    0.3766417426E+00    0.1254039197E-01
    0.4103677372E+00    0.3908962915E+00    0.1947144569E-01
    0.3179402455E+00    0.3045850163E+00    0.1335522920E-01
    0.3660323783E+00    0.3967021279E+00   -0.3066974962E-01
    0.4491178787E+00    0.4288223241E+00    0.2029555458E-01
    0.1592238765E+00    0.1985374689E+00   -0.3931359243E-01
    0.2102269710E+00    0.2318899997E+00   -0.2166302869E-01
    0.4122722955E+00    0.3944631106E+00    0.1780918483E-01
    0.4041564535E+00    0.3511630467E+00    0.5299340680E-01
    0.2511563255E+00    0.2355150826E+00    0.1564124283E-01
    0.2186514932E+00    0.2320145717E+00   -0.1336307849E-01
    0.4440869345E+00    0.4207351998E+00    0.2335173463E-01
    0.2267002756E+00    0.1983938031E+00    0.2830647253E-01
    0.2092739035E+00    0.1988407027E+00    0.1043320076E-01
    0.4412176146E+00    0.3872792482E+00    0.5393836641E-01
    0.2364462509E+00    0.1769008522E+00    0.5954539871E-01
    0.2320546000E+00    0.2807295293E+00   -0.4867492936E-01
    0.3337535518E+00    0.2897565604E+00    0.4399699135E-01
    0.4489842999E+00    0.4381421637E+00    0.1084213623E-01
    0.4269733901E+00    0.4007869484E+00    0.2618644170E-01
    0.2011678056E+00    0.1669118390E+00    0.3425596656E-01
    0.4522062284E+00    0.4052295003E+00    0.4697672814E-01
    0.4210826770E+00    0.3909413692E+00    0.3014130781E-01
    0.4463194501E+00    0.4226718357E+00    0.2364761440E-01
    0.4555457409E+00    0.4250127273E+00    0.3053301363E-01
    0.3369956056E+00    0.3750817047E+00   -0.3808609904E-01
    0.3829514472E+00    0.3918761742E+00   -0.8924726945E-02
    0.4487305421E+00    0.4542865630E+00   -0.5556020901E-02
    0.1422823761E+00    0.1565265131E+00   -0.1424413695E-01
    0.1702090010E+00    0.1702500749E+00   -0.4107398510E-04
    0.2431527848E+00    0.1977237639E+00    0.4542902090E-01
    0.2672206022E+00    0.2114738911E+00    0.5574671113E-01
    0.2945343546E+00    0.2390007107E+00    0.5553364391E-01
    0.1464057447E+00    0.1425912496E+00    0.3814495085E-02
    0.1333490388E+00    0.1473968451E+00   -0.1404780631E-01
    0.1360308813E+00    0.1510024995E+00   -0.1497161821E-01
    0.1320689701E+00    0.1524229971E+00   -0.2035402706E-01
    0.2966245313E+00    0.2650480490E+00    0.3157648234E-01
    0.2098434920E+00    0.2326214964E+00   -0.2277800438E-01
    0.4029868256E+00    0.3447591852E+00    0.5822764040E-01
    0.3102337429E+00    0.3216935819E+00   -0.1145983896E-01
    0.3409530845E+00    0.3774367831E+00   -0.3648369857E-01
    0.2863966357E+00    0.2827909704E+00    0.3605665221E-02
    0.2151500840E+00    0.1921418353E+00    0.2300824876E-01
    0.4371113264E+00    0.4233772006E+00    0.1373412583E-01
    0.2877592344E+00    0.3114767553E+00   -0.2371752087E-01
    0.2119213688E+00    0.1974136139E+00    0.1450775495E-01
    0.2307039824E+00    0.1970044181E+00    0.3369956432E-01
    0.2694453323E+00    0.2866809556E+00   -0.1723562336E-01
    0.3046928854E+00    0.3284480076E+00   -0.2375512220E-01
    0.2821058033E+00    0.2877850365E+00   -0.5679233279E-02
    0.2339656649E+00    0.2180829922E+00    0.1588267270E-01
    0.2843223449E+00    0.2483286048E+00    0.3599374009E-01
    0.1532933446E+00    0.2185145421E+00   -0.6522119743E-01
    0.2907721873E+00    0.3057885137E+00   -0.1501632643E-01
    0.2778108002E+00    0.3352665601E+00   -0.5745575984E-01
    0.4002315923E+00    0.4448647557E+00   -0.4463316339E-01
    0.3835882870E+00    0.4084879428E+00   -0.2489965575E-01
    0.4484240400E+00    0.4631083093E+00   -0.1468426928E-01
    0.4592785290E+00    0.4623348468E+00   -0.3056317870E-02
    0.4595310313E+00    0.4619492893E+00   -0.2418257971E-02
    0.4509489184E+00    0.4607973115E+00   -0.9848393065E-02
    0.4502571878E+00    0.4606059998E+00   -0.1034881202E-01
    0.1444167407E+00    0.1476671245E+00   -0.3250383739E-02
    0.1509255145E+00    0.1532851971E+00   -0.2359682568E-02
    0.1415712356E+00    0.1592348975E+00   -0.1766366193E-01
    0.2399862202E+00    0.2275849786E+00    0.1240124164E-01
    0.1513056224E+00    0.1867046808E+00   -0.3539905849E-01
    0.1781381791E+00    0.2195082076E+00   -0.4137002852E-01
    0.3068125379E+00    0.3365783590E+00   -0.2976582113E-01
    0.3946178759E+00    0.4168818663E+00   -0.2226399036E-01
    0.4517514088E+00    0.4484795953E+00    0.3271813532E-02
    0.2688141384E+00    0.2963879795E+00   -0.2757384102E-01
    0.3126505444E+00    0.3266957415E+00   -0.1404519715E-01
    0.3424241728E+00    0.3559351101E+00   -0.1351093734E-01
    0.4440677561E+00    0.4114766856E+00    0.3259107051E-01
    0.4311771491E+00    0.3903103150E+00    0.4086683407E-01
    0.2780862305E+00    0.2799538708E+00   -0.1867640325E-02
    0.4080844591E+00    0.3538234381E+00    0.5426102100E-01
    0.2872237083E+00    0.2795175005E+00    0.7706207778E-02
    0.2680617680E+00    0.3080506657E+00   -0.3998889768E-01
    0.3162345360E+00    0.3124449403E+00    0.3789595657E-02
    0.3893930302E+00    0.4002263333E+00   -0.1083330306E-01
    0.2681246117E+00    0.2853037560E+00   -0.1717914431E-01
    0.2820478834E+00    0.2476625933E+00    0.3438529011E-01
    0.4433412280E+00    0.4387006588E+00    0.4640569214E-02
    0.2294035237E+00    0.2083998083E+00    0.2100371534E-01
    0.3691071406E+00    0.3600442454E+00    0.9062895185E-02
    0.3793562733E+00    0.3595936445E+00    0.1976262878E-01
    0.3978840001E+00    0.3745407860E+00    0.2334321413E-01
    0.3956483535E+00    0.3887671900E+00    0.6881163534E-02
    0.3933726165E+00    0.4027630054E+00   -0.9390388950E-02
    0.2766077859E+00    0.3238743184E+00   -0.4726653251E-01
    0.2860637736E+00    0.3608335249E+00   -0.7476975131E-01
    0.2160994330E+00    0.2307191088E+00   -0.1461967573E-01
    0.3009395713E+00    0.3231433953E+00   -0.2220382408E-01
    0.3718718209E+00    0.3792812122E+00   -0.7409391245E-02
    0.3997269348E+00    0.4316594999E+00   -0.3193256506E-01
    0.4477070965E+00    0.4569567543E+00   -0.9249657778E-02
    0.2793822363E+00    0.2286134270E+00    0.5076880926E-01
    0.2956445844E+00    0.2492385279E+00    0.4640605655E-01
    0.1321953933E+00    0.1466365061E+00   -0.1444111279E-01
    0.2769316302E+00    0.2537923430E+00    0.2313928726E-01
    0.1346825959E+00    0.1812022623E+00   -0.4651966640E-01
    0.1458560428E+00    0.1715840464E+00   -0.2572800352E-01
    0.1545919717E+00    0.1832701171E+00   -0.2867814537E-01
    0.3556845611E+00    0.3174121133E+00    0.3827244778E-01
    0.4593358219E+00    0.4336314738E+00    0.2570434809E-01
    0.3029599096E+00    0.3442575340E+00   -0.4129762442E-01
    0.2338955183E+00    0.2637514443E+00   -0.2985592598E-01
