	 Y 	 Y_pred 	 diff
    0.2188755888E+00    0.1852552133E+00    0.3362037551E-01
    0.4565628182E+00    0.4377744300E+00    0.1878838820E-01
    0.3810698261E+00    0.3875229724E+00   -0.6453146321E-02
    0.3020090589E+00    0.3144295136E+00   -0.1242045468E-01
    0.3155324828E+00    0.3181077528E+00   -0.2575270028E-02
    0.1983230862E+00    0.1699987307E+00    0.2832435548E-01
    0.2431243250E+00    0.1966611041E+00    0.4646322093E-01
    0.2124254665E+00    0.2249741010E+00   -0.1254863454E-01
    0.2458956862E+00    0.2435309709E+00    0.2364715282E-02
    0.3834132326E+00    0.3900355947E+00   -0.6622362136E-02
    0.3842960836E+00    0.3982994006E+00   -0.1400331698E-01
    0.3898202890E+00    0.4065063173E+00   -0.1668602840E-01
    0.1342891712E+00    0.1888166825E+00   -0.5452751136E-01
    0.2378831299E+00    0.2600025471E+00   -0.2211941727E-01
    0.2813862858E+00    0.2942741253E+00   -0.1288783949E-01
    0.3770097654E+00    0.4079874857E+00   -0.3097772031E-01
    0.4572457538E+00    0.4627180461E+00   -0.5472292240E-02
    0.4578862221E+00    0.4614333377E+00   -0.3547115578E-02
    0.1796044697E+00    0.2069956511E+00   -0.2739118143E-01
    0.2246052236E+00    0.2160815218E+00    0.8523701814E-02
    0.3018347465E+00    0.3071013215E+00   -0.5266575034E-02
    0.3104478013E+00    0.3253404289E+00   -0.1489262760E-01
    0.1609983312E+00    0.1416355030E+00    0.1936282814E-01
    0.1364241452E+00    0.1456796908E+00   -0.9255545645E-02
    0.2639498902E+00    0.2383258747E+00    0.2562401555E-01
    0.2484917914E+00    0.2292545666E+00    0.1923722478E-01
    0.2176879084E+00    0.1953165708E+00    0.2237133755E-01
    0.2777107383E+00    0.2858328250E+00   -0.8122086722E-02
    0.4480318505E+00    0.4255641682E+00    0.2246768231E-01
    0.3140799395E+00    0.3468365717E+00   -0.3275663228E-01
    0.4298996304E+00    0.4076580984E+00    0.2224153206E-01
    0.2116025279E+00    0.2402215028E+00   -0.2861897494E-01
    0.3826141023E+00    0.3922697723E+00   -0.9655670042E-02
    0.4524044644E+00    0.4551116485E+00   -0.2707184136E-02
    0.2714353627E+00    0.2757013442E+00   -0.4265981419E-02
    0.2527832565E+00    0.2327653497E+00    0.2001790687E-01
    0.4373163477E+00    0.4101287644E+00    0.2718758326E-01
    0.3052002036E+00    0.2970209952E+00    0.8179208405E-02
    0.2746515510E+00    0.3246375686E+00   -0.4998601754E-01
    0.2796253592E+00    0.3346130916E+00   -0.5498773242E-01
    0.3001533759E+00    0.2974846509E+00    0.2668725019E-02
    0.3033097908E+00    0.2906451755E+00    0.1266461532E-01
    0.3195628020E+00    0.2899012233E+00    0.2966157873E-01
    0.2315906063E+00    0.2106333240E+00    0.2095728229E-01
    0.4469048804E+00    0.4160816693E+00    0.3082321112E-01
    0.4234910986E+00    0.3843646234E+00    0.3912647521E-01
    0.1426577999E+00    0.1760306977E+00   -0.3337289773E-01
    0.3168200734E+00    0.2831354213E+00    0.3368465211E-01
    0.3606096115E+00    0.3161022925E+00    0.4450731907E-01
    0.3855424304E+00    0.3478269080E+00    0.3771552235E-01
    0.3988790197E+00    0.4361956600E+00   -0.3731664036E-01
    0.2595940232E+00    0.3229917551E+00   -0.6339773192E-01
    0.2259092688E+00    0.2116098592E+00    0.1429940961E-01
    0.3605672677E+00    0.3322567575E+00    0.2831051014E-01
    0.4533916717E+00    0.4815604126E+00   -0.2816874091E-01
    0.4527502248E+00    0.4766490114E+00   -0.2389878662E-01
    0.1354515406E+00    0.1562929920E+00   -0.2084145133E-01
    0.1909003345E+00    0.2070318990E+00   -0.1613156449E-01
    0.1864659655E+00    0.1880243988E+00   -0.1558433365E-02
    0.2335975515E+00    0.2641207011E+00   -0.3052314959E-01
    0.3891821346E+00    0.3987801340E+00   -0.9597999434E-02
    0.4103677372E+00    0.4130914021E+00   -0.2723664953E-02
    0.3179402455E+00    0.2850996070E+00    0.3284063844E-01
    0.3660323783E+00    0.3814030053E+00   -0.1537062703E-01
    0.4491178787E+00    0.4147133012E+00    0.3440457742E-01
    0.1592238765E+00    0.1528127124E+00    0.6411164136E-02
    0.2102269710E+00    0.2036439129E+00    0.6583058098E-02
    0.4122722955E+00    0.4006413839E+00    0.1163091156E-01
    0.4041564535E+00    0.3676838984E+00    0.3647255506E-01
    0.2511563255E+00    0.2441589770E+00    0.6997348479E-02
    0.2186514932E+00    0.2369349535E+00   -0.1828346024E-01
    0.4440869345E+00    0.4311335276E+00    0.1295340685E-01
    0.2267002756E+00    0.1889297268E+00    0.3777054879E-01
    0.2092739035E+00    0.1940950884E+00    0.1517881506E-01
    0.4412176146E+00    0.3881679492E+00    0.5304966534E-01
    0.2364462509E+00    0.1911687761E+00    0.4527747480E-01
    0.2320546000E+00    0.2842798283E+00   -0.5222522835E-01
    0.3337535518E+00    0.2943445029E+00    0.3940904891E-01
    0.4489842999E+00    0.4426987864E+00    0.6285513473E-02
    0.4269733901E+00    0.3951577226E+00    0.3181566750E-01
    0.2011678056E+00    0.1723494713E+00    0.2881833425E-01
    0.4522062284E+00    0.4038032327E+00    0.4840299576E-01
    0.4210826770E+00    0.3987608102E+00    0.2232186684E-01
    0.4463194501E+00    0.4258202121E+00    0.2049923808E-01
    0.4555457409E+00    0.4376028633E+00    0.1794287768E-01
    0.3369956056E+00    0.3530128383E+00   -0.1601723270E-01
    0.3829514472E+00    0.3668726335E+00    0.1607881373E-01
    0.4487305421E+00    0.4681226192E+00   -0.1939207715E-01
    0.1422823761E+00    0.1563587942E+00   -0.1407641812E-01
    0.1702090010E+00    0.1759168855E+00   -0.5707884568E-02
    0.2431527848E+00    0.2115455141E+00    0.3160727072E-01
    0.2672206022E+00    0.2279151696E+00    0.3930543259E-01
    0.2945343546E+00    0.2582914332E+00    0.3624292141E-01
    0.1464057447E+00    0.1537575136E+00   -0.7351768898E-02
    0.1333490388E+00    0.1559481909E+00   -0.2259915216E-01
    0.1360308813E+00    0.1592104725E+00   -0.2317959126E-01
    0.1320689701E+00    0.1606515442E+00   -0.2858257416E-01
    0.2966245313E+00    0.2787406627E+00    0.1788386866E-01
    0.2098434920E+00    0.2418884468E+00   -0.3204495482E-01
    0.4029868256E+00    0.3641889024E+00    0.3879792318E-01
    0.3102337429E+00    0.3053781395E+00    0.4855603367E-02
    0.3409530845E+00    0.3624672734E+00   -0.2151418889E-01
    0.2863966357E+00    0.2958657438E+00   -0.9469108152E-02
    0.2151500840E+00    0.1918505773E+00    0.2329950669E-01
    0.4371113264E+00    0.4233437002E+00    0.1376762618E-01
    0.2877592344E+00    0.3223797273E+00   -0.3462049284E-01
    0.2119213688E+00    0.2174251591E+00   -0.5503790288E-02
    0.2307039824E+00    0.2166179995E+00    0.1408598291E-01
    0.2694453323E+00    0.2960728235E+00   -0.2662749127E-01
    0.3046928854E+00    0.3281145792E+00   -0.2342169375E-01
    0.2821058033E+00    0.2863944518E+00   -0.4288648555E-02
    0.2339656649E+00    0.1917896780E+00    0.4217598687E-01
    0.2843223449E+00    0.2263777603E+00    0.5794458458E-01
    0.1532933446E+00    0.2149015449E+00   -0.6160820028E-01
    0.2907721873E+00    0.2919139839E+00   -0.1141796628E-02
    0.2778108002E+00    0.3173318152E+00   -0.3952101501E-01
    0.4002315923E+00    0.4027139537E+00   -0.2482361472E-02
    0.3835882870E+00    0.3940934593E+00   -0.1050517227E-01
    0.4484240400E+00    0.4865497582E+00   -0.3812571822E-01
    0.4592785290E+00    0.4846986118E+00   -0.2542008284E-01
    0.4595310313E+00    0.4835485594E+00   -0.2401752807E-01
    0.4509489184E+00    0.4787369262E+00   -0.2778800781E-01
    0.4502571878E+00    0.4776601548E+00   -0.2740296704E-01
    0.1444167407E+00    0.1576892331E+00   -0.1327249234E-01
    0.1509255145E+00    0.1611004270E+00   -0.1017491246E-01
    0.1415712356E+00    0.1666992058E+00   -0.2512797024E-01
    0.2399862202E+00    0.2422210970E+00   -0.2234876745E-02
    0.1513056224E+00    0.1788707477E+00   -0.2756512535E-01
    0.1781381791E+00    0.2252542316E+00   -0.4711605250E-01
    0.3068125379E+00    0.3185073588E+00   -0.1169482090E-01
    0.3946178759E+00    0.4013935011E+00   -0.6775625144E-02
    0.4517514088E+00    0.4336659580E+00    0.1808545077E-01
    0.2688141384E+00    0.2893037611E+00   -0.2048962266E-01
    0.3126505444E+00    0.3254065731E+00   -0.1275602874E-01
    0.3424241728E+00    0.3585587986E+00   -0.1613462585E-01
    0.4440677561E+00    0.4179729641E+00    0.2609479200E-01
    0.4311771491E+00    0.4003304730E+00    0.3084667608E-01
    0.2780862305E+00    0.2690073612E+00    0.9078869332E-02
    0.4080844591E+00    0.3604733387E+00    0.4761112040E-01
    0.2872237083E+00    0.2851477024E+00    0.2076005910E-02
    0.2680617680E+00    0.3022071567E+00   -0.3414538867E-01
    0.3162345360E+00    0.3079557662E+00    0.8278769770E-02
    0.3893930302E+00    0.3874795079E+00    0.1913522346E-02
    0.2681246117E+00    0.2835877320E+00   -0.1546312029E-01
    0.2820478834E+00    0.2699631930E+00    0.1208469033E-01
    0.4433412280E+00    0.4384191560E+00    0.4922071924E-02
    0.2294035237E+00    0.2090378957E+00    0.2036562791E-01
    0.3691071406E+00    0.3653665065E+00    0.3740634089E-02
    0.3793562733E+00    0.3628222864E+00    0.1653398686E-01
    0.3978840001E+00    0.3726973871E+00    0.2518661300E-01
    0.3956483535E+00    0.3878023022E+00    0.7846051358E-02
    0.3933726165E+00    0.4026039804E+00   -0.9231363886E-02
    0.2766077859E+00    0.3142960014E+00   -0.3768821556E-01
    0.2860637736E+00    0.3439895348E+00   -0.5792576115E-01
    0.2160994330E+00    0.2086379953E+00    0.7461437795E-02
    0.3009395713E+00    0.3115062166E+00   -0.1056664537E-01
    0.3718718209E+00    0.3744049112E+00   -0.2533090252E-02
    0.3997269348E+00    0.4319194429E+00   -0.3219250809E-01
    0.4477070965E+00    0.4626132446E+00   -0.1490614815E-01
    0.2793822363E+00    0.2501851568E+00    0.2919707951E-01
    0.2956445844E+00    0.2695428100E+00    0.2610177443E-01
    0.1321953933E+00    0.1419241853E+00   -0.9728791996E-02
    0.2769316302E+00    0.2763710089E+00    0.5606213155E-03
    0.1346825959E+00    0.1871612302E+00   -0.5247863438E-01
    0.1458560428E+00    0.1644726733E+00   -0.1861663042E-01
    0.1545919717E+00    0.1850648543E+00   -0.3047288263E-01
    0.3556845611E+00    0.3253785015E+00    0.3030605959E-01
    0.4593358219E+00    0.4442942384E+00    0.1504158350E-01
    0.3029599096E+00    0.3207137229E+00   -0.1775381334E-01
    0.2338955183E+00    0.2614149404E+00   -0.2751942208E-01
