     Index       y_measurement           y_fitting        descriptor_1        descriptor_2        descriptor_3
         1    0.1859265000E+03    0.1862674811E+03    0.3439883039E+02    0.1376131048E+00    0.1245039368E+00
         2    0.1689561667E+03    0.1647095672E+03    0.1617960518E+02    0.1982241383E+00    0.1578854780E+00
         3    0.1804731333E+03    0.1774505610E+03    0.2572122763E+02    0.2054037791E+00    0.1636040601E+00
         4    0.1726537667E+03    0.1835152835E+03    0.2965066248E+02    0.2460762008E+00    0.1851107656E+00
         5    0.1687353667E+03    0.1664470684E+03    0.1675561141E+02    0.2119819961E+00    0.1688436084E+00
         6    0.1793259000E+03    0.1792675447E+03    0.2635929943E+02    0.2191616368E+00    0.1745621905E+00
         7    0.1611783000E+03    0.1605158757E+03    0.1492253465E+02    0.1146287221E+00    0.1110690689E+00
         8    0.1561954667E+03    0.1586536894E+03    0.1474718949E+02    0.7051957206E-01    0.8481360931E-01
         9    0.1592324667E+03    0.1632716364E+03    0.1827311067E+02    0.7122982089E-01    0.8566782275E-01
        10    0.2009755333E+03    0.1993749375E+03    0.4709875586E+02    0.7397251526E-01    0.8212970720E-01
        11    0.1991815333E+03    0.2018990328E+03    0.4337360773E+02    0.9599004644E+00    0.4645464589E+00
        12    0.1909834333E+03    0.1903153105E+03    0.3935911022E+02    0.1125086962E+00    0.1017910004E+00
        13    0.1730631333E+03    0.1716210622E+03    0.2160363538E+02    0.1977475291E+00    0.1575058589E+00
        14    0.1839162333E+03    0.1850253810E+03    0.3166322879E+02    0.2049271699E+00    0.1632244410E+00
        15    0.1709626667E+03    0.1666243408E+03    0.2004411459E+02    0.1564739559E+00    0.1246314678E+00
        16    0.1785912667E+03    0.1798762277E+03    0.2998467843E+02    0.1636535966E+00    0.1303500499E+00
        17    0.1928013333E+03    0.1929399005E+03    0.4024007450E+02    0.1823010783E+00    0.1371359443E+00
        18    0.1867098667E+03    0.1883356805E+03    0.3677311342E+02    0.1797670875E+00    0.1352297503E+00
        19    0.1737680667E+03    0.1724396557E+03    0.2342751052E+02    0.1768724379E+00    0.1408788538E+00
        20    0.1572136333E+03    0.1474878492E+03    0.1398087559E+02    0.0000000000E+00    0.0000000000E+00
        21    0.1860203333E+03    0.1860899623E+03    0.3367918857E+02    0.1840520786E+00    0.1465974359E+00
        22    0.1549359333E+03    0.1479309596E+03    0.1432688746E+02    0.0000000000E+00    0.0000000000E+00
        23    0.1731041667E+03    0.1771955948E+03    0.2869625775E+02    0.1053280608E+00    0.1020572281E+00
        24    0.1713224000E+03    0.1692001204E+03    0.2245936734E+02    0.1493567224E+00    0.1189625931E+00
        25    0.1816521000E+03    0.1827777107E+03    0.3265426332E+02    0.1565363631E+00    0.1246811752E+00
        26    0.1676957000E+03    0.1638479723E+03    0.2035616061E+02    0.7946742699E-01    0.7699966431E-01
        27    0.1734750667E+03    0.1728624463E+03    0.2717887255E+02    0.8215479214E-01    0.7960357666E-01
        28    0.1717847667E+03    0.1838374856E+03    0.3579462937E+02    0.5416087277E+00    0.2561804279E+00
        29    0.1608787333E+03    0.1669094942E+03    0.2492540671E+02    0.3743119546E-01    0.4501835015E-01
        30    0.1564298667E+03    0.1529945777E+03    0.1828091757E+02    0.0000000000E+00    0.0000000000E+00
        31    0.1600181667E+03    0.1660235847E+03    0.2469408215E+02    0.3334819074E-01    0.4010773659E-01
        32    0.1622793333E+03    0.1717175895E+03    0.2906026512E+02    0.3405843957E-01    0.4096195004E-01
        33    0.1858246333E+03    0.1777906735E+03    0.3130030119E+02    0.6341471276E-01    0.7040766117E-01
        34    0.1582014333E+03    0.1611136239E+03    0.1690628351E+02    0.6840734656E-01    0.8227324409E-01
        35    0.1536179667E+03    0.1451900010E+03    0.1218655366E+02    0.0000000000E+00    0.0000000000E+00
        36    0.1608522333E+03    0.1659410896E+03    0.2059581167E+02    0.6911759539E-01    0.8312745753E-01
        37    0.1987726333E+03    0.2052916440E+03    0.4644209937E+02    0.9291653163E+00    0.4496720998E+00
        38    0.1635587333E+03    0.1538420263E+03    0.1399084357E+02    0.4390931823E-01    0.5280956268E-01
        39    0.1675417667E+03    0.1583703037E+03    0.1744674447E+02    0.4461956706E-01    0.5366377613E-01
        40    0.1769676000E+03    0.1742672711E+03    0.2387256183E+02    0.8077439182E+00    0.3909098816E+00
        41    0.1916486333E+03    0.1823187026E+03    0.3080128715E+02    0.2049087612E+00    0.1541425686E+00
        42    0.1847231333E+03    0.1778443377E+03    0.2743572609E+02    0.2023747703E+00    0.1522363745E+00
        43    0.1703275667E+03    0.1651995350E+03    0.1895178646E+02    0.7302901846E+00    0.3454265826E+00
        44    0.1474437667E+03    0.1443985744E+03    0.1779174536E+02    0.2455814727E+01    0.9004654000E+00
        45    0.1444144000E+03    0.1455655533E+03    0.1858592681E+02    0.2409613091E+01    0.8835248000E+00
        46    0.1424446000E+03    0.1461571998E+03    0.1898938723E+02    0.2386512273E+01    0.8750545000E+00
        47    0.1425005000E+03    0.1467542846E+03    0.1939709413E+02    0.2363411455E+01    0.8665842000E+00
        48    0.1435520000E+03    0.1479647684E+03    0.2022524732E+02    0.2317209818E+01    0.8496436000E+00
        49    0.1451082333E+03    0.1491970047E+03    0.2107038638E+02    0.2271008182E+01    0.8327030000E+00
        50    0.1438216667E+03    0.1504509935E+03    0.2193251132E+02    0.2224806545E+01    0.8157624000E+00
        51    0.1484104333E+03    0.1517267348E+03    0.2281162213E+02    0.2178604909E+01    0.7988218000E+00
        52    0.1513720667E+03    0.1523727626E+03    0.2325754723E+02    0.2155504091E+01    0.7903515000E+00
        53    0.1539085667E+03    0.1530242285E+03    0.2370771881E+02    0.2132403273E+01    0.7818812000E+00
        54    0.1581912000E+03    0.1543434748E+03    0.2462080136E+02    0.2086201636E+01    0.7649406000E+00
        55    0.1667517667E+03    0.1667601206E+03    0.3154980594E+02    0.9943636364E+00    0.3646000000E+00
        56    0.1681840000E+03    0.1659092480E+03    0.3117979688E+02    0.1110545455E+01    0.4072000000E+00
        57    0.1664457333E+03    0.1654477064E+03    0.3096659877E+02    0.1168636364E+01    0.4285000000E+00
        58    0.1665557000E+03    0.1649620946E+03    0.3073460494E+02    0.1226727273E+01    0.4498000000E+00
        59    0.1636810000E+03    0.1639186603E+03    0.3021423014E+02    0.1342909091E+01    0.4924000000E+00
        60    0.1592605667E+03    0.1602106726E+03    0.2820200849E+02    0.1691454545E+01    0.6202000000E+00
        61    0.1604323000E+03    0.1595084288E+03    0.2780085320E+02    0.1749545455E+01    0.6415000000E+00
        62    0.1603847333E+03    0.1587821149E+03    0.2738090219E+02    0.1807636364E+01    0.6628000000E+00
        63    0.1618017000E+03    0.1572572764E+03    0.2648461302E+02    0.1923818182E+01    0.7054000000E+00
        64    0.1440166667E+03    0.1419077210E+03    0.1340595508E+02    0.1492636364E+01    0.5473000000E+00
        65    0.1453615000E+03    0.1432294793E+03    0.1459219435E+02    0.1553454545E+01    0.5696000000E+00
        66    0.1460779667E+03    0.1439097942E+03    0.1520049081E+02    0.1583863636E+01    0.5807500000E+00
        67    0.1470341667E+03    0.1446030663E+03    0.1581890516E+02    0.1614272727E+01    0.5919000000E+00
        68    0.1457263333E+03    0.1460284821E+03    0.1708608753E+02    0.1675090909E+01    0.6142000000E+00
        69    0.1435833000E+03    0.1475057266E+03    0.1839374145E+02    0.1735909091E+01    0.6365000000E+00
        70    0.1445851667E+03    0.1490347999E+03    0.1974186692E+02    0.1796727273E+01    0.6588000000E+00
        71    0.1490260000E+03    0.1506157019E+03    0.2113046394E+02    0.1857545455E+01    0.6811000000E+00
        72    0.1516397333E+03    0.1514255888E+03    0.2183993928E+02    0.1887954545E+01    0.6922500000E+00
        73    0.1536641667E+03    0.1522484328E+03    0.2255953250E+02    0.1918363636E+01    0.7034000000E+00
        74    0.1577903667E+03    0.1539329923E+03    0.2402907262E+02    0.1979181818E+01    0.7257000000E+00
        75    0.2001243000E+03    0.1970536717E+03    0.5268536513E+02    0.0000000000E+00    0.0000000000E+00
        76    0.1944439000E+03    0.1932176914E+03    0.4968996123E+02    0.0000000000E+00    0.0000000000E+00
        77    0.1912783000E+03    0.1913193722E+03    0.4820761975E+02    0.0000000000E+00    0.0000000000E+00
        78    0.1883374667E+03    0.1894341670E+03    0.4673551858E+02    0.0000000000E+00    0.0000000000E+00
        79    0.1835913333E+03    0.1857030985E+03    0.4382203718E+02    0.0000000000E+00    0.0000000000E+00
        80    0.1784214667E+03    0.1820244859E+03    0.4094951703E+02    0.0000000000E+00    0.0000000000E+00
        81    0.1746948000E+03    0.1783983291E+03    0.3811795812E+02    0.0000000000E+00    0.0000000000E+00
        82    0.1720329333E+03    0.1748246282E+03    0.3532736045E+02    0.0000000000E+00    0.0000000000E+00
        83    0.1702934000E+03    0.1730574488E+03    0.3394742209E+02    0.0000000000E+00    0.0000000000E+00
        84    0.1641192000E+03    0.1678345941E+03    0.2986904886E+02    0.0000000000E+00    0.0000000000E+00
        85    0.1525362667E+03    0.1471718684E+03    0.1373413548E+02    0.0000000000E+00    0.0000000000E+00
        86    0.1473256667E+03    0.1477886083E+03    0.1421572955E+02    0.0000000000E+00    0.0000000000E+00
        87    0.1496825000E+03    0.1514048920E+03    0.1703957884E+02    0.0000000000E+00    0.0000000000E+00
        88    0.1522688667E+03    0.1531589334E+03    0.1840925806E+02    0.0000000000E+00    0.0000000000E+00
        89    0.1535181333E+03    0.1537355990E+03    0.1885955923E+02    0.0000000000E+00    0.0000000000E+00
        90    0.1558496000E+03    0.1548769079E+03    0.1975077368E+02    0.0000000000E+00    0.0000000000E+00
        91    0.1418090000E+03    0.1436390668E+03    0.1097547490E+02    0.0000000000E+00    0.0000000000E+00
        92    0.1434891667E+03    0.1430530094E+03    0.1051783994E+02    0.0000000000E+00    0.0000000000E+00
        93    0.1428621667E+03    0.1428568938E+03    0.1036469907E+02    0.0000000000E+00    0.0000000000E+00
        94    0.1396084667E+03    0.1424635180E+03    0.1005752350E+02    0.0000000000E+00    0.0000000000E+00
        95    0.1360778667E+03    0.1420686160E+03    0.9749156161E+01    0.0000000000E+00    0.0000000000E+00
        96    0.1358025333E+03    0.1412742334E+03    0.9128846187E+01    0.0000000000E+00    0.0000000000E+00
        97    0.1382624000E+03    0.1404737459E+03    0.8503769144E+01    0.0000000000E+00    0.0000000000E+00
        98    0.1567264333E+03    0.1536791088E+03    0.1881544766E+02    0.0000000000E+00    0.0000000000E+00
        99    0.1540433667E+03    0.1528969025E+03    0.1820464589E+02    0.0000000000E+00    0.0000000000E+00
       100    0.1521711000E+03    0.1521078403E+03    0.1758849042E+02    0.0000000000E+00    0.0000000000E+00
       101    0.1486229333E+03    0.1505091475E+03    0.1634011841E+02    0.0000000000E+00    0.0000000000E+00
       102    0.1459988000E+03    0.1488830306E+03    0.1507033165E+02    0.0000000000E+00    0.0000000000E+00
       103    0.1461454000E+03    0.1472294895E+03    0.1377913011E+02    0.0000000000E+00    0.0000000000E+00
       104    0.1413109667E+03    0.1455485241E+03    0.1246651382E+02    0.0000000000E+00    0.0000000000E+00
       105    0.1411087000E+03    0.1446977574E+03    0.1180217514E+02    0.0000000000E+00    0.0000000000E+00
       106    0.1421805667E+03    0.1438401345E+03    0.1113248276E+02    0.0000000000E+00    0.0000000000E+00
       107    0.1439435333E+03    0.1421043208E+03    0.9777036941E+01    0.0000000000E+00    0.0000000000E+00
       108    0.1512255333E+03    0.1502381557E+03    0.2239887728E+02    0.2474431091E+01    0.9072914000E+00
       109    0.1537537333E+03    0.1545139666E+03    0.2566782914E+02    0.2446845818E+01    0.8971768000E+00
       110    0.1554750000E+03    0.1589889371E+03    0.2909229880E+02    0.2419260545E+01    0.8870622000E+00
       111    0.1556473000E+03    0.1636630671E+03    0.3267228625E+02    0.2391675273E+01    0.8769476000E+00
       112    0.1591252000E+03    0.1685363566E+03    0.3640779152E+02    0.2364090000E+01    0.8668330000E+00
       113    0.1816082000E+03    0.1788804142E+03    0.4434535544E+02    0.2308919455E+01    0.8466038000E+00
       114    0.1826803000E+03    0.1815909034E+03    0.4642694505E+02    0.2295126818E+01    0.8415465000E+00
       115    0.1856998000E+03    0.1843511824E+03    0.4854741411E+02    0.2281334182E+01    0.8364892000E+00
       116    0.1920459000E+03    0.1900211100E+03    0.5290499058E+02    0.2253748909E+01    0.8263746000E+00
       117    0.1684538333E+03    0.1748987403E+03    0.3795218923E+02    0.1012980000E+01    0.3714260000E+00
       118    0.1779657000E+03    0.1780061396E+03    0.4089104670E+02    0.1215177273E+01    0.4455650000E+00
       119    0.1797637667E+03    0.1790686648E+03    0.4189153498E+02    0.1282576364E+01    0.4702780000E+00
       120    0.1834372667E+03    0.1812338035E+03    0.4392381523E+02    0.1417374545E+01    0.5197040000E+00
       121    0.1851899000E+03    0.1857244335E+03    0.4811359048E+02    0.1686970909E+01    0.6185560000E+00
       122    0.1919865000E+03    0.1880499250E+03    0.5027108549E+02    0.1821769091E+01    0.6679820000E+00
       123    0.1901772333E+03    0.1892327147E+03    0.5136548483E+02    0.1889168182E+01    0.6926950000E+00
       124    0.1907893333E+03    0.1904288673E+03    0.5247031874E+02    0.1956567273E+01    0.7174080000E+00
       125    0.1969100333E+03    0.1928612605E+03    0.5471129024E+02    0.2091365455E+01    0.7668340000E+00
       126    0.1488808333E+03    0.1469955412E+03    0.1742605895E+02    0.1511252727E+01    0.5541260000E+00
       127    0.1531141000E+03    0.1514884048E+03    0.2113569595E+02    0.1590687273E+01    0.5832520000E+00
       128    0.1553749667E+03    0.1538239979E+03    0.2306013791E+02    0.1630404545E+01    0.5978150000E+00
       129    0.1586468333E+03    0.1562190320E+03    0.2503099552E+02    0.1670121818E+01    0.6123780000E+00
       130    0.1637659667E+03    0.1611874227E+03    0.2911195766E+02    0.1749556364E+01    0.6415040000E+00
       131    0.1666397667E+03    0.1663935770E+03    0.3337858237E+02    0.1828990909E+01    0.6706300000E+00
       132    0.1724003000E+03    0.1718374949E+03    0.3783086965E+02    0.1908425455E+01    0.6997560000E+00
       133    0.1828245667E+03    0.1775191764E+03    0.4246881951E+02    0.1987860000E+01    0.7288820000E+00
       134    0.1844319000E+03    0.1804491785E+03    0.4485741790E+02    0.2027577273E+01    0.7434450000E+00
       135    0.1854390333E+03    0.1834386215E+03    0.4729243194E+02    0.2067294545E+01    0.7580080000E+00
       136    0.1935337333E+03    0.1895958301E+03    0.5230170694E+02    0.2146729091E+01    0.7871340000E+00
