     Index       y_measurement           y_fitting        descriptor_1
         1    0.1859265000E+03    0.1777672461E+03    0.1556413052E+03
         2    0.1689561667E+03    0.1531190951E+03    0.2032991481E+03
         3    0.1790078333E+03    0.1754888680E+03    0.1600466087E+03
         4    0.1726537667E+03    0.1705033569E+03    0.1696862244E+03
         5    0.1687353667E+03    0.1532597937E+03    0.2030271038E+03
         6    0.1793259000E+03    0.1710744022E+03    0.1685820935E+03
         7    0.1611783000E+03    0.1498325964E+03    0.2096536791E+03
         8    0.1691650000E+03    0.1628486948E+03    0.1844867134E+03
         9    0.1712258333E+03    0.1565508370E+03    0.1966637856E+03
        10    0.1592324667E+03    0.1534398701E+03    0.2026789213E+03
        11    0.1832511000E+03    0.1702211360E+03    0.1702319060E+03
        12    0.2009755333E+03    0.1921958284E+03    0.1277432650E+03
        13    0.1616570333E+03    0.1453743962E+03    0.2182737254E+03
        14    0.1669711667E+03    0.1529024534E+03    0.2037180304E+03
        15    0.1706844000E+03    0.1621593678E+03    0.1858195450E+03
        16    0.1991815333E+03    0.1908068762E+03    0.1304288404E+03
        17    0.1730631333E+03    0.1581078759E+03    0.1936532104E+03
        18    0.1512805667E+03    0.1484739577E+03    0.2122806424E+03
        19    0.1709626667E+03    0.1582386233E+03    0.1934004068E+03
        20    0.1785912667E+03    0.1750850409E+03    0.1608274190E+03
        21    0.1928013333E+03    0.1804129965E+03    0.1505256778E+03
        22    0.1867098667E+03    0.1758836960E+03    0.1592831985E+03
        23    0.1737680667E+03    0.1603150668E+03    0.1893855492E+03
        24    0.1860203333E+03    0.1758699321E+03    0.1593098114E+03
        25    0.1708858333E+03    0.1573554229E+03    0.1951080978E+03
        26    0.1713224000E+03    0.1605557371E+03    0.1889202068E+03
        27    0.1676957000E+03    0.1576159065E+03    0.1946044460E+03
        28    0.1717847667E+03    0.1688570249E+03    0.1728694504E+03
        29    0.1608787333E+03    0.1607700570E+03    0.1885058138E+03
        30    0.1564298667E+03    0.1579955155E+03    0.1938704620E+03
        31    0.1612523333E+03    0.1661522248E+03    0.1780992519E+03
        32    0.1600181667E+03    0.1610320356E+03    0.1879992712E+03
        33    0.1622793333E+03    0.1664861797E+03    0.1774535413E+03
        34    0.1858246333E+03    0.1721350182E+03    0.1665313648E+03
        35    0.2034949000E+03    0.1934311288E+03    0.1253547795E+03
        36    0.1582014333E+03    0.1493839796E+03    0.2105210913E+03
        37    0.1536179667E+03    0.1458946211E+03    0.2172678571E+03
        38    0.1608522333E+03    0.1557579801E+03    0.1981967952E+03
        39    0.1759193333E+03    0.1643149786E+03    0.1816516153E+03
        40    0.1560547000E+03    0.1448639561E+03    0.2192606747E+03
        41    0.1987726333E+03    0.1916703622E+03    0.1287592676E+03
        42    0.1675417667E+03    0.1556966948E+03    0.1983152919E+03
        43    0.1769676000E+03    0.1643879637E+03    0.1815104967E+03
        44    0.1981880667E+03    0.1921016166E+03    0.1279254260E+03
        45    0.1906729667E+03    0.1782767303E+03    0.1546562042E+03
        46    0.1916486333E+03    0.1761961475E+03    0.1586790653E+03
        47    0.1847231333E+03    0.1709780851E+03    0.1687683252E+03
        48    0.1836433333E+03    0.1703482912E+03    0.1699860481E+03
        49    0.2026154000E+03    0.1926047137E+03    0.1269526747E+03
        50    0.1474437667E+03    0.1460820772E+03    0.2169054058E+03
        51    0.1424446000E+03    0.1501639288E+03    0.2090130392E+03
        52    0.1425005000E+03    0.1514701054E+03    0.2064875127E+03
        53    0.1435520000E+03    0.1540054071E+03    0.2015854407E+03
        54    0.1451082333E+03    0.1564427211E+03    0.1968728306E+03
        55    0.1438216667E+03    0.1587873865E+03    0.1923393589E+03
        56    0.1484104333E+03    0.1610443660E+03    0.1879754301E+03
        57    0.1513720667E+03    0.1621414296E+03    0.1858542291E+03
        58    0.1539085667E+03    0.1632182784E+03    0.1837721138E+03
        59    0.1581912000E+03    0.1653134274E+03    0.1797210886E+03
        60    0.1681840000E+03    0.1633068860E+03    0.1836007887E+03
        61    0.1665557000E+03    0.1639794646E+03    0.1823003404E+03
        62    0.1636810000E+03    0.1646004268E+03    0.1810996937E+03
        63    0.1594275000E+03    0.1651716201E+03    0.1799952767E+03
        64    0.1582353333E+03    0.1656947123E+03    0.1789838642E+03
        65    0.1592605667E+03    0.1661712049E+03    0.1780625533E+03
        66    0.1604323000E+03    0.1663924029E+03    0.1776348613E+03
        67    0.1603847333E+03    0.1666024442E+03    0.1772287410E+03
        68    0.1440166667E+03    0.1440260808E+03    0.2208807285E+03
        69    0.1453615000E+03    0.1473588821E+03    0.2144366702E+03
        70    0.1460779667E+03    0.1489384272E+03    0.2113825786E+03
        71    0.1470341667E+03    0.1504638030E+03    0.2084332247E+03
        72    0.1457263333E+03    0.1533622206E+03    0.2028290587E+03
        73    0.1435833000E+03    0.1560729675E+03    0.1975877588E+03
        74    0.1445851667E+03    0.1586126957E+03    0.1926771280E+03
        75    0.1490260000E+03    0.1609961799E+03    0.1880685991E+03
        76    0.1516397333E+03    0.1621334979E+03    0.1858695652E+03
        77    0.1577903667E+03    0.1653456161E+03    0.1796588509E+03
        78    0.1944439000E+03    0.1953314122E+03    0.1216805319E+03
        79    0.1912783000E+03    0.1939182140E+03    0.1244129876E+03
        80    0.1784214667E+03    0.1862608654E+03    0.1392186707E+03
        81    0.1746948000E+03    0.1828943821E+03    0.1457278540E+03
        82    0.1691501333E+03    0.1755659425E+03    0.1598975831E+03
        83    0.1641192000E+03    0.1715719488E+03    0.1676200741E+03
        84    0.1472152667E+03    0.1453907117E+03    0.2182421791E+03
        85    0.1537301667E+03    0.1474843233E+03    0.2141941263E+03
        86    0.1525362667E+03    0.1485022718E+03    0.2122258963E+03
        87    0.1473256667E+03    0.1495016829E+03    0.2102935090E+03
        88    0.1476696000E+03    0.1514468816E+03    0.2065324165E+03
        89    0.1490033667E+03    0.1533237233E+03    0.2029034942E+03
        90    0.1496825000E+03    0.1551357489E+03    0.1993998953E+03
        91    0.1510296000E+03    0.1568862591E+03    0.1960152382E+03
        92    0.1522688667E+03    0.1577394166E+03    0.1943656360E+03
        93    0.1535181333E+03    0.1585783342E+03    0.1927435670E+03
        94    0.1558496000E+03    0.1602148519E+03    0.1895793172E+03
        95    0.1418090000E+03    0.1431401181E+03    0.2225937605E+03
        96    0.1408940000E+03    0.1430263675E+03    0.2228137001E+03
        97    0.1434891667E+03    0.1429547464E+03    0.2229521815E+03
        98    0.1428621667E+03    0.1428728899E+03    0.2231104531E+03
        99    0.1360778667E+03    0.1424364635E+03    0.2239542950E+03
       100    0.1390718667E+03    0.1421477450E+03    0.2245125397E+03
       101    0.1362171000E+03    0.1416172975E+03    0.2255381737E+03
       102    0.1382688000E+03    0.1414126645E+03    0.2259338371E+03
       103    0.1592046333E+03    0.1604627352E+03    0.1891000285E+03
       104    0.1567264333E+03    0.1590004089E+03    0.1919274744E+03
       105    0.1540433667E+03    0.1582174537E+03    0.1934413387E+03
       106    0.1521711000E+03    0.1573973976E+03    0.1950269387E+03
       107    0.1459988000E+03    0.1537012623E+03    0.2021735126E+03
       108    0.1461454000E+03    0.1515668626E+03    0.2063004302E+03
       109    0.1413109667E+03    0.1492079364E+03    0.2108614755E+03
       110    0.1421805667E+03    0.1465933815E+03    0.2159167856E+03
       111    0.1439435333E+03    0.1436860201E+03    0.2215382447E+03
       112    0.1512255333E+03    0.1514490140E+03    0.2065282934E+03
       113    0.1540077000E+03    0.1624692330E+03    0.1852204126E+03
       114    0.1554750000E+03    0.1658267188E+03    0.1787286263E+03
       115    0.1556473000E+03    0.1721178679E+03    0.1665645254E+03
       116    0.1591252000E+03    0.1778924670E+03    0.1553991873E+03
       117    0.1694642000E+03    0.1832024515E+03    0.1451321939E+03
       118    0.1816082000E+03    0.1880934772E+03    0.1356752680E+03
       119    0.1826803000E+03    0.1903946531E+03    0.1312258844E+03
       120    0.1856998000E+03    0.1926058106E+03    0.1269505538E+03
       121    0.1920459000E+03    0.1967750730E+03    0.1188891761E+03
       122    0.1684538333E+03    0.1667833453E+03    0.1768789640E+03
       123    0.1747238667E+03    0.1714764021E+03    0.1678048162E+03
       124    0.1797637667E+03    0.1758979320E+03    0.1592556728E+03
       125    0.1834372667E+03    0.1800665155E+03    0.1511956079E+03
       126    0.1830096667E+03    0.1839992195E+03    0.1435916221E+03
       127    0.1851899000E+03    0.1877117416E+03    0.1364133637E+03
       128    0.1901772333E+03    0.1928989979E+03    0.1263836685E+03
       129    0.1907893333E+03    0.1945329426E+03    0.1232243938E+03
       130    0.1488808333E+03    0.1503454992E+03    0.2086619682E+03
       131    0.1531141000E+03    0.1589500876E+03    0.1920247721E+03
       132    0.1553749667E+03    0.1628392051E+03    0.1845050619E+03
       133    0.1586468333E+03    0.1664855403E+03    0.1774547776E+03
       134    0.1828245667E+03    0.1890194663E+03    0.1338848439E+03
       135    0.1844319000E+03    0.1912024275E+03    0.1296640316E+03
       136    0.1935337333E+03    0.1971310517E+03    0.1182008820E+03
