	 Y 	 Y_pred 	 diff
    0.3027135333E+03    0.3109452053E+03   -0.8231671937E+01
    0.2220599667E+03    0.2411064699E+03   -0.1904650323E+02
    0.3007642333E+03    0.3084004447E+03   -0.7636211346E+01
    0.4433844000E+03    0.4482063261E+03   -0.4821926135E+01
    0.2892323000E+03    0.2957022128E+03   -0.6469912789E+01
    0.3554397667E+03    0.3430545250E+03    0.1238524169E+02
    0.4401088000E+03    0.4254890271E+03    0.1461977295E+02
    0.5145655000E+03    0.5164721451E+03   -0.1906645056E+01
    0.5065376667E+03    0.5000991034E+03    0.6438563243E+01
    0.2560003000E+03    0.2452577120E+03    0.1074258801E+02
    0.2675822667E+03    0.2567901368E+03    0.1079212982E+02
    0.2355563000E+03    0.2335819510E+03    0.1974348954E+01
    0.2534079333E+03    0.2445581045E+03    0.8849828874E+01
    0.4822870667E+03    0.4712066365E+03    0.1108043015E+02
    0.3183324000E+03    0.3241653670E+03   -0.5832967015E+01
    0.4555808667E+03    0.4445691793E+03    0.1101168734E+02
    0.5097796667E+03    0.5241387706E+03   -0.1435910395E+02
    0.2403534000E+03    0.2672423500E+03   -0.2688894997E+02
    0.4670846000E+03    0.4862397094E+03   -0.1915510942E+02
    0.3849960667E+03    0.4000386847E+03   -0.1504261807E+02
    0.3058423333E+03    0.2842145651E+03    0.2162776819E+02
    0.2591231667E+03    0.2535318143E+03    0.5591352384E+01
    0.3199497667E+03    0.3033565921E+03    0.1659317454E+02
    0.4355697667E+03    0.4133940757E+03    0.2217569094E+02
    0.4394029000E+03    0.4244917198E+03    0.1491118021E+02
    0.3256563000E+03    0.3189993114E+03    0.6656988564E+01
    0.2569182667E+03    0.2439494869E+03    0.1296877973E+02
    0.2647965333E+03    0.2578121452E+03    0.6984388163E+01
    0.2603128667E+03    0.2333662489E+03    0.2694661779E+02
    0.2640742333E+03    0.2568012888E+03    0.7272944553E+01
    0.2584595333E+03    0.2567194647E+03    0.1740068596E+01
    0.3468133333E+03    0.3521369223E+03   -0.5323589003E+01
    0.4874887333E+03    0.4745145845E+03    0.1297414880E+02
    0.3586237000E+03    0.3701751258E+03   -0.1155142581E+02
    0.2785538000E+03    0.2892744849E+03   -0.1072068490E+02
    0.4372498667E+03    0.4525049790E+03   -0.1525511230E+02
    0.3124557667E+03    0.3258227114E+03   -0.1336694472E+02
    0.2794223333E+03    0.2398069746E+03    0.3961535874E+02
    0.3446522333E+03    0.3229212902E+03    0.2173094311E+02
    0.3739319333E+03    0.3458593158E+03    0.2807261754E+02
    0.4552735000E+03    0.4702708814E+03   -0.1499738135E+02
    0.3150956000E+03    0.2962161883E+03    0.1887941166E+02
    0.4160088000E+03    0.3735131942E+03    0.4249560575E+02
    0.5151889667E+03    0.5070962812E+03    0.8092685490E+01
    0.5038068667E+03    0.4964005603E+03    0.7406306391E+01
    0.2283086667E+03    0.2507201968E+03   -0.2241153011E+02
    0.2502162667E+03    0.2541876827E+03   -0.3971416060E+01
    0.2534641000E+03    0.2548270773E+03   -0.1362977298E+01
    0.4441880000E+03    0.4453330991E+03   -0.1145099093E+01
    0.2946690000E+03    0.2922891936E+03    0.2379806428E+01
    0.5019539333E+03    0.4929705913E+03    0.8983342034E+01
    0.2586766667E+03    0.2770575850E+03   -0.1838091834E+02
    0.3023439333E+03    0.3041461246E+03   -0.1802191264E+01
    0.2956743000E+03    0.3138599137E+03   -0.1818561373E+02
    0.2801430000E+03    0.2718986733E+03    0.8244326681E+01
    0.2908341667E+03    0.2744094799E+03    0.1642468678E+02
    0.2527308000E+03    0.2677797694E+03   -0.1504896942E+02
    0.4458766000E+03    0.4292171711E+03    0.1665942894E+02
    0.3817229000E+03    0.3978113889E+03   -0.1608848885E+02
    0.2587401333E+03    0.2937574545E+03   -0.3501732115E+02
    0.4037782333E+03    0.3915113785E+03    0.1226685479E+02
    0.3186861333E+03    0.3384796044E+03   -0.1979347109E+02
    0.3151633333E+03    0.3344351434E+03   -0.1927181007E+02
    0.4642795333E+03    0.4601283374E+03    0.4151195886E+01
    0.4207501667E+03    0.4193858994E+03    0.1364267301E+01
    0.2921547667E+03    0.2815071750E+03    0.1064759166E+02
    0.3085777333E+03    0.3003152488E+03    0.8262484484E+01
    0.4795982333E+03    0.4534788085E+03    0.2611942481E+02
    0.3819834000E+03    0.3788541418E+03    0.3129258185E+01
    0.2725297000E+03    0.2867472142E+03   -0.1421751420E+02
    0.2616502000E+03    0.3120128996E+03   -0.5036269955E+02
    0.2961311333E+03    0.2619438610E+03    0.3418727234E+02
    0.4715966000E+03    0.4824296652E+03   -0.1083306517E+02
    0.4109789667E+03    0.4165115111E+03   -0.5532544422E+01
    0.4130206000E+03    0.3998138635E+03    0.1320673648E+02
    0.4993860000E+03    0.4856819795E+03    0.1370402052E+02
    0.2713804000E+03    0.2456967746E+03    0.2568362544E+02
    0.2536501333E+03    0.2486701100E+03    0.4980023339E+01
    0.2607602000E+03    0.2541712265E+03    0.6588973521E+01
    0.2374204333E+03    0.2294450123E+03    0.7975421012E+01
    0.2456903000E+03    0.2418705920E+03    0.3819707976E+01
    0.2717586000E+03    0.2519997258E+03    0.1975887421E+02
    0.3005005000E+03    0.3022286437E+03   -0.1728143657E+01
    0.4207588667E+03    0.4092246127E+03    0.1153425392E+02
    0.3090159667E+03    0.3092273390E+03   -0.2113723004E+00
    0.2541748667E+03    0.2962865690E+03   -0.4211170237E+02
    0.4148450000E+03    0.4464350525E+03   -0.3159005249E+02
    0.2451061333E+03    0.2605627261E+03   -0.1545659276E+02
    0.2466809333E+03    0.2622583156E+03   -0.1557738231E+02
    0.3836031333E+03    0.4163897979E+03   -0.3278666459E+02
    0.2344907333E+03    0.2428944992E+03   -0.8403765897E+01
    0.3850257000E+03    0.4162941618E+03   -0.3126846185E+02
    0.2249314667E+03    0.2413197024E+03   -0.1638823572E+02
    0.4540849667E+03    0.4399821559E+03    0.1410281075E+02
    0.4162779667E+03    0.4459754623E+03   -0.2969749566E+02
    0.4713814667E+03    0.4638373426E+03    0.7544124088E+01
    0.3853828667E+03    0.3716923710E+03    0.1369049569E+02
    0.2631706000E+03    0.2458012245E+03    0.1736937555E+02
    0.2694989667E+03    0.2473986524E+03    0.2210031428E+02
    0.2320685333E+03    0.2406579448E+03   -0.8589411452E+01
    0.2430929000E+03    0.2404403783E+03    0.2652521706E+01
    0.3933250000E+03    0.3804781817E+03    0.1284681830E+02
    0.3071145667E+03    0.3240924599E+03   -0.1697789319E+02
    0.4187009000E+03    0.4196431054E+03   -0.9422054059E+00
    0.2309024667E+03    0.2244947175E+03    0.6407749200E+01
    0.2359238667E+03    0.2200473262E+03    0.1587654043E+02
    0.2859014667E+03    0.2913686027E+03   -0.5467136047E+01
    0.3238940333E+03    0.3362164022E+03   -0.1232236883E+02
    0.2500072667E+03    0.2691898967E+03   -0.1918263004E+02
    0.2889783333E+03    0.2886677396E+03    0.3105937721E+00
    0.3113269333E+03    0.3230867566E+03   -0.1175982331E+02
    0.4657620000E+03    0.4668383515E+03   -0.1076351451E+01
    0.5003844000E+03    0.4883792979E+03    0.1200510211E+02
    0.2426874667E+03    0.2463628864E+03   -0.3675419720E+01
    0.2826566667E+03    0.2881058800E+03   -0.5449213352E+01
    0.3192131333E+03    0.3242380232E+03   -0.5024889904E+01
    0.4555497333E+03    0.4502591690E+03    0.5290564285E+01
    0.5099616667E+03    0.5053813551E+03    0.4580311584E+01
    0.3920042333E+03    0.4043226041E+03   -0.1231837076E+02
    0.2338034333E+03    0.2350324670E+03   -0.1229033685E+01
    0.3091172667E+03    0.3276249286E+03   -0.1850766190E+02
    0.2942082000E+03    0.3006602431E+03   -0.6452043113E+01
    0.2808691333E+03    0.2885894861E+03   -0.7720352717E+01
    0.2913401333E+03    0.2899609518E+03    0.1379181496E+01
    0.4442737333E+03    0.4277200081E+03    0.1655372526E+02
    0.5172851333E+03    0.5266699417E+03   -0.9384808337E+01
    0.5133680667E+03    0.5147114162E+03   -0.1343349545E+01
    0.5106567333E+03    0.5087814289E+03    0.1875304465E+01
    0.5020189333E+03    0.4912163946E+03    0.1080253870E+02
    0.2310318667E+03    0.2335293902E+03   -0.2497523565E+01
    0.2410007667E+03    0.2400476830E+03    0.9530836377E+00
    0.2586609333E+03    0.2525262046E+03    0.6134728742E+01
    0.2541741667E+03    0.2512366868E+03    0.2937479866E+01
    0.3590403667E+03    0.3759575383E+03   -0.1691717165E+02
    0.4221508000E+03    0.4324762937E+03   -0.1032549367E+02
    0.4991327333E+03    0.4897463131E+03    0.9386420199E+01
    0.2857956333E+03    0.3015181688E+03   -0.1572253548E+02
    0.3764530667E+03    0.3686082234E+03    0.7844843245E+01
    0.3041485333E+03    0.3230474740E+03   -0.1889894062E+02
    0.2869700333E+03    0.3398682594E+03   -0.5289822608E+02
    0.2779039000E+03    0.2846221582E+03   -0.6718258201E+01
    0.2552500667E+03    0.2268743180E+03    0.2837574871E+02
    0.2449100333E+03    0.2768000276E+03   -0.3188999429E+02
    0.3771303667E+03    0.3859767714E+03   -0.8846404752E+01
    0.3714014333E+03    0.3807010849E+03   -0.9299651594E+01
    0.4298645000E+03    0.4370526391E+03   -0.7188139056E+01
    0.3043565333E+03    0.2937134368E+03    0.1064309651E+02
    0.3840882333E+03    0.3601688499E+03    0.2391938346E+02
    0.2652660667E+03    0.2644461857E+03    0.8198809954E+00
    0.2257176333E+03    0.2324373806E+03   -0.6719747268E+01
    0.2566177333E+03    0.2585442588E+03   -0.1926525514E+01
    0.5036133333E+03    0.5023799021E+03    0.1233431197E+01
    0.3316307000E+03    0.3492110446E+03   -0.1758034462E+02
    0.4067373667E+03    0.4072502971E+03   -0.5129304673E+00
    0.3266636333E+03    0.3388056408E+03   -0.1214200752E+02
    0.3781231333E+03    0.3742011413E+03    0.3921992066E+01
    0.4175716333E+03    0.4252365789E+03   -0.7664945575E+01
    0.4238937333E+03    0.3855289688E+03    0.3836476455E+02
    0.4241497333E+03    0.3979508158E+03    0.2619891754E+02
    0.3010334667E+03    0.3040453872E+03   -0.3011920556E+01
    0.3487913667E+03    0.3436028185E+03    0.5188548188E+01
    0.4356066667E+03    0.4046663679E+03    0.3094029873E+02
    0.4648353333E+03    0.4550564472E+03    0.9778886149E+01
    0.4951073333E+03    0.4649219096E+03    0.3018542378E+02
    0.2673784667E+03    0.2646614542E+03    0.2717012476E+01
    0.2659497000E+03    0.2545608623E+03    0.1138883766E+02
    0.2546677000E+03    0.2676434250E+03   -0.1297572496E+02
    0.2478107667E+03    0.2699247908E+03   -0.2211402417E+02
    0.3904840000E+03    0.3707337978E+03    0.1975020224E+02
    0.3324828333E+03    0.3347114083E+03   -0.2228575011E+01
