	 Y 	 Y_pred 	 diff
    0.3027135333E+03    0.3093051737E+03   -0.6591640351E+01
    0.2220599667E+03    0.2480962896E+03   -0.2603632298E+02
    0.3007642333E+03    0.2974526695E+03    0.3311563874E+01
    0.4433844000E+03    0.4468597203E+03   -0.3475320293E+01
    0.2892323000E+03    0.2733580532E+03    0.1587424684E+02
    0.3554397667E+03    0.3457023190E+03    0.9737447699E+01
    0.4401088000E+03    0.4322641033E+03    0.7844696696E+01
    0.5145655000E+03    0.5201543574E+03   -0.5588857405E+01
    0.5065376667E+03    0.5035922924E+03    0.2945374284E+01
    0.2560003000E+03    0.2531523526E+03    0.2847947431E+01
    0.2675822667E+03    0.2701877561E+03   -0.2605489397E+01
    0.2355563000E+03    0.2413410032E+03   -0.5784703225E+01
    0.2534079333E+03    0.2556596471E+03   -0.2251713774E+01
    0.4822870667E+03    0.4744570148E+03    0.7830051857E+01
    0.3183324000E+03    0.3194065795E+03   -0.1074179461E+01
    0.4555808667E+03    0.4535675575E+03    0.2013309123E+01
    0.5097796667E+03    0.5175289826E+03   -0.7749315950E+01
    0.2403534000E+03    0.2517621258E+03   -0.1140872579E+02
    0.4670846000E+03    0.4734345411E+03   -0.6349941110E+01
    0.3849960667E+03    0.3950759747E+03   -0.1007990805E+02
    0.3058423333E+03    0.2993155833E+03    0.6526750017E+01
    0.2591231667E+03    0.2528053330E+03    0.6317833632E+01
    0.3199497667E+03    0.3132352991E+03    0.6714467596E+01
    0.4355697667E+03    0.4163921773E+03    0.1917758942E+02
    0.4394029000E+03    0.4276221857E+03    0.1178071434E+02
    0.3256563000E+03    0.3318196247E+03   -0.6163324734E+01
    0.2569182667E+03    0.2494532022E+03    0.7465064426E+01
    0.2647965333E+03    0.2686487875E+03   -0.3852254199E+01
    0.2603128667E+03    0.2392322778E+03    0.2108058891E+02
    0.2640742333E+03    0.2606541655E+03    0.3420067802E+01
    0.2584595333E+03    0.2585310105E+03   -0.7147715740E-01
    0.3468133333E+03    0.3566071230E+03   -0.9793789667E+01
    0.4874887333E+03    0.4828508284E+03    0.4637904947E+01
    0.3586237000E+03    0.3715873525E+03   -0.1296365250E+02
    0.2785538000E+03    0.2956636163E+03   -0.1710981630E+02
    0.4372498667E+03    0.4347010711E+03    0.2548795575E+01
    0.3124557667E+03    0.3339165979E+03   -0.2146083126E+02
    0.2794223333E+03    0.2746038136E+03    0.4818519725E+01
    0.3446522333E+03    0.3358902004E+03    0.8762032911E+01
    0.3739319333E+03    0.3603934840E+03    0.1353844936E+02
    0.4552735000E+03    0.4637528846E+03   -0.8479384604E+01
    0.3150956000E+03    0.3002646560E+03    0.1483094403E+02
    0.4160088000E+03    0.3790612817E+03    0.3694751834E+02
    0.5151889667E+03    0.5295103729E+03   -0.1432140620E+02
    0.5038068667E+03    0.5056255124E+03   -0.1818645711E+01
    0.2283086667E+03    0.2370733618E+03   -0.8764695105E+01
    0.2502162667E+03    0.2579825197E+03   -0.7766252993E+01
    0.2534641000E+03    0.2575594876E+03   -0.4095387635E+01
    0.4441880000E+03    0.4388245176E+03    0.5363482412E+01
    0.2946690000E+03    0.2863009431E+03    0.8368056885E+01
    0.5019539333E+03    0.4846505540E+03    0.1730337929E+02
    0.2586766667E+03    0.2744780632E+03   -0.1580139653E+02
    0.3023439333E+03    0.3058387596E+03   -0.3494826259E+01
    0.2956743000E+03    0.3081411144E+03   -0.1246681440E+02
    0.2801430000E+03    0.2744913594E+03    0.5651640604E+01
    0.2908341667E+03    0.2744436851E+03    0.1639048154E+02
    0.2527308000E+03    0.2440582485E+03    0.8672551455E+01
    0.4458766000E+03    0.4322047463E+03    0.1367185367E+02
    0.3817229000E+03    0.3924280673E+03   -0.1070516731E+02
    0.2587401333E+03    0.2655853170E+03   -0.6845183687E+01
    0.4037782333E+03    0.3916359749E+03    0.1214225844E+02
    0.3186861333E+03    0.3413586675E+03   -0.2267253419E+02
    0.3151633333E+03    0.3131553825E+03    0.2007950799E+01
    0.4642795333E+03    0.4695842736E+03   -0.5304740228E+01
    0.4207501667E+03    0.4228772324E+03   -0.2127065773E+01
    0.2921547667E+03    0.2783392548E+03    0.1381551187E+02
    0.3085777333E+03    0.3022196366E+03    0.6358096705E+01
    0.4795982333E+03    0.4677252552E+03    0.1187297818E+02
    0.3819834000E+03    0.3710920642E+03    0.1089133582E+02
    0.2725297000E+03    0.2771405652E+03   -0.4610865215E+01
    0.2616502000E+03    0.3022090956E+03   -0.4055889560E+02
    0.2961311333E+03    0.2751279428E+03    0.2100319053E+02
    0.4715966000E+03    0.4742919803E+03   -0.2695380314E+01
    0.4109789667E+03    0.4106714972E+03    0.3074694679E+00
    0.4130206000E+03    0.3901152907E+03    0.2290530926E+02
    0.4993860000E+03    0.4914035508E+03    0.7982449238E+01
    0.2713804000E+03    0.2358134894E+03    0.3556691058E+02
    0.2536501333E+03    0.2387903885E+03    0.1485974488E+02
    0.2607602000E+03    0.2442980981E+03    0.1646210186E+02
    0.2374204333E+03    0.2348594786E+03    0.2560954772E+01
    0.2456903000E+03    0.2472999506E+03   -0.1609650566E+01
    0.2717586000E+03    0.2574412243E+03    0.1431737570E+02
    0.3005005000E+03    0.3133530172E+03   -0.1285251716E+02
    0.4207588667E+03    0.4204772230E+03    0.2816436485E+00
    0.3090159667E+03    0.3184700604E+03   -0.9454093685E+01
    0.2541748667E+03    0.2704473072E+03   -0.1627244055E+02
    0.4148450000E+03    0.4407990794E+03   -0.2595407939E+02
    0.2451061333E+03    0.2525336122E+03   -0.7427478892E+01
    0.2466809333E+03    0.2575936162E+03   -0.1091268288E+02
    0.3836031333E+03    0.3986786298E+03   -0.1507549647E+02
    0.2344907333E+03    0.2457097091E+03   -0.1121897579E+02
    0.3850257000E+03    0.3978536376E+03   -0.1282793755E+02
    0.2249314667E+03    0.2463795526E+03   -0.2144808596E+02
    0.4540849667E+03    0.4326581217E+03    0.2142684494E+02
    0.4162779667E+03    0.4446033351E+03   -0.2832536845E+02
    0.4713814667E+03    0.4667923449E+03    0.4589121735E+01
    0.3853828667E+03    0.3755284900E+03    0.9854376690E+01
    0.2631706000E+03    0.2484389795E+03    0.1473162045E+02
    0.2694989667E+03    0.2541714915E+03    0.1532747513E+02
    0.2320685333E+03    0.2396064061E+03   -0.7537872802E+01
    0.2430929000E+03    0.2416084176E+03    0.1484482395E+01
    0.3933250000E+03    0.3954482074E+03   -0.2123207378E+01
    0.3071145667E+03    0.3141819395E+03   -0.7067372878E+01
    0.4187009000E+03    0.4233407729E+03   -0.4639872875E+01
    0.2309024667E+03    0.2519024432E+03   -0.2099997657E+02
    0.2359238667E+03    0.2494451588E+03   -0.1352129213E+02
    0.2859014667E+03    0.2989684437E+03   -0.1306697701E+02
    0.3238940333E+03    0.3296592983E+03   -0.5765264980E+01
    0.2500072667E+03    0.2428478387E+03    0.7159427981E+01
    0.2889783333E+03    0.2796260841E+03    0.9352249191E+01
    0.3113269333E+03    0.3140349027E+03   -0.2707969329E+01
    0.4657620000E+03    0.4578301962E+03    0.7931803814E+01
    0.5003844000E+03    0.4945608464E+03    0.5823553595E+01
    0.2426874667E+03    0.2524708649E+03   -0.9783398230E+01
    0.2826566667E+03    0.2989787609E+03   -0.1632209422E+02
    0.3192131333E+03    0.3337814185E+03   -0.1456828512E+02
    0.4555497333E+03    0.4598408731E+03   -0.4291139805E+01
    0.5099616667E+03    0.5149798156E+03   -0.5018148971E+01
    0.3920042333E+03    0.3952954448E+03   -0.3291211481E+01
    0.2338034333E+03    0.2308652169E+03    0.2938216415E+01
    0.3091172667E+03    0.3293175644E+03   -0.2020029776E+02
    0.2942082000E+03    0.2985202018E+03   -0.4312001827E+01
    0.2808691333E+03    0.2891428496E+03   -0.8273716226E+01
    0.2913401333E+03    0.2854614176E+03    0.5878715713E+01
    0.4442737333E+03    0.4258122255E+03    0.1846150779E+02
    0.5172851333E+03    0.5368213065E+03   -0.1953617316E+02
    0.5133680667E+03    0.5247083378E+03   -0.1134027115E+02
    0.5106567333E+03    0.5187017653E+03   -0.8045031923E+01
    0.5020189333E+03    0.5009098803E+03    0.1109053061E+01
    0.2310318667E+03    0.2398948728E+03   -0.8863006087E+01
    0.2410007667E+03    0.2464973487E+03   -0.5496582015E+01
    0.2586609333E+03    0.2591370292E+03   -0.4760958277E+00
    0.2541741667E+03    0.2578308574E+03   -0.3656690704E+01
    0.3590403667E+03    0.3680671935E+03   -0.9026826822E+01
    0.4221508000E+03    0.4253158832E+03   -0.3165083179E+01
    0.4991327333E+03    0.4833255395E+03    0.1580719384E+02
    0.2857956333E+03    0.2991984722E+03   -0.1340283888E+02
    0.3764530667E+03    0.3669175867E+03    0.9535479964E+01
    0.3041485333E+03    0.3182775841E+03   -0.1412905076E+02
    0.2869700333E+03    0.3310379546E+03   -0.4406792126E+02
    0.2779039000E+03    0.2739167939E+03    0.3987106077E+01
    0.2552500667E+03    0.2349713345E+03    0.2027873221E+02
    0.2449100333E+03    0.2623896609E+03   -0.1747962752E+02
    0.3771303667E+03    0.3800461779E+03   -0.2915811266E+01
    0.3714014333E+03    0.3742661996E+03   -0.2864766302E+01
    0.4298645000E+03    0.4384921163E+03   -0.8627616285E+01
    0.3043565333E+03    0.2904189436E+03    0.1393758977E+02
    0.3840882333E+03    0.3574442917E+03    0.2664394161E+02
    0.2652660667E+03    0.2673452553E+03   -0.2079188616E+01
    0.2257176333E+03    0.2372556451E+03   -0.1153801179E+02
    0.2566177333E+03    0.2559380019E+03    0.6797314227E+00
    0.5036133333E+03    0.5018648291E+03    0.1748504190E+01
    0.3316307000E+03    0.3422277204E+03   -0.1059702036E+02
    0.4067373667E+03    0.4203187889E+03   -0.1358142221E+02
    0.3266636333E+03    0.3234930500E+03    0.3170583344E+01
    0.3781231333E+03    0.3937878596E+03   -0.1566472629E+02
    0.4175716333E+03    0.4571518185E+03   -0.3958018518E+02
    0.4238937333E+03    0.3904296351E+03    0.3346409819E+02
    0.4241497333E+03    0.4049539800E+03    0.1919575333E+02
    0.3010334667E+03    0.2929623259E+03    0.8071140726E+01
    0.3487913667E+03    0.3332809840E+03    0.1551038265E+02
    0.4356066667E+03    0.4253611081E+03    0.1024555861E+02
    0.4648353333E+03    0.4901985506E+03   -0.2536321729E+02
    0.4951073333E+03    0.4891996208E+03    0.5907712511E+01
    0.2673784667E+03    0.2658117315E+03    0.1566735142E+01
    0.2659497000E+03    0.2650105333E+03    0.9391666929E+00
    0.2546677000E+03    0.2344606615E+03    0.2020703850E+02
    0.2478107667E+03    0.2293690162E+03    0.1844175046E+02
    0.3904840000E+03    0.3853574765E+03    0.5126523507E+01
    0.3324828333E+03    0.3342896689E+03   -0.1806835568E+01
