	 Y 	 Y_pred 	 diff
    0.3027135333E+03    0.3285365065E+03   -0.2582297314E+02
    0.2220599667E+03    0.2412470502E+03   -0.1918708353E+02
    0.3007642333E+03    0.2934936228E+03    0.7270610531E+01
    0.4433844000E+03    0.4332173209E+03    0.1016707909E+02
    0.2892323000E+03    0.2565422150E+03    0.3269008499E+02
    0.3554397667E+03    0.3244352998E+03    0.3100446691E+02
    0.4401088000E+03    0.4128687324E+03    0.2724006756E+02
    0.5145655000E+03    0.5181183480E+03   -0.3552847998E+01
    0.5065376667E+03    0.5057946596E+03    0.7430070595E+00
    0.2560003000E+03    0.2443821939E+03    0.1161810614E+02
    0.2675822667E+03    0.2549454401E+03    0.1263682662E+02
    0.2355563000E+03    0.2370582587E+03   -0.1501958682E+01
    0.2534079333E+03    0.2459369072E+03    0.7471026108E+01
    0.4822870667E+03    0.4534492228E+03    0.2883784382E+02
    0.3183324000E+03    0.2978672001E+03    0.2046519992E+02
    0.4555808667E+03    0.4288939758E+03    0.2668689085E+02
    0.5097796667E+03    0.4955176081E+03    0.1426205861E+02
    0.2403534000E+03    0.2759749373E+03   -0.3562153729E+02
    0.4670846000E+03    0.4769121409E+03   -0.9827540922E+01
    0.3849960667E+03    0.3926629765E+03   -0.7666909846E+01
    0.3058423333E+03    0.3069261830E+03   -0.1083849700E+01
    0.2591231667E+03    0.2789045253E+03   -0.1978135863E+02
    0.3199497667E+03    0.3111352978E+03    0.8814468835E+01
    0.4355697667E+03    0.4151620064E+03    0.2040776030E+02
    0.4394029000E+03    0.4317362656E+03    0.7666634382E+01
    0.3256563000E+03    0.3105440744E+03    0.1511222561E+02
    0.2569182667E+03    0.2394768108E+03    0.1744145590E+02
    0.2647965333E+03    0.2365568834E+03    0.2823964991E+02
    0.2603128667E+03    0.2376761889E+03    0.2263667776E+02
    0.2640742333E+03    0.2391118199E+03    0.2496241348E+02
    0.2584595333E+03    0.2394281453E+03    0.1903138802E+02
    0.3468133333E+03    0.3516127756E+03   -0.4799442239E+01
    0.4874887333E+03    0.4796605675E+03    0.7828165869E+01
    0.3586237000E+03    0.3545167887E+03    0.4106911276E+01
    0.2785538000E+03    0.3233206936E+03   -0.4476689358E+02
    0.4372498667E+03    0.4325302388E+03    0.4719627911E+01
    0.3124557667E+03    0.3393489313E+03   -0.2689316460E+02
    0.2794223333E+03    0.2751374029E+03    0.4284930455E+01
    0.3446522333E+03    0.3362915116E+03    0.8360721766E+01
    0.3739319333E+03    0.3623266516E+03    0.1160528172E+02
    0.4552735000E+03    0.4664672118E+03   -0.1119371181E+02
    0.3150956000E+03    0.2955629281E+03    0.1953267190E+02
    0.4160088000E+03    0.3865741934E+03    0.2943460662E+02
    0.5151889667E+03    0.5019702615E+03    0.1321870519E+02
    0.5038068667E+03    0.5019702615E+03    0.1836605190E+01
    0.2283086667E+03    0.2347080401E+03   -0.6399373417E+01
    0.2502162667E+03    0.2546685244E+03   -0.4452257688E+01
    0.2534641000E+03    0.2546685244E+03   -0.1204424355E+01
    0.4441880000E+03    0.4304348909E+03    0.1375310906E+02
    0.2946690000E+03    0.2710029173E+03    0.2366608268E+02
    0.5019539333E+03    0.4550080698E+03    0.4694586350E+02
    0.2586766667E+03    0.2919110438E+03   -0.3323437710E+02
    0.3023439333E+03    0.3258695840E+03   -0.2352565068E+02
    0.2956743000E+03    0.3372173557E+03   -0.4154305570E+02
    0.2801430000E+03    0.2672491740E+03    0.1289382602E+02
    0.2908341667E+03    0.2544936861E+03    0.3634048059E+02
    0.2527308000E+03    0.2774528892E+03   -0.2472208918E+02
    0.4458766000E+03    0.4379475659E+03    0.7929034096E+01
    0.3817229000E+03    0.4169718183E+03   -0.3524891829E+02
    0.2587401333E+03    0.2584923175E+03    0.2478158635E+00
    0.4037782333E+03    0.3891261448E+03    0.1465208856E+02
    0.3186861333E+03    0.3212379404E+03   -0.2551807036E+01
    0.3151633333E+03    0.3257108183E+03   -0.1054748495E+02
    0.4642795333E+03    0.4445518735E+03    0.1972765982E+02
    0.4207501667E+03    0.4032490506E+03    0.1750111603E+02
    0.2921547667E+03    0.2800066991E+03    0.1214806761E+02
    0.3085777333E+03    0.3065553151E+03    0.2022418198E+01
    0.4795982333E+03    0.4525727036E+03    0.2702552976E+02
    0.3819834000E+03    0.3898730352E+03   -0.7889635249E+01
    0.2725297000E+03    0.3006438690E+03   -0.2811416896E+02
    0.2616502000E+03    0.2908446654E+03   -0.2919446541E+02
    0.2961311333E+03    0.2760330099E+03    0.2009812340E+02
    0.4715966000E+03    0.4820374943E+03   -0.1044089428E+02
    0.4109789667E+03    0.4231471601E+03   -0.1216819347E+02
    0.4130206000E+03    0.3849099393E+03    0.2811066065E+02
    0.4993860000E+03    0.4757130846E+03    0.2367291541E+02
    0.2713804000E+03    0.2405555166E+03    0.3082488345E+02
    0.2536501333E+03    0.2400690383E+03    0.1358109502E+02
    0.2607602000E+03    0.2390960818E+03    0.2166411817E+02
    0.2374204333E+03    0.2379285341E+03   -0.5081007198E+00
    0.2456903000E+03    0.2388041949E+03    0.6886105114E+01
    0.2717586000E+03    0.2382690688E+03    0.3348953118E+02
    0.3005005000E+03    0.3176265524E+03   -0.1712605241E+02
    0.4207588667E+03    0.4079568892E+03    0.1280197747E+02
    0.3090159667E+03    0.3087885549E+03    0.2274118027E+00
    0.2541748667E+03    0.3026435674E+03   -0.4846870071E+02
    0.4148450000E+03    0.4657159176E+03   -0.5087091758E+02
    0.2451061333E+03    0.2620024186E+03   -0.1689628524E+02
    0.2466809333E+03    0.2690671220E+03   -0.2238618863E+02
    0.3836031333E+03    0.4222049163E+03   -0.3860178300E+02
    0.2344907333E+03    0.2317381679E+03    0.2752565457E+01
    0.3850257000E+03    0.4341044330E+03   -0.4907873303E+02
    0.2249314667E+03    0.2370311801E+03   -0.1209971348E+02
    0.4540849667E+03    0.4177943999E+03    0.3629056679E+02
    0.4162779667E+03    0.4497353521E+03   -0.3345738539E+02
    0.4713814667E+03    0.4636804462E+03    0.7701020468E+01
    0.3853828667E+03    0.3750181479E+03    0.1036471875E+02
    0.2631706000E+03    0.2481735199E+03    0.1499708006E+02
    0.2694989667E+03    0.2481735199E+03    0.2132544673E+02
    0.2320685333E+03    0.2345011507E+03   -0.2432617321E+01
    0.2430929000E+03    0.2345011507E+03    0.8591749345E+01
    0.3933250000E+03    0.3780343511E+03    0.1529064892E+02
    0.3071145667E+03    0.3308352251E+03   -0.2372065839E+02
    0.4187009000E+03    0.4289702924E+03   -0.1026939239E+02
    0.2309024667E+03    0.2412374071E+03   -0.1033494041E+02
    0.2359238667E+03    0.2409654821E+03   -0.5041615446E+01
    0.2859014667E+03    0.3033725438E+03   -0.1747107717E+02
    0.3238940333E+03    0.3329013894E+03   -0.9007356018E+01
    0.2500072667E+03    0.2732034920E+03   -0.2319622537E+02
    0.2889783333E+03    0.3075624466E+03   -0.1858411323E+02
    0.3113269333E+03    0.3051571320E+03    0.6169801298E+01
    0.4657620000E+03    0.4882961935E+03   -0.2253419350E+02
    0.5003844000E+03    0.4775309738E+03    0.2285342616E+02
    0.2426874667E+03    0.2409413110E+03    0.1746155661E+01
    0.2826566667E+03    0.3091600915E+03   -0.2650342483E+02
    0.3192131333E+03    0.3206752903E+03   -0.1462156921E+01
    0.4555497333E+03    0.4491867880E+03    0.6362945289E+01
    0.5099616667E+03    0.5334792053E+03   -0.2351753864E+02
    0.3920042333E+03    0.3780284949E+03    0.1397573839E+02
    0.2338034333E+03    0.2699921546E+03   -0.3618872125E+02
    0.3091172667E+03    0.3315023368E+03   -0.2238507013E+02
    0.2942082000E+03    0.3033385320E+03   -0.9130332005E+01
    0.2808691333E+03    0.2942890818E+03   -0.1341994846E+02
    0.2913401333E+03    0.2793112337E+03    0.1202889959E+02
    0.4442737333E+03    0.4358206519E+03    0.8453081423E+01
    0.5172851333E+03    0.4906891974E+03    0.2659593596E+02
    0.5133680667E+03    0.4855177949E+03    0.2785027173E+02
    0.5106567333E+03    0.4829320937E+03    0.2772463962E+02
    0.5020189333E+03    0.4751749901E+03    0.2684394327E+02
    0.2310318667E+03    0.2404008235E+03   -0.9368956829E+01
    0.2410007667E+03    0.2408288753E+03    0.1718913278E+00
    0.2586609333E+03    0.2423032761E+03    0.1635765720E+02
    0.2541741667E+03    0.2444673160E+03    0.9706850657E+01
    0.3590403667E+03    0.3504728853E+03    0.8567481328E+01
    0.4221508000E+03    0.4047864483E+03    0.1736435172E+02
    0.4991327333E+03    0.4739265278E+03    0.2520620553E+02
    0.2857956333E+03    0.3250165900E+03   -0.3922095667E+02
    0.3764530667E+03    0.4013597670E+03   -0.2490670031E+02
    0.3041485333E+03    0.3301379502E+03   -0.2598941689E+02
    0.2869700333E+03    0.3371570885E+03   -0.5018705513E+02
    0.2779039000E+03    0.2964042962E+03   -0.1850039622E+02
    0.2552500667E+03    0.2391063439E+03    0.1614372272E+02
    0.2449100333E+03    0.2715277465E+03   -0.2661771313E+02
    0.3771303667E+03    0.3928845488E+03   -0.1575418212E+02
    0.3714014333E+03    0.3904516389E+03   -0.1905020561E+02
    0.4298645000E+03    0.4424797781E+03   -0.1261527813E+02
    0.3043565333E+03    0.2836770413E+03    0.2067949204E+02
    0.3840882333E+03    0.3621472242E+03    0.2194100912E+02
    0.2652660667E+03    0.2490938447E+03    0.1617222198E+02
    0.2257176333E+03    0.2355412626E+03   -0.9823629299E+01
    0.2566177333E+03    0.2735923819E+03   -0.1697464861E+02
    0.5036133333E+03    0.4853673118E+03    0.1824602152E+02
    0.3316307000E+03    0.3339467919E+03   -0.2316091912E+01
    0.4067373667E+03    0.4244903052E+03   -0.1775293856E+02
    0.3266636333E+03    0.3320164539E+03   -0.5352820557E+01
    0.3781231333E+03    0.3894004537E+03   -0.1127732037E+02
    0.4175716333E+03    0.4604320111E+03   -0.4286037773E+02
    0.4238937333E+03    0.4084904951E+03    0.1540323826E+02
    0.4241497333E+03    0.4242321813E+03   -0.8244800507E-01
    0.3010334667E+03    0.2943823359E+03    0.6651130756E+01
    0.3487913667E+03    0.3342154945E+03    0.1457587216E+02
    0.4356066667E+03    0.4064280008E+03    0.2917866592E+02
    0.4648353333E+03    0.4741798661E+03   -0.9344532748E+01
    0.4951073333E+03    0.4733769556E+03    0.2173037775E+02
    0.2673784667E+03    0.2378338120E+03    0.2954465466E+02
    0.2659497000E+03    0.2386141582E+03    0.2733554181E+02
    0.2546677000E+03    0.2424183458E+03    0.1224935415E+02
    0.2478107667E+03    0.2430523771E+03    0.4758389541E+01
    0.3904840000E+03    0.3781740151E+03    0.1230998488E+02
    0.3324828333E+03    0.3302038953E+03    0.2278938058E+01
