     Index       y_measurement           y_fitting        descriptor_1        descriptor_2
         1    0.1859265000E+03    0.1809572329E+03    0.3429527044E+03    0.3923869249E+02
         2    0.1689561667E+03    0.1562364267E+03    0.1955555230E+03    0.3454345327E+02
         3    0.1804731333E+03    0.1712353458E+03    0.2713239409E+03    0.4417892503E+02
         4    0.1790078333E+03    0.1770104263E+03    0.3253288964E+03    0.3555381781E+02
         5    0.1726537667E+03    0.1730459876E+03    0.3007034213E+03    0.3529144381E+02
         6    0.1687353667E+03    0.1560008263E+03    0.1988005263E+03    0.3218893815E+02
         7    0.1793259000E+03    0.1713251229E+03    0.2743393095E+03    0.4296400097E+02
         8    0.1611783000E+03    0.1557926945E+03    0.1836568904E+03    0.3905554200E+02
         9    0.1691650000E+03    0.1667634432E+03    0.2344596262E+03    0.4839676846E+02
        10    0.1712258333E+03    0.1593159702E+03    0.2318713744E+03    0.2620964098E+02
        11    0.1561954667E+03    0.1545997220E+03    0.1780077898E+03    0.3810173480E+02
        12    0.1832511000E+03    0.1768863494E+03    0.3086365488E+03    0.4345466621E+02
        13    0.1616570333E+03    0.1576426003E+03    0.1624091941E+03    0.5544082712E+02
        14    0.1669711667E+03    0.1631096293E+03    0.1900281950E+03    0.5895201223E+02
        15    0.1706844000E+03    0.1594605062E+03    0.2406912503E+03    0.2228392023E+02
        16    0.1991815333E+03    0.1886392230E+03    0.4033526143E+03    0.3344706692E+02
        17    0.1909834333E+03    0.1843243206E+03    0.3960994698E+03    0.2345041322E+02
        18    0.1730631333E+03    0.1663701851E+03    0.2497685865E+03    0.3955258791E+02
        19    0.1512805667E+03    0.1446004024E+03    0.1912660289E+03    0.0000000000E+00
        20    0.1839162333E+03    0.1749520227E+03    0.3328451646E+03    0.2533246952E+02
        21    0.1709626667E+03    0.1682922383E+03    0.2345038362E+03    0.5319324198E+02
        22    0.1785912667E+03    0.1743896942E+03    0.3169789897E+03    0.3144164192E+02
        23    0.1867098667E+03    0.1789192511E+03    0.3656259124E+03    0.2155251023E+02
        24    0.1737680667E+03    0.1686351775E+03    0.2629551278E+03    0.4014095374E+02
        25    0.1572136333E+03    0.1464208799E+03    0.2028166345E+03    0.0000000000E+00
        26    0.1860203333E+03    0.1763942593E+03    0.3469792932E+03    0.2285697179E+02
        27    0.1708858333E+03    0.1684986771E+03    0.2476655536E+03    0.4730581887E+02
        28    0.1549359333E+03    0.1467943416E+03    0.2051861822E+03    0.0000000000E+00
        29    0.1731041667E+03    0.1714360322E+03    0.3050954570E+03    0.2803546833E+02
        30    0.1816521000E+03    0.1759809918E+03    0.3340619301E+03    0.2797113243E+02
        31    0.1676957000E+03    0.1705864468E+03    0.2335865609E+03    0.6087975169E+02
        32    0.1734750667E+03    0.1710971207E+03    0.2904250672E+03    0.3425479811E+02
        33    0.1608787333E+03    0.1743787181E+03    0.2663232759E+03    0.5657023814E+02
        34    0.1564298667E+03    0.1520376161E+03    0.2384538249E+03    0.0000000000E+00
        35    0.1612523333E+03    0.1699663440E+03    0.3021720360E+03    0.2485553345E+02
        36    0.1600181667E+03    0.1753660938E+03    0.2577629938E+03    0.6393454915E+02
        37    0.1622793333E+03    0.1698416526E+03    0.2931497292E+03    0.2894435756E+02
        38    0.1858246333E+03    0.1797875473E+03    0.3433208916E+03    0.3536919725E+02
        39    0.2034949000E+03    0.1976673786E+03    0.4867391425E+03    0.2047967985E+02
        40    0.1582014333E+03    0.1649782135E+03    0.2085170361E+03    0.5565707066E+02
        41    0.1608522333E+03    0.1657505346E+03    0.2398169801E+03    0.4254303565E+02
        42    0.1759193333E+03    0.1664752287E+03    0.2809167597E+03    0.2441082935E+02
        43    0.1560547000E+03    0.1412536511E+03    0.1700314882E+03    0.0000000000E+00
        44    0.1987726333E+03    0.1916438792E+03    0.4575307231E+03    0.1600416175E+02
        45    0.1635587333E+03    0.1686793005E+03    0.1843644594E+03    0.7931987975E+02
        46    0.1769676000E+03    0.1676645908E+03    0.2700924759E+03    0.3353639943E+02
        47    0.1981880667E+03    0.1907986252E+03    0.4441216007E+03    0.2000107442E+02
        48    0.1906729667E+03    0.1830767059E+03    0.3277555966E+03    0.5346797037E+02
        49    0.1916486333E+03    0.1785667265E+03    0.3074952799E+03    0.4931777929E+02
        50    0.1847231333E+03    0.1748518341E+03    0.2828227921E+03    0.4986527544E+02
        51    0.1703275667E+03    0.1594565078E+03    0.2054047365E+03    0.3979986931E+02
        52    0.1836433333E+03    0.1803774039E+03    0.2969212559E+03    0.6027728580E+02
        53    0.2026154000E+03    0.1994521052E+03    0.4296241513E+03    0.5447658803E+02
        54    0.1474437667E+03    0.1467258009E+03    0.1858373380E+03    0.9395499271E+01
        55    0.1444144000E+03    0.1482246160E+03    0.1953470529E+03    0.9395499271E+01
        56    0.1435520000E+03    0.1513325453E+03    0.2150663106E+03    0.9395499271E+01
        57    0.1451082333E+03    0.1529423061E+03    0.2252799559E+03    0.9395499271E+01
        58    0.1438216667E+03    0.1545896954E+03    0.2357323472E+03    0.9395499271E+01
        59    0.1484104333E+03    0.1562750364E+03    0.2464255358E+03    0.9395499271E+01
        60    0.1513720667E+03    0.1571320399E+03    0.2518630701E+03    0.9395499271E+01
        61    0.1539085667E+03    0.1579986525E+03    0.2573615730E+03    0.9395499271E+01
        62    0.1581912000E+03    0.1597608670E+03    0.2685425100E+03    0.9395499271E+01
        63    0.1667517667E+03    0.1657186239E+03    0.2802055989E+03    0.2237944180E+02
        64    0.1681840000E+03    0.1666899988E+03    0.2863687996E+03    0.2237944180E+02
        65    0.1664457333E+03    0.1671388178E+03    0.2892164761E+03    0.2237944180E+02
        66    0.1665557000E+03    0.1675625358E+03    0.2919048910E+03    0.2237944180E+02
        67    0.1636810000E+03    0.1683331025E+03    0.2967939997E+03    0.2237944180E+02
        68    0.1594275000E+03    0.1689985668E+03    0.3010162523E+03    0.2237944180E+02
        69    0.1582353333E+03    0.1695557966E+03    0.3045517756E+03    0.2237944180E+02
        70    0.1618017000E+03    0.1705467559E+03    0.3108392358E+03    0.2237944180E+02
        71    0.1453615000E+03    0.1496780607E+03    0.1679081894E+03    0.2760668203E+02
        72    0.1460779667E+03    0.1505416180E+03    0.1733873067E+03    0.2760668203E+02
        73    0.1435833000E+03    0.1550342092E+03    0.2018919972E+03    0.2760668203E+02
        74    0.1445851667E+03    0.1569111245E+03    0.2138006902E+03    0.2760668203E+02
        75    0.1490260000E+03    0.1588325940E+03    0.2259920723E+03    0.2760668203E+02
        76    0.1536641667E+03    0.1607978907E+03    0.2384615298E+03    0.2760668203E+02
        77    0.1577903667E+03    0.1628062875E+03    0.2512044492E+03    0.2760668203E+02
        78    0.2001243000E+03    0.1946664885E+03    0.5089264244E+03    0.0000000000E+00
        79    0.1944439000E+03    0.1911363907E+03    0.4865285828E+03    0.0000000000E+00
        80    0.1883374667E+03    0.1876527033E+03    0.4644252072E+03    0.0000000000E+00
        81    0.1835913333E+03    0.1842154951E+03    0.4426167334E+03    0.0000000000E+00
        82    0.1746948000E+03    0.1774807908E+03    0.3998862346E+03    0.0000000000E+00
        83    0.1720329333E+03    0.1741834321E+03    0.3789650812E+03    0.0000000000E+00
        84    0.1702934000E+03    0.1725522812E+03    0.3686157192E+03    0.0000000000E+00
        85    0.1691501333E+03    0.1709328273E+03    0.3583405730E+03    0.0000000000E+00
        86    0.1641192000E+03    0.1677290451E+03    0.3380131458E+03    0.0000000000E+00
        87    0.1472152667E+03    0.1457271951E+03    0.1984153278E+03    0.0000000000E+00
        88    0.1537301667E+03    0.1470394053E+03    0.2067410679E+03    0.0000000000E+00
        89    0.1476696000E+03    0.1495576309E+03    0.2227187607E+03    0.0000000000E+00
        90    0.1490033667E+03    0.1507642732E+03    0.2303746907E+03    0.0000000000E+00
        91    0.1496825000E+03    0.1519363530E+03    0.2378113281E+03    0.0000000000E+00
        92    0.1510296000E+03    0.1530741837E+03    0.2450306614E+03    0.0000000000E+00
        93    0.1522688667E+03    0.1536303536E+03    0.2485594605E+03    0.0000000000E+00
        94    0.1408940000E+03    0.1394640972E+03    0.1586770879E+03    0.0000000000E+00
        95    0.1434891667E+03    0.1393285790E+03    0.1578172486E+03    0.0000000000E+00
        96    0.1428621667E+03    0.1391905090E+03    0.1569412193E+03    0.0000000000E+00
        97    0.1396084667E+03    0.1389066888E+03    0.1551404309E+03    0.0000000000E+00
        98    0.1390718667E+03    0.1383081508E+03    0.1513428139E+03    0.0000000000E+00
        99    0.1358025333E+03    0.1379933321E+03    0.1493453451E+03    0.0000000000E+00
       100    0.1362171000E+03    0.1378320132E+03    0.1483218056E+03    0.0000000000E+00
       101    0.1382688000E+03    0.1376680796E+03    0.1472816759E+03    0.0000000000E+00
       102    0.1382624000E+03    0.1373323429E+03    0.1451514861E+03    0.0000000000E+00
       103    0.1592046333E+03    0.1529492085E+03    0.2442377158E+03    0.0000000000E+00
       104    0.1567264333E+03    0.1517583805E+03    0.2366821246E+03    0.0000000000E+00
       105    0.1486229333E+03    0.1491236196E+03    0.2199650363E+03    0.0000000000E+00
       106    0.1461454000E+03    0.1461415947E+03    0.2010446194E+03    0.0000000000E+00
       107    0.1413109667E+03    0.1445166866E+03    0.1907348672E+03    0.0000000000E+00
       108    0.1411087000E+03    0.1436701162E+03    0.1853635285E+03    0.0000000000E+00
       109    0.1421805667E+03    0.1428005567E+03    0.1798463284E+03    0.0000000000E+00
       110    0.1439435333E+03    0.1409917362E+03    0.1683696848E+03    0.0000000000E+00
       111    0.1512255333E+03    0.1566645724E+03    0.2186046283E+03    0.2444324974E+02
       112    0.1537537333E+03    0.1608594746E+03    0.2452205353E+03    0.2444324974E+02
       113    0.1540077000E+03    0.1630500658E+03    0.2591194465E+03    0.2444324974E+02
       114    0.1554750000E+03    0.1653031746E+03    0.2734150205E+03    0.2444324974E+02
       115    0.1591252000E+03    0.1749471478E+03    0.3346043115E+03    0.2444324974E+02
       116    0.1694642000E+03    0.1801525104E+03    0.3676314103E+03    0.2444324974E+02
       117    0.1816082000E+03    0.1856168503E+03    0.4023016733E+03    0.2444324974E+02
       118    0.1826803000E+03    0.1884469320E+03    0.4202580371E+03    0.2444324974E+02
       119    0.1920459000E+03    0.1973326410E+03    0.4766362778E+03    0.2444324974E+02
       120    0.1684538333E+03    0.1675110673E+03    0.3282556476E+03    0.4160011068E+01
       121    0.1747238667E+03    0.1713839411E+03    0.3528283421E+03    0.4160011068E+01
       122    0.1779657000E+03    0.1733655286E+03    0.3654011617E+03    0.4160011068E+01
       123    0.1797637667E+03    0.1753774819E+03    0.3781666468E+03    0.4160011068E+01
       124    0.1830096667E+03    0.1837329338E+03    0.4311805002E+03    0.4160011068E+01
       125    0.1851899000E+03    0.1880980297E+03    0.4588762561E+03    0.4160011068E+01
       126    0.1919865000E+03    0.1925901622E+03    0.4873780360E+03    0.4160011068E+01
       127    0.1907893333E+03    0.1972109235E+03    0.5166959434E+03    0.4160011068E+01
       128    0.1969100333E+03    0.2019619062E+03    0.5468400818E+03    0.4160011068E+01
       129    0.1488808333E+03    0.1544463548E+03    0.1854811395E+03    0.3390597326E+02
       130    0.1531141000E+03    0.1588837790E+03    0.2136358053E+03    0.3390597326E+02
       131    0.1586468333E+03    0.1635527646E+03    0.2432596866E+03    0.3390597326E+02
       132    0.1637659667E+03    0.1684497330E+03    0.2743300790E+03    0.3390597326E+02
       133    0.1666397667E+03    0.1735711060E+03    0.3068242781E+03    0.3390597326E+02
       134    0.1724003000E+03    0.1789133051E+03    0.3407195793E+03    0.3390597326E+02
       135    0.1844319000E+03    0.1873328248E+03    0.3941399315E+03    0.3390597326E+02
       136    0.1854390333E+03    0.1902458678E+03    0.4126226702E+03    0.3390597326E+02
