	 Y 	 Y_pred 	 diff
    0.1183212333E+03    0.1282992242E+03   -0.9977990891E+01
    0.6924846667E+02    0.6980629328E+02   -0.5578266114E+00
    0.9370783333E+02    0.9255832645E+02    0.1149506884E+01
    0.1068349333E+03    0.1014941453E+03    0.5340788001E+01
    0.1026179667E+03    0.1088919563E+03   -0.6273989637E+01
    0.1181048000E+03    0.1251367116E+03   -0.7031911567E+01
    0.1177421333E+03    0.1279780505E+03   -0.1023591721E+02
    0.1163718000E+03    0.1180286384E+03   -0.1656838439E+01
    0.1096154000E+03    0.1135000865E+03   -0.3884686545E+01
    0.8378776667E+02    0.8569639609E+02   -0.1908629428E+01
    0.8411906667E+02    0.8301499225E+02    0.1104074421E+01
    0.8230160000E+02    0.8044123173E+02    0.1860368268E+01
    0.1333271667E+03    0.1283961582E+03    0.4931008501E+01
    0.1148520667E+03    0.1120872258E+03    0.2764840904E+01
    0.1043592000E+03    0.1037210136E+03    0.6381864236E+00
    0.8228193333E+02    0.7951352682E+02    0.2768406511E+01
    0.6902210000E+02    0.6773639297E+02    0.1285707029E+01
    0.6465190000E+02    0.6695569842E+02   -0.2303798419E+01
    0.1275528667E+03    0.1213136278E+03    0.6239238877E+01
    0.1131955333E+03    0.1187361985E+03   -0.5540665187E+01
    0.9517810000E+02    0.9250087229E+02    0.2677227709E+01
    0.9246266667E+02    0.8715035239E+02    0.5312314279E+01
    0.1244155333E+03    0.1283043491E+03   -0.3888815814E+01
    0.1230619333E+03    0.1259356352E+03   -0.2873701866E+01
    0.1065988000E+03    0.1017373989E+03    0.4861401075E+01
    0.1094606333E+03    0.1040635524E+03    0.5397080935E+01
    0.1137924333E+03    0.1132247751E+03    0.5676582564E+00
    0.1109500000E+03    0.1095121457E+03    0.1437854303E+01
    0.7063323333E+02    0.6874495517E+02    0.1888278159E+01
    0.1143839667E+03    0.1086325209E+03    0.5751445796E+01
    0.7960966667E+02    0.8362715090E+02   -0.4017484235E+01
    0.1265596000E+03    0.1226561101E+03    0.3903489869E+01
    0.9512590000E+02    0.8573801296E+02    0.9387887041E+01
    0.7170470000E+02    0.7086681120E+02    0.8378888001E+00
    0.1124396667E+03    0.1039817936E+03    0.8457873099E+01
    0.1120797667E+03    0.1139619279E+03   -0.1882161215E+01
    0.7548660000E+02    0.7817228922E+02   -0.2685689219E+01
    0.1055167333E+03    0.1047308018E+03    0.7859315660E+00
    0.1162208000E+03    0.1008727078E+03    0.1534809223E+02
    0.1218277333E+03    0.1081837305E+03    0.1364400281E+02
    0.1001382000E+03    0.1032303061E+03   -0.3092106058E+01
    0.9892276667E+02    0.1067980484E+03   -0.7875281701E+01
    0.9586320000E+02    0.1087617687E+03   -0.1289856868E+02
    0.1175400000E+03    0.1249148302E+03   -0.7374830235E+01
    0.7171576667E+02    0.8155317293E+02   -0.9837406265E+01
    0.7212726667E+02    0.8081810260E+02   -0.8690835932E+01
    0.1323314333E+03    0.1304785654E+03    0.1852867953E+01
    0.9314260000E+02    0.1047114558E+03   -0.1156885584E+02
    0.8257986667E+02    0.9545552442E+02   -0.1287565775E+02
    0.7522936667E+02    0.8647802876E+02   -0.1124866209E+02
    0.7840820000E+02    0.6369728278E+02    0.1471091722E+02
    0.1204607667E+03    0.1069251246E+03    0.1353564205E+02
    0.1165381667E+03    0.1178756062E+03   -0.1337439513E+01
    0.8333353333E+02    0.8816519426E+02   -0.4831660923E+01
    0.7168876667E+02    0.6710379976E+02    0.4584966902E+01
    0.6549303333E+02    0.6501258356E+02    0.4804497763E+00
    0.1282895000E+03    0.1267293431E+03    0.1560156903E+01
    0.1200650667E+03    0.1186573567E+03    0.1407709964E+01
    0.1181213667E+03    0.1229203169E+03   -0.4798950282E+01
    0.1208332667E+03    0.1153297778E+03    0.5503488886E+01
    0.9159523333E+02    0.8016072286E+02    0.1143451048E+02
    0.8447216667E+02    0.7558384595E+02    0.8888320716E+01
    0.9883910000E+02    0.1038295995E+03   -0.4990499457E+01
    0.1007096000E+03    0.9688347380E+02    0.3826126204E+01
    0.7212493333E+02    0.8321079404E+02   -0.1108586071E+02
    0.1322593000E+03    0.1273669188E+03    0.4892381245E+01
    0.1247315333E+03    0.1233429665E+03    0.1388566873E+01
    0.8489250000E+02    0.8108134575E+02    0.3811154249E+01
    0.8049570000E+02    0.9236358855E+02   -0.1186788855E+02
    0.1183827000E+03    0.1195771423E+03   -0.1194442279E+01
    0.1263473667E+03    0.1192509332E+03    0.7096433470E+01
    0.6767893333E+02    0.6647191815E+02    0.1207015187E+01
    0.1178638333E+03    0.1214045570E+03   -0.3540723666E+01
    0.1260300667E+03    0.1227129083E+03    0.3317158325E+01
    0.6395140000E+02    0.7669744337E+02   -0.1274604337E+02
    0.1084637000E+03    0.1173105160E+03   -0.8846816034E+01
    0.1233274667E+03    0.1090213774E+03    0.1430608923E+02
    0.9148953333E+02    0.1072484824E+03   -0.1575894910E+02
    0.7368413333E+02    0.7710401655E+02   -0.3419883216E+01
    0.7083120000E+02    0.7800435961E+02   -0.7173159610E+01
    0.1189540667E+03    0.1212873082E+03   -0.2333241566E+01
    0.6982910000E+02    0.8648679479E+02   -0.1665769479E+02
    0.7875026667E+02    0.8162344260E+02   -0.2873175936E+01
    0.6689893333E+02    0.6921618736E+02   -0.2317254024E+01
    0.7034353333E+02    0.7540177562E+02   -0.5058242285E+01
    0.9731303333E+02    0.9991411103E+02   -0.2601077692E+01
    0.8288196667E+02    0.9381267055E+02   -0.1093070389E+02
    0.6509713333E+02    0.6026510863E+02    0.4832024702E+01
    0.1331329333E+03    0.1213080326E+03    0.1182490073E+02
    0.1303768667E+03    0.1178397049E+03    0.1253716176E+02
    0.1089584667E+03    0.1108430261E+03   -0.1884559423E+01
    0.1032596000E+03    0.1073141871E+03   -0.4054587131E+01
    0.9690393333E+02    0.1001942554E+03   -0.3290322044E+01
    0.1249338000E+03    0.1248545718E+03    0.7922821471E-01
    0.1256808333E+03    0.1229015100E+03    0.2779323320E+01
    0.1237962000E+03    0.1222729097E+03    0.1523290336E+01
    0.1263286333E+03    0.1220753002E+03    0.4253333140E+01
    0.9942550000E+02    0.1018962263E+03   -0.2470726315E+01
    0.1248918667E+03    0.1197642694E+03    0.5127597233E+01
    0.8069620000E+02    0.9442363813E+02   -0.1372743813E+02
    0.1059929000E+03    0.1118759954E+03   -0.5883095384E+01
    0.1074090000E+03    0.1061428523E+03    0.1266147699E+01
    0.1163904667E+03    0.1104834796E+03    0.5906987109E+01
    0.1167774333E+03    0.1249864070E+03   -0.8208973623E+01
    0.7241710000E+02    0.8251433735E+02   -0.1009723735E+02
    0.1173802333E+03    0.1093595543E+03    0.8020679024E+01
    0.1175302333E+03    0.1144176991E+03    0.3112534277E+01
    0.1119479000E+03    0.1142905585E+03   -0.2342658540E+01
    0.1160802000E+03    0.1135316797E+03    0.2548520255E+01
    0.1127276667E+03    0.1093054643E+03    0.3422202360E+01
    0.1132335667E+03    0.1157934866E+03   -0.2559919898E+01
    0.1173187667E+03    0.1246247083E+03   -0.7305941593E+01
    0.1104217667E+03    0.1203273158E+03   -0.9905549091E+01
    0.1293472000E+03    0.1229283313E+03    0.6418868690E+01
    0.1073171667E+03    0.1074648500E+03   -0.1476833444E+00
    0.1140622333E+03    0.1071107152E+03    0.6951518132E+01
    0.7972536667E+02    0.7561062171E+02    0.4114744958E+01
    0.8122306667E+02    0.7609309110E+02    0.5129975566E+01
    0.7565850000E+02    0.6767822625E+02    0.7980273746E+01
    0.6723246667E+02    0.6657778892E+02    0.6546777445E+00
    0.6564466667E+02    0.6599776266E+02   -0.3530959898E+00
    0.6527446667E+02    0.6413419808E+02    0.1140268583E+01
    0.6491693333E+02    0.6380510982E+02    0.1111823516E+01
    0.1238324333E+03    0.1267711511E+03   -0.2938717757E+01
    0.1205031000E+03    0.1260229794E+03   -0.5519879367E+01
    0.1243047333E+03    0.1255118788E+03   -0.1207145498E+01
    0.1100665000E+03    0.1095726664E+03    0.4938336236E+00
    0.1254120333E+03    0.1245229892E+03    0.8890440967E+00
    0.1310257333E+03    0.1209075949E+03    0.1011813839E+02
    0.1099493000E+03    0.1078704080E+03    0.2078892006E+01
    0.9387423333E+02    0.8728142986E+02    0.6592803475E+01
    0.7295700000E+02    0.7287057068E+02    0.8642931550E-01
    0.1190111667E+03    0.1097467772E+03    0.9264389509E+01
    0.1090786333E+03    0.1015407310E+03    0.7537902381E+01
    0.1036082667E+03    0.9308695176E+02    0.1052131491E+02
    0.7258806667E+02    0.7693664654E+02   -0.4348579869E+01
    0.7301306667E+02    0.7904240669E+02   -0.6029340026E+01
    0.1115410667E+03    0.1022596173E+03    0.9281449366E+01
    0.7687850000E+02    0.8859503767E+02   -0.1171653767E+02
    0.1151615000E+03    0.1120243783E+03    0.3137121693E+01
    0.1167479333E+03    0.1019096032E+03    0.1483833017E+02
    0.1077780667E+03    0.1122860929E+03   -0.4508026209E+01
    0.8791373333E+02    0.9005764856E+02   -0.2143915231E+01
    0.1130756000E+03    0.1087386267E+03    0.4336973276E+01
    0.1001710667E+03    0.9720122057E+02    0.2969846097E+01
    0.6868523333E+02    0.7333236013E+02   -0.4647126792E+01
    0.1155646000E+03    0.1227217736E+03   -0.7157173618E+01
    0.9753893333E+02    0.9145509249E+02    0.6083840842E+01
    0.9081230000E+02    0.8934702314E+02    0.1465276858E+01
    0.7383243333E+02    0.7786330799E+02   -0.4030874660E+01
    0.7589846667E+02    0.7415099347E+02    0.1747473195E+01
    0.7789620000E+02    0.7068480651E+02    0.7211393485E+01
    0.1140277000E+03    0.1059484796E+03    0.8079220414E+01
    0.1132415667E+03    0.1005325825E+03    0.1270898418E+02
    0.1177511000E+03    0.1198541945E+03   -0.2103094542E+01
    0.9885580000E+02    0.9551829490E+02    0.3337505100E+01
    0.8251083333E+02    0.8198627303E+02    0.5245603037E+00
    0.7805130000E+02    0.7286155767E+02    0.5189742333E+01
    0.6360703333E+02    0.6508300082E+02   -0.1475967490E+01
    0.1006016333E+03    0.1033846278E+03   -0.2782994439E+01
    0.9634486667E+02    0.9583776900E+02    0.5070976665E+00
    0.1282394333E+03    0.1265790907E+03    0.1660342633E+01
    0.1039796667E+03    0.9975125164E+02    0.4228415029E+01
    0.1295430000E+03    0.1259745657E+03    0.3568434263E+01
    0.1281758000E+03    0.1301628785E+03   -0.1987078467E+01
    0.1324569000E+03    0.1280824372E+03    0.4374462831E+01
    0.9142540000E+02    0.9977607166E+02   -0.8350671659E+01
    0.6796646667E+02    0.6070528563E+02    0.7261181032E+01
    0.1138922667E+03    0.1110679692E+03    0.2824297464E+01
    0.1238607000E+03    0.1188324917E+03    0.5028208271E+01
