	 Y 	 Y_pred 	 diff
    0.1183212333E+03    0.1247147679E+03   -0.6393534593E+01
    0.6924846667E+02    0.7441733233E+02   -0.5168865663E+01
    0.9370783333E+02    0.9206344286E+02    0.1644390475E+01
    0.1068349333E+03    0.9977906853E+02    0.7055864803E+01
    0.1026179667E+03    0.1103952068E+03   -0.7777240162E+01
    0.1181048000E+03    0.1216093488E+03   -0.3504548837E+01
    0.1177421333E+03    0.1234264620E+03   -0.5684328665E+01
    0.1163718000E+03    0.1183681608E+03   -0.1996360751E+01
    0.1096154000E+03    0.1144334139E+03   -0.4818013919E+01
    0.8378776667E+02    0.8083342742E+02    0.2954339245E+01
    0.8411906667E+02    0.7722673750E+02    0.6892329169E+01
    0.8230160000E+02    0.7357928958E+02    0.8722310422E+01
    0.1333271667E+03    0.1282386807E+03    0.5088486008E+01
    0.1148520667E+03    0.1124358527E+03    0.2416213917E+01
    0.1043592000E+03    0.1039503344E+03    0.4088656100E+00
    0.8228193333E+02    0.7400705292E+02    0.8274880418E+01
    0.6902210000E+02    0.6849197775E+02    0.5301222540E+00
    0.6465190000E+02    0.6689163503E+02   -0.2239735027E+01
    0.1275528667E+03    0.1197388027E+03    0.7814063920E+01
    0.1131955333E+03    0.1183806194E+03   -0.5185086028E+01
    0.9517810000E+02    0.1045558426E+03   -0.9377742634E+01
    0.9246266667E+02    0.1017363716E+03   -0.9273704908E+01
    0.1244155333E+03    0.1229715834E+03    0.1443949936E+01
    0.1230619333E+03    0.1237798394E+03   -0.7179060425E+00
    0.1065988000E+03    0.1057178551E+03    0.8809449348E+00
    0.1094606333E+03    0.1072185663E+03    0.2242067046E+01
    0.1137924333E+03    0.1131458508E+03    0.6465825475E+00
    0.1109500000E+03    0.1123343597E+03   -0.1384359679E+01
    0.7063323333E+02    0.7736442600E+02   -0.6731192670E+01
    0.1143839667E+03    0.1068266676E+03    0.7557299045E+01
    0.7960966667E+02    0.8321442270E+02   -0.3604756038E+01
    0.1265596000E+03    0.1209020082E+03    0.5657591808E+01
    0.9512590000E+02    0.8454255740E+02    0.1058334260E+02
    0.7170470000E+02    0.6672793910E+02    0.4976760901E+01
    0.1124396667E+03    0.1032154287E+03    0.9224237956E+01
    0.1120797667E+03    0.1124153998E+03   -0.3356331576E+00
    0.7548660000E+02    0.7848112897E+02   -0.2994528967E+01
    0.1055167333E+03    0.1051513430E+03    0.3653903293E+00
    0.1162208000E+03    0.9974467903E+02    0.1647612097E+02
    0.1218277333E+03    0.1057044991E+03    0.1612323426E+02
    0.1001382000E+03    0.1072679520E+03   -0.7129752043E+01
    0.9892276667E+02    0.1118569603E+03   -0.1293419359E+02
    0.9586320000E+02    0.1143221428E+03   -0.1845894278E+02
    0.1175400000E+03    0.1200488975E+03   -0.2508897486E+01
    0.7171576667E+02    0.7951400371E+02   -0.7798237040E+01
    0.7212726667E+02    0.7880363069E+02   -0.6676364019E+01
    0.1323314333E+03    0.1232157414E+03    0.9115691959E+01
    0.9314260000E+02    0.1014751706E+03   -0.8332570552E+01
    0.8257986667E+02    0.9335181644E+02   -0.1077194977E+02
    0.7522936667E+02    0.8509461000E+02   -0.9865243329E+01
    0.7840820000E+02    0.6066722262E+02    0.1774097738E+02
    0.1204607667E+03    0.1070786168E+03    0.1338214991E+02
    0.1165381667E+03    0.1180176574E+03   -0.1479490743E+01
    0.8333353333E+02    0.9028319721E+02   -0.6949663879E+01
    0.7168876667E+02    0.6748404004E+02    0.4204726627E+01
    0.6549303333E+02    0.6562368619E+02   -0.1306528532E+00
    0.1282895000E+03    0.1240603398E+03    0.4229160154E+01
    0.1200650667E+03    0.1217203087E+03   -0.1655242081E+01
    0.1181213667E+03    0.1242406282E+03   -0.6119261495E+01
    0.1208332667E+03    0.1122821022E+03    0.8551164502E+01
    0.9159523333E+02    0.8037186966E+02    0.1122336368E+02
    0.8447216667E+02    0.7592680360E+02    0.8545363070E+01
    0.9883910000E+02    0.1125755339E+03   -0.1373643391E+02
    0.1007096000E+03    0.9523361458E+02    0.5475985422E+01
    0.7212493333E+02    0.8019570667E+02   -0.8070773339E+01
    0.1322593000E+03    0.1290027386E+03    0.3256561391E+01
    0.1247315333E+03    0.1243400925E+03    0.3914408344E+00
    0.8489250000E+02    0.8263712323E+02    0.2255376775E+01
    0.8049570000E+02    0.9225338236E+02   -0.1175768236E+02
    0.1183827000E+03    0.1228898715E+03   -0.4507171505E+01
    0.1263473667E+03    0.1174975861E+03    0.8849780544E+01
    0.6767893333E+02    0.7435022661E+02   -0.6671293277E+01
    0.1178638333E+03    0.1243252658E+03   -0.6461432504E+01
    0.1260300667E+03    0.1294455705E+03   -0.3415503813E+01
    0.6395140000E+02    0.8225256008E+02   -0.1830116008E+02
    0.1084637000E+03    0.1193956952E+03   -0.1093199522E+02
    0.1233274667E+03    0.1082483295E+03    0.1507913712E+02
    0.9148953333E+02    0.1094213898E+03   -0.1793185651E+02
    0.7368413333E+02    0.7201903738E+02    0.1665095949E+01
    0.7083120000E+02    0.8231508944E+02   -0.1148388944E+02
    0.1189540667E+03    0.1259012996E+03   -0.6947232981E+01
    0.6982910000E+02    0.8257864401E+02   -0.1274954401E+02
    0.7875026667E+02    0.8226341654E+02   -0.3513149874E+01
    0.6689893333E+02    0.7425492735E+02   -0.7355994013E+01
    0.7034353333E+02    0.7176628923E+02   -0.1422755895E+01
    0.9731303333E+02    0.9543775301E+02    0.1875280326E+01
    0.8288196667E+02    0.9055708051E+02   -0.7675113844E+01
    0.6509713333E+02    0.6676191850E+02   -0.1664785171E+01
    0.1331329333E+03    0.1204250214E+03    0.1270791198E+02
    0.1303768667E+03    0.1176784039E+03    0.1269846281E+02
    0.1089584667E+03    0.1121686004E+03   -0.3210133718E+01
    0.1032596000E+03    0.1094055829E+03   -0.6145982924E+01
    0.9690393333E+02    0.1038637731E+03   -0.6959839793E+01
    0.1249338000E+03    0.1248078729E+03    0.1259270992E+00
    0.1256808333E+03    0.1280853789E+03   -0.2404545519E+01
    0.1237962000E+03    0.1293122877E+03   -0.5516087655E+01
    0.1263286333E+03    0.1297209942E+03   -0.3392360855E+01
    0.9942550000E+02    0.9913718886E+02    0.2883111419E+00
    0.1248918667E+03    0.1212147510E+03    0.3677115651E+01
    0.8069620000E+02    0.9607128718E+02   -0.1537508718E+02
    0.1059929000E+03    0.1095946772E+03   -0.3601777213E+01
    0.1074090000E+03    0.1013875808E+03    0.6021419206E+01
    0.1163904667E+03    0.1102687196E+03    0.6121747036E+01
    0.1167774333E+03    0.1214527125E+03   -0.4675279125E+01
    0.7241710000E+02    0.8234274594E+02   -0.9925645942E+01
    0.1173802333E+03    0.1061914017E+03    0.1118883166E+02
    0.1175302333E+03    0.1153172034E+03    0.2213029975E+01
    0.1119479000E+03    0.1147612961E+03   -0.2813396079E+01
    0.1160802000E+03    0.1113038079E+03    0.4776392131E+01
    0.1127276667E+03    0.1086022558E+03    0.4125410905E+01
    0.1132335667E+03    0.1157392099E+03   -0.2505643197E+01
    0.1173187667E+03    0.1235246270E+03   -0.6205860349E+01
    0.1104217667E+03    0.1234819652E+03   -0.1306019858E+02
    0.1293472000E+03    0.1187746087E+03    0.1057259127E+02
    0.1073171667E+03    0.1108124460E+03   -0.3495279295E+01
    0.1140622333E+03    0.1070455667E+03    0.7016666670E+01
    0.7972536667E+02    0.6566118690E+02    0.1406417976E+02
    0.8122306667E+02    0.7470290648E+02    0.6520160186E+01
    0.7565850000E+02    0.7011976752E+02    0.5538732483E+01
    0.6723246667E+02    0.6918776090E+02   -0.1955294233E+01
    0.6564466667E+02    0.6870397742E+02   -0.3059310749E+01
    0.6527446667E+02    0.6717896794E+02   -0.1904501273E+01
    0.6491693333E+02    0.6691376796E+02   -0.1996834624E+01
    0.1238324333E+03    0.1241766615E+03   -0.3442281635E+00
    0.1205031000E+03    0.1243301073E+03   -0.3827007270E+01
    0.1243047333E+03    0.1244250560E+03   -0.1203226276E+00
    0.1100665000E+03    0.1133834734E+03   -0.3316973400E+01
    0.1254120333E+03    0.1230266061E+03    0.2385427219E+01
    0.1310257333E+03    0.1208753717E+03    0.1015036164E+02
    0.1099493000E+03    0.1106436705E+03   -0.6943704589E+00
    0.9387423333E+02    0.8504397318E+02    0.8830260157E+01
    0.7295700000E+02    0.6846168054E+02    0.4495319461E+01
    0.1190111667E+03    0.1139031450E+03    0.5108021669E+01
    0.1090786333E+03    0.1057314857E+03    0.3347147629E+01
    0.1036082667E+03    0.9710023288E+02    0.6508033787E+01
    0.7258806667E+02    0.7925948130E+02   -0.6671414633E+01
    0.7301306667E+02    0.8260388777E+02   -0.9590821104E+01
    0.1115410667E+03    0.1032368394E+03    0.8304227246E+01
    0.7687850000E+02    0.9207352059E+02   -0.1519502059E+02
    0.1151615000E+03    0.1105289882E+03    0.4632511843E+01
    0.1167479333E+03    0.1023926198E+03    0.1435531351E+02
    0.1077780667E+03    0.1082875526E+03   -0.5094859273E+00
    0.8791373333E+02    0.9016967263E+02   -0.2255939300E+01
    0.1130756000E+03    0.1078194763E+03    0.5256123676E+01
    0.1001710667E+03    0.1052662069E+03   -0.5095140232E+01
    0.6868523333E+02    0.7064980694E+02   -0.1964573611E+01
    0.1155646000E+03    0.1207381674E+03   -0.5173567381E+01
    0.9753893333E+02    0.9194588803E+02    0.5593045304E+01
    0.9081230000E+02    0.9019090488E+02    0.6213951227E+00
    0.7383243333E+02    0.8038335317E+02   -0.6550919838E+01
    0.7589846667E+02    0.7613572616E+02   -0.2372594940E+00
    0.7789620000E+02    0.7192365240E+02    0.5972547601E+01
    0.1140277000E+03    0.1087770288E+03    0.5250671218E+01
    0.1132415667E+03    0.1001289443E+03    0.1311262233E+02
    0.1177511000E+03    0.1201806650E+03   -0.2429565001E+01
    0.9885580000E+02    0.9525505503E+02    0.3600744972E+01
    0.8251083333E+02    0.7836209131E+02    0.4148742025E+01
    0.7805130000E+02    0.6222560408E+02    0.1582569592E+02
    0.6360703333E+02    0.6440339934E+02   -0.7963660027E+00
    0.1006016333E+03    0.1099003102E+03   -0.9298676846E+01
    0.9634486667E+02    0.1057825208E+03   -0.9437654102E+01
    0.1282394333E+03    0.1230152833E+03    0.5224150063E+01
    0.1039796667E+03    0.1040878159E+03   -0.1081492292E+00
    0.1295430000E+03    0.1214802952E+03    0.8062704823E+01
    0.1281758000E+03    0.1242796064E+03    0.3896193604E+01
    0.1324569000E+03    0.1289153885E+03    0.3541511489E+01
    0.9142540000E+02    0.1041022966E+03   -0.1267689664E+02
    0.6796646667E+02    0.6853033747E+02   -0.5638708042E+00
    0.1138922667E+03    0.1104795714E+03    0.3412695303E+01
    0.1238607000E+03    0.1172476221E+03    0.6613077895E+01
