	 Y 	 Y_pred 	 diff
    0.1183212333E+03    0.1233783813E+03   -0.5057148016E+01
    0.6924846667E+02    0.7766333196E+02   -0.8414865290E+01
    0.9370783333E+02    0.8860866057E+02    0.5099172767E+01
    0.1068349333E+03    0.9857012601E+02    0.8264807328E+01
    0.1026179667E+03    0.1028685556E+03   -0.2505889595E+00
    0.1181048000E+03    0.1222971371E+03   -0.4192337116E+01
    0.1177421333E+03    0.1245055771E+03   -0.6763443770E+01
    0.1163718000E+03    0.1107661774E+03    0.5605622588E+01
    0.1096154000E+03    0.1075623331E+03    0.2053066906E+01
    0.8378776667E+02    0.7713871941E+02    0.6649047257E+01
    0.8411906667E+02    0.7420199349E+02    0.9917073179E+01
    0.8230160000E+02    0.7123208061E+02    0.1106951939E+02
    0.1333271667E+03    0.1245642929E+03    0.8762873765E+01
    0.1148520667E+03    0.1106047269E+03    0.4247339727E+01
    0.1043592000E+03    0.1031493404E+03    0.1209859595E+01
    0.8228193333E+02    0.7685683867E+02    0.5425094663E+01
    0.6902210000E+02    0.6786119800E+02    0.1160901995E+01
    0.6465190000E+02    0.6506131454E+02   -0.4094145437E+00
    0.1275528667E+03    0.1187270791E+03    0.8825787607E+01
    0.1131955333E+03    0.1176211863E+03   -0.4425652944E+01
    0.9517810000E+02    0.1063644437E+03   -0.1118634366E+02
    0.9246266667E+02    0.1040687060E+03   -0.1160603937E+02
    0.1244155333E+03    0.1248559246E+03   -0.4403913097E+00
    0.1230619333E+03    0.1274498682E+03   -0.4387934870E+01
    0.1065988000E+03    0.1092129689E+03   -0.2614168890E+01
    0.1094606333E+03    0.1106850332E+03   -0.1224399883E+01
    0.1137924333E+03    0.1165117659E+03   -0.2719332588E+01
    0.1109500000E+03    0.1108674171E+03    0.8258294023E-01
    0.7063323333E+02    0.8452149581E+02   -0.1388826247E+02
    0.1143839667E+03    0.1034023402E+03    0.1098162644E+02
    0.7960966667E+02    0.8611231562E+02   -0.6502648950E+01
    0.1265596000E+03    0.1218236000E+03    0.4736000017E+01
    0.9512590000E+02    0.9221813239E+02    0.2907767609E+01
    0.7170470000E+02    0.7771268488E+02   -0.6007984882E+01
    0.1124396667E+03    0.1035671134E+03    0.8872553314E+01
    0.1120797667E+03    0.1123477679E+03   -0.2680012717E+00
    0.7548660000E+02    0.8861512302E+02   -0.1312852302E+02
    0.1055167333E+03    0.1008114776E+03    0.4705255760E+01
    0.1162208000E+03    0.9769280429E+02    0.1852799571E+02
    0.1218277333E+03    0.1074030635E+03    0.1442466982E+02
    0.1001382000E+03    0.1040394333E+03   -0.3901233300E+01
    0.9892276667E+02    0.1047459463E+03   -0.5823179622E+01
    0.9586320000E+02    0.1094141027E+03   -0.1355090266E+02
    0.1175400000E+03    0.1201072979E+03   -0.2567297932E+01
    0.7171576667E+02    0.8740675924E+02   -0.1569099257E+02
    0.7212726667E+02    0.7610297548E+02   -0.3975708809E+01
    0.1323314333E+03    0.1191726411E+03    0.1315879223E+02
    0.9314260000E+02    0.1009265701E+03   -0.7783970057E+01
    0.8257986667E+02    0.9410893415E+02   -0.1152906748E+02
    0.7522936667E+02    0.8717896084E+02   -0.1194959418E+02
    0.7840820000E+02    0.6667794230E+02    0.1173025770E+02
    0.1204607667E+03    0.9729353440E+02    0.2316723227E+02
    0.1165381667E+03    0.1140479128E+03    0.2490253826E+01
    0.8333353333E+02    0.8833508141E+02   -0.5001548079E+01
    0.7168876667E+02    0.6912311266E+02    0.2565654006E+01
    0.6549303333E+02    0.6472210996E+02    0.7709233775E+00
    0.1282895000E+03    0.1254030746E+03    0.2886425405E+01
    0.1200650667E+03    0.1190886580E+03    0.9764086863E+00
    0.1181213667E+03    0.1218857062E+03   -0.3764339573E+01
    0.1208332667E+03    0.1159249566E+03    0.4908310039E+01
    0.9159523333E+02    0.9174278952E+02   -0.1475561819E+00
    0.8447216667E+02    0.8833707353E+02   -0.3864906864E+01
    0.9883910000E+02    0.1058497188E+03   -0.7010618829E+01
    0.1007096000E+03    0.9475482370E+02    0.5954776304E+01
    0.7212493333E+02    0.8351787309E+02   -0.1139293975E+02
    0.1322593000E+03    0.1278056693E+03    0.4453630662E+01
    0.1247315333E+03    0.1238924799E+03    0.8390534362E+00
    0.8489250000E+02    0.8889269325E+02   -0.4000193252E+01
    0.8049570000E+02    0.9296480267E+02   -0.1246910267E+02
    0.1183827000E+03    0.1205494993E+03   -0.2166799265E+01
    0.1263473667E+03    0.1151337605E+03    0.1121360613E+02
    0.6767893333E+02    0.7059068735E+02   -0.2911754021E+01
    0.1178638333E+03    0.1226245293E+03   -0.4760695921E+01
    0.1260300667E+03    0.1270506855E+03   -0.1020618836E+01
    0.6395140000E+02    0.7768595950E+02   -0.1373455950E+02
    0.1084637000E+03    0.1215973294E+03   -0.1313362937E+02
    0.1233274667E+03    0.1055296510E+03    0.1779781569E+02
    0.9148953333E+02    0.1094089924E+03   -0.1791945904E+02
    0.7368413333E+02    0.7798031155E+02   -0.4296178214E+01
    0.7083120000E+02    0.7638334693E+02   -0.5552146930E+01
    0.1189540667E+03    0.1266806910E+03   -0.7726624330E+01
    0.6982910000E+02    0.8830689713E+02   -0.1847779713E+02
    0.7875026667E+02    0.8385399752E+02   -0.5103730849E+01
    0.6689893333E+02    0.7084327880E+02   -0.3944345467E+01
    0.7034353333E+02    0.7901673873E+02   -0.8673205392E+01
    0.9731303333E+02    0.8915843679E+02    0.8154596544E+01
    0.8288196667E+02    0.8387858342E+02   -0.9966167572E+00
    0.6509713333E+02    0.6299879287E+02    0.2098340468E+01
    0.1331329333E+03    0.1224050049E+03    0.1072792842E+02
    0.1303768667E+03    0.1202469509E+03    0.1012991581E+02
    0.1089584667E+03    0.1158895616E+03   -0.6931094903E+01
    0.1032596000E+03    0.1136898727E+03   -0.1043027275E+02
    0.9690393333E+02    0.1092475969E+03   -0.1234366356E+02
    0.1249338000E+03    0.1258298188E+03   -0.8960188337E+00
    0.1256808333E+03    0.1283761117E+03   -0.2695278399E+01
    0.1237962000E+03    0.1293261058E+03   -0.5529905831E+01
    0.1263286333E+03    0.1296421851E+03   -0.3313551774E+01
    0.9942550000E+02    0.1054257646E+03   -0.6000264583E+01
    0.1248918667E+03    0.1188805051E+03    0.6011361588E+01
    0.8069620000E+02    0.9908699829E+02   -0.1839079829E+02
    0.1059929000E+03    0.1077345942E+03   -0.1741694150E+01
    0.1074090000E+03    0.1001963629E+03    0.7212637091E+01
    0.1163904667E+03    0.1134331937E+03    0.2957272991E+01
    0.1167774333E+03    0.1186087793E+03   -0.1831345929E+01
    0.7241710000E+02    0.7973901380E+02   -0.7321913800E+01
    0.1173802333E+03    0.1087825337E+03    0.8597699682E+01
    0.1175302333E+03    0.1182289728E+03   -0.6987395051E+00
    0.1119479000E+03    0.1173926162E+03   -0.5444716235E+01
    0.1160802000E+03    0.1124374027E+03    0.3642797273E+01
    0.1127276667E+03    0.1081339604E+03    0.4593706271E+01
    0.1132335667E+03    0.1141844661E+03   -0.9508994270E+00
    0.1173187667E+03    0.1197618901E+03   -0.2443123404E+01
    0.1104217667E+03    0.1178364028E+03   -0.7414636121E+01
    0.1293472000E+03    0.1135801465E+03    0.1576705348E+02
    0.1073171667E+03    0.1015348902E+03    0.5782276447E+01
    0.1140622333E+03    0.9845348519E+02    0.1560874814E+02
    0.7972536667E+02    0.6459998854E+02    0.1512537812E+02
    0.8122306667E+02    0.7264078309E+02    0.8582283578E+01
    0.7565850000E+02    0.6890050706E+02    0.6757992935E+01
    0.6723246667E+02    0.6667685770E+02    0.5556089645E+00
    0.6564466667E+02    0.6555048838E+02    0.9417829065E-01
    0.6527446667E+02    0.6211112540E+02    0.3163341263E+01
    0.6491693333E+02    0.6152887399E+02    0.3388059339E+01
    0.1238324333E+03    0.1266477427E+03   -0.2815309350E+01
    0.1205031000E+03    0.1285995905E+03   -0.8096490465E+01
    0.1243047333E+03    0.1298948111E+03   -0.5590077730E+01
    0.1100665000E+03    0.1133500938E+03   -0.3283593814E+01
    0.1254120333E+03    0.1234800605E+03    0.1931972789E+01
    0.1310257333E+03    0.1202091849E+03    0.1081654842E+02
    0.1099493000E+03    0.1065317742E+03    0.3417525838E+01
    0.9387423333E+02    0.8858685994E+02    0.5287373396E+01
    0.7295700000E+02    0.7635380422E+02   -0.3396804224E+01
    0.1190111667E+03    0.1127962289E+03    0.6214937803E+01
    0.1090786333E+03    0.1061115995E+03    0.2967033842E+01
    0.1036082667E+03    0.9905101068E+02    0.4557255985E+01
    0.7258806667E+02    0.8445681289E+02   -0.1186874622E+02
    0.7301306667E+02    0.8213397773E+02   -0.9120911063E+01
    0.1115410667E+03    0.1037839886E+03    0.7757078031E+01
    0.7687850000E+02    0.8961746229E+02   -0.1273896229E+02
    0.1151615000E+03    0.1128904173E+03    0.2271082711E+01
    0.1167479333E+03    0.9901320852E+02    0.1773472481E+02
    0.1077780667E+03    0.1102108457E+03   -0.2432778985E+01
    0.8791373333E+02    0.8611942907E+02    0.1794304264E+01
    0.1130756000E+03    0.1063671603E+03    0.6708439651E+01
    0.1001710667E+03    0.1080668757E+03   -0.7895809038E+01
    0.6868523333E+02    0.6847566157E+02    0.2095717608E+00
    0.1155646000E+03    0.1154847272E+03    0.7987282678E-01
    0.9753893333E+02    0.9293709933E+02    0.4601834007E+01
    0.9081230000E+02    0.9065409021E+02    0.1582097887E+00
    0.7383243333E+02    0.7967431277E+02   -0.5841879438E+01
    0.7589846667E+02    0.7618829569E+02   -0.2898290205E+00
    0.7789620000E+02    0.7273145707E+02    0.5164742933E+01
    0.1140277000E+03    0.9997697558E+02    0.1405072442E+02
    0.1132415667E+03    0.9287951385E+02    0.2036205281E+02
    0.1177511000E+03    0.1174401613E+03    0.3109386760E+00
    0.9885580000E+02    0.9538024308E+02    0.3475556916E+01
    0.8251083333E+02    0.8044720834E+02    0.2063624989E+01
    0.7805130000E+02    0.6613501201E+02    0.1191628799E+02
    0.6360703333E+02    0.6050560090E+02    0.3101432430E+01
    0.1006016333E+03    0.1105983643E+03   -0.9996731000E+01
    0.9634486667E+02    0.1072189046E+03   -0.1087403798E+02
    0.1282394333E+03    0.1257315016E+03    0.2507931715E+01
    0.1039796667E+03    0.1074452340E+03   -0.3465567309E+01
    0.1295430000E+03    0.1246569120E+03    0.4886088028E+01
    0.1281758000E+03    0.1274439186E+03    0.7318813585E+00
    0.1324569000E+03    0.1228499945E+03    0.9606905547E+01
    0.9142540000E+02    0.1045689134E+03   -0.1314351342E+02
    0.6796646667E+02    0.7745805635E+02   -0.9491589688E+01
    0.1138922667E+03    0.1058233567E+03    0.8068909980E+01
    0.1238607000E+03    0.1187320444E+03    0.5128655604E+01
