	 Y 	 Y_pred 	 diff
    0.7301306667E+02    0.8241937744E+02   -0.9406310769E+01
    0.1115410667E+03    0.1040616207E+03    0.7479445967E+01
    0.1163904667E+03    0.1136343541E+03    0.2756112525E+01
    0.8049570000E+02    0.9219512498E+02   -0.1169942498E+02
    0.7687850000E+02    0.8990017705E+02   -0.1302167705E+02
    0.1124396667E+03    0.1035726915E+03    0.8866975139E+01
    0.1151615000E+03    0.1131647821E+03    0.1996717874E+01
    0.1120797667E+03    0.1124621982E+03   -0.3824315286E+00
    0.1183827000E+03    0.1200291010E+03   -0.1646400972E+01
    0.1263473667E+03    0.1145644209E+03    0.1178294576E+02
    0.1167774333E+03    0.1187297585E+03   -0.1952325154E+01
    0.1183212333E+03    0.1232455759E+03   -0.4924342552E+01
    0.6767893333E+02    0.6961881762E+02   -0.1939884288E+01
    0.6924846667E+02    0.7788035106E+02   -0.8631884395E+01
    0.1178638333E+03    0.1221228827E+03   -0.4259049412E+01
    0.1260300667E+03    0.1265890376E+03   -0.5589709386E+00
    0.6395140000E+02    0.7677820884E+02   -0.1282680884E+02
    0.7548660000E+02    0.8843534425E+02   -0.1294874425E+02
    0.7241710000E+02    0.8046217145E+02   -0.8045071454E+01
    0.1167479333E+03    0.9929255226E+02    0.1745538107E+02
    0.1084637000E+03    0.1210864002E+03   -0.1262270018E+02
    0.1173802333E+03    0.1090557431E+03    0.8324490232E+01
    0.1055167333E+03    0.1007828947E+03    0.4733838671E+01
    0.1077780667E+03    0.1104861719E+03   -0.2708105205E+01
    0.9370783333E+02    0.8874192290E+02    0.4965910432E+01
    0.8791373333E+02    0.8640339887E+02    0.1510334468E+01
    0.1162208000E+03    0.9762555979E+02    0.1859524021E+02
    0.1175302333E+03    0.1183558361E+03   -0.8256027696E+00
    0.1218277333E+03    0.1074561952E+03    0.1437153811E+02
    0.1233274667E+03    0.1048735202E+03    0.1845394644E+02
    0.1119479000E+03    0.1175324365E+03   -0.5584536509E+01
    0.1160802000E+03    0.1126539902E+03    0.3426209809E+01
    0.1068349333E+03    0.9862716037E+02    0.8207772961E+01
    0.1127276667E+03    0.1084172177E+03    0.4310448990E+01
    0.1130756000E+03    0.1066438656E+03    0.6431734385E+01
    0.1132335667E+03    0.1143739877E+03   -0.1140421025E+01
    0.1026179667E+03    0.1028926972E+03   -0.2747305193E+00
    0.1001382000E+03    0.1040508667E+03   -0.3912666735E+01
    0.1001710667E+03    0.1083429711E+03   -0.8171904477E+01
    0.9148953333E+02    0.1087879187E+03   -0.1729838540E+02
    0.9892276667E+02    0.1047661382E+03   -0.5843371561E+01
    0.9586320000E+02    0.1094921648E+03   -0.1362896484E+02
    0.6868523333E+02    0.6876596164E+02   -0.8072830818E-01
    0.7368413333E+02    0.7707522091E+02   -0.3391087577E+01
    0.1155646000E+03    0.1157581612E+03   -0.1935612175E+00
    0.1181048000E+03    0.1221726056E+03   -0.4067805641E+01
    0.1175400000E+03    0.1203179216E+03   -0.2777921586E+01
    0.7083120000E+02    0.7546382473E+02   -0.4632624727E+01
    0.1189540667E+03    0.1262156995E+03   -0.7261632839E+01
    0.7171576667E+02    0.8721200062E+02   -0.1549623395E+02
    0.1173187667E+03    0.1198650051E+03   -0.2546238399E+01
    0.1177421333E+03    0.1243641460E+03   -0.6622012683E+01
    0.7212726667E+02    0.7576808603E+02   -0.3640819362E+01
    0.6982910000E+02    0.8749512654E+02   -0.1766602654E+02
    0.7875026667E+02    0.8300198663E+02   -0.4251719967E+01
    0.9753893333E+02    0.9321862306E+02    0.4320310271E+01
    0.9081230000E+02    0.9093643305E+02   -0.1241330507E+00
    0.1104217667E+03    0.1179693478E+03   -0.7547581161E+01
    0.6689893333E+02    0.6987369171E+02   -0.2974758372E+01
    0.7034353333E+02    0.7812101415E+02   -0.7777480816E+01
    0.1323314333E+03    0.1193716780E+03    0.1295975533E+02
    0.1293472000E+03    0.1137790304E+03    0.1556816964E+02
    0.1163718000E+03    0.1107298841E+03    0.5641915878E+01
    0.1096154000E+03    0.1075505565E+03    0.2064843467E+01
    0.9314260000E+02    0.1008994139E+03   -0.7756813925E+01
    0.8257986667E+02    0.9399726110E+02   -0.1141739443E+02
    0.7522936667E+02    0.8698137825E+02   -0.1175201159E+02
    0.7383243333E+02    0.7996059496E+02   -0.6128161628E+01
    0.7589846667E+02    0.7647582860E+02   -0.5773619321E+00
    0.7789620000E+02    0.7302023023E+02    0.4875969769E+01
    0.7840820000E+02    0.6622621253E+02    0.1218198747E+02
    0.1073171667E+03    0.1019203817E+03    0.5396785009E+01
    0.1140277000E+03    0.1002559735E+03    0.1377172647E+02
    0.1140622333E+03    0.9888671440E+02    0.1517551894E+02
    0.1204607667E+03    0.9722134022E+02    0.2323942644E+02
    0.1132415667E+03    0.9316105825E+02    0.2008050842E+02
    0.9731303333E+02    0.8835436145E+02    0.8958671883E+01
    0.8288196667E+02    0.8302679472E+02   -0.1448280543E+00
    0.8378776667E+02    0.7735975300E+02    0.6428013667E+01
    0.8411906667E+02    0.7444549974E+02    0.9673566926E+01
    0.8230160000E+02    0.7149831348E+02    0.1080328652E+02
    0.7972536667E+02    0.6555768310E+02    0.1416768357E+02
    0.1333271667E+03    0.1244224125E+03    0.8904754162E+01
    0.1177511000E+03    0.1177128938E+03    0.3820620699E-01
    0.1165381667E+03    0.1141834195E+03    0.2354747200E+01
    0.1148520667E+03    0.1105696691E+03    0.4282397552E+01
    0.1043592000E+03    0.1031713333E+03    0.1187866680E+01
    0.9885580000E+02    0.9566089026E+02    0.3194909737E+01
    0.8333353333E+02    0.8815183102E+02   -0.4818297691E+01
    0.8251083333E+02    0.8073321323E+02    0.1777620100E+01
    0.8228193333E+02    0.7708002929E+02    0.5201904042E+01
    0.8122306667E+02    0.7347390800E+02    0.7749158669E+01
    0.7805130000E+02    0.6642615186E+02    0.1162514814E+02
    0.7565850000E+02    0.6979157710E+02    0.5866922899E+01
    0.7168876667E+02    0.6870169520E+02    0.2987071467E+01
    0.6902210000E+02    0.6815322583E+02    0.8688741711E+00
    0.6723246667E+02    0.6760237697E+02   -0.3699103071E+00
    0.6564466667E+02    0.6649345759E+02   -0.8487909271E+00
    0.6465190000E+02    0.6537476787E+02   -0.7228678730E+00
    0.6549303333E+02    0.6424613411E+02    0.1246899220E+01
    0.6527446667E+02    0.6310737794E+02    0.2167088724E+01
    0.6491693333E+02    0.6253414689E+02    0.2382786441E+01
    0.6509713333E+02    0.6195831615E+02    0.3138817187E+01
    0.6360703333E+02    0.6079876049E+02    0.2808272844E+01
    0.1331329333E+03    0.1219013746E+03    0.1123155875E+02
    0.1303768667E+03    0.1197238185E+03    0.1065304820E+02
    0.1275528667E+03    0.1186298667E+03    0.8922999982E+01
    0.1131955333E+03    0.1175324365E+03   -0.4336903176E+01
    0.1089584667E+03    0.1153270520E+03   -0.6368585345E+01
    0.1032596000E+03    0.1131074849E+03   -0.9847884881E+01
    0.1006016333E+03    0.1108735515E+03   -0.1027191819E+02
    0.9690393333E+02    0.1086250647E+03   -0.1172113141E+02
    0.9634486667E+02    0.1074953043E+03   -0.1115043766E+02
    0.9517810000E+02    0.1063618337E+03   -0.1118373369E+02
    0.9246266667E+02    0.1040836637E+03   -0.1162099704E+02
    0.1244155333E+03    0.1247118126E+03   -0.2962792637E+00
    0.1249338000E+03    0.1253571381E+03   -0.4233381190E+00
    0.1282895000E+03    0.1256793490E+03    0.2610151029E+01
    0.1282394333E+03    0.1260012593E+03    0.2238174033E+01
    0.1238324333E+03    0.1266441806E+03   -0.2811747294E+01
    0.1230619333E+03    0.1272859066E+03   -0.4223973230E+01
    0.1256808333E+03    0.1279264415E+03   -0.2245608210E+01
    0.1205031000E+03    0.1285657900E+03   -0.8062689981E+01
    0.1237962000E+03    0.1288850206E+03   -0.5088820618E+01
    0.1263286333E+03    0.1292039563E+03   -0.2875322930E+01
    0.1243047333E+03    0.1298409448E+03   -0.5536211421E+01
    0.9942550000E+02    0.1047686950E+03   -0.5343195021E+01
    0.1039796667E+03    0.1077215524E+03   -0.3741885782E+01
    0.1065988000E+03    0.1091885612E+03   -0.2589761194E+01
    0.1094606333E+03    0.1106493609E+03   -0.1188727532E+01
    0.1100665000E+03    0.1135525417E+03   -0.3486041679E+01
    0.1137924333E+03    0.1164315058E+03   -0.2639072419E+01
    0.1200650667E+03    0.1192866538E+03    0.7784129153E+00
    0.1181213667E+03    0.1221183765E+03   -0.3997009812E+01
    0.1254120333E+03    0.1235255729E+03    0.1886460459E+01
    0.1295430000E+03    0.1249270552E+03    0.4615944802E+01
    0.1281758000E+03    0.1277130619E+03    0.4627380614E+00
    0.1324569000E+03    0.1231207860E+03    0.9336114031E+01
    0.1310257333E+03    0.1203053703E+03    0.1072036301E+02
    0.1248918667E+03    0.1183450243E+03    0.6546842369E+01
    0.1208332667E+03    0.1160837326E+03    0.4749534064E+01
    0.1109500000E+03    0.1108303491E+03    0.1196509447E+00
    0.9142540000E+02    0.1048462639E+03   -0.1342086387E+02
    0.8069620000E+02    0.9837264610E+02   -0.1767644610E+02
    0.9159523333E+02    0.9160178383E+02   -0.6550494010E-02
    0.8447216667E+02    0.8815384784E+02   -0.3681681172E+01
    0.7063323333E+02    0.8468603429E+02   -0.1405280096E+02
    0.6796646667E+02    0.7774513370E+02   -0.9778667032E+01
    0.9883910000E+02    0.1058835940E+03   -0.7044494024E+01
    0.1059929000E+03    0.1070983892E+03   -0.1105489188E+01
    0.1099493000E+03    0.1068398528E+03    0.3109447158E+01
    0.1138922667E+03    0.1061002571E+03    0.7792009607E+01
    0.1143839667E+03    0.1034223971E+03    0.1096156955E+02
    0.1074090000E+03    0.9949203591E+02    0.7916964092E+01
    0.1007096000E+03    0.9465115761E+02    0.6058442385E+01
    0.9387423333E+02    0.8917294493E+02    0.4701288400E+01
    0.7960966667E+02    0.8626468069E+02   -0.6655014028E+01
    0.7212493333E+02    0.8327490470E+02   -0.1114997136E+02
    0.7295700000E+02    0.7712940624E+02   -0.4172406243E+01
    0.1322593000E+03    0.1281117282E+03    0.4147571781E+01
    0.1247315333E+03    0.1241500277E+03    0.5815056111E+00
    0.1265596000E+03    0.1217026921E+03    0.4856907851E+01
    0.1238607000E+03    0.1190043134E+03    0.4856386640E+01
    0.1190111667E+03    0.1130072573E+03    0.6003909347E+01
    0.1090786333E+03    0.1064261876E+03    0.2652445729E+01
    0.1036082667E+03    0.9947498289E+02    0.4133283772E+01
    0.9512590000E+02    0.9232377402E+02    0.2802125979E+01
    0.8489250000E+02    0.8871635547E+02   -0.3823855471E+01
    0.7258806667E+02    0.8510688142E+02   -0.1251881476E+02
    0.7170470000E+02    0.7792932632E+02   -0.6224626324E+01
