	 Y 	 Y_pred 	 diff
    0.7301306667E+02    0.8086428195E+02   -0.7851215287E+01
    0.1115410667E+03    0.1042113899E+03    0.7329676724E+01
    0.1163904667E+03    0.1106088512E+03    0.5781615473E+01
    0.8049570000E+02    0.9176103698E+02   -0.1126533698E+02
    0.7687850000E+02    0.9020096968E+02   -0.1332246968E+02
    0.1124396667E+03    0.1041279944E+03    0.8311672260E+01
    0.1151615000E+03    0.1104448795E+03    0.4716620460E+01
    0.1120797667E+03    0.1136421941E+03   -0.1562427418E+01
    0.1183827000E+03    0.1187059032E+03   -0.3232032436E+00
    0.1263473667E+03    0.1183942918E+03    0.7953074909E+01
    0.1167774333E+03    0.1214940021E+03   -0.4716568752E+01
    0.1183212333E+03    0.1236918630E+03   -0.5370629631E+01
    0.6767893333E+02    0.6884664932E+02   -0.1167715982E+01
    0.6924846667E+02    0.7259844753E+02   -0.3349980860E+01
    0.1178638333E+03    0.1230936741E+03   -0.5229840760E+01
    0.1260300667E+03    0.1258376696E+03    0.1923970477E+00
    0.6395140000E+02    0.7443453221E+02   -0.1048313221E+02
    0.7548660000E+02    0.7975309873E+02   -0.4266498731E+01
    0.7241710000E+02    0.8263071148E+02   -0.1021361148E+02
    0.1167479333E+03    0.1000870438E+03    0.1666088957E+02
    0.1084637000E+03    0.1186562339E+03   -0.1019253393E+02
    0.1173802333E+03    0.1065342501E+03    0.1084598323E+02
    0.1055167333E+03    0.1040126837E+03    0.1504049665E+01
    0.1077780667E+03    0.1105079866E+03   -0.2729919938E+01
    0.9370783333E+02    0.9209454667E+02    0.1613286662E+01
    0.8791373333E+02    0.9049361683E+02   -0.2579883501E+01
    0.1162208000E+03    0.9843045875E+02    0.1779034125E+02
    0.1175302333E+03    0.1156169716E+03    0.1913261709E+01
    0.1218277333E+03    0.1049765165E+03    0.1685121688E+02
    0.1233274667E+03    0.1063341312E+03    0.1699333546E+02
    0.1119479000E+03    0.1150536599E+03   -0.3105759873E+01
    0.1160802000E+03    0.1115595954E+03    0.4520604596E+01
    0.1068349333E+03    0.1023016582E+03    0.4533275105E+01
    0.1127276667E+03    0.1088128739E+03    0.3914792782E+01
    0.1130756000E+03    0.1106357140E+03    0.2439885998E+01
    0.1132335667E+03    0.1158647391E+03   -0.2631172385E+01
    0.1026179667E+03    0.1098704835E+03   -0.7252516786E+01
    0.1001382000E+03    0.1054886586E+03   -0.5350458598E+01
    0.1001710667E+03    0.1051537726E+03   -0.4982705913E+01
    0.9148953333E+02    0.1082411766E+03   -0.1675164325E+02
    0.9892276667E+02    0.1096168740E+03   -0.1069410730E+02
    0.9586320000E+02    0.1121200794E+03   -0.1625687940E+02
    0.6868523333E+02    0.7155461514E+02   -0.2869381810E+01
    0.7368413333E+02    0.7536527448E+02   -0.1681141150E+01
    0.1155646000E+03    0.1179383914E+03   -0.2373791394E+01
    0.1181048000E+03    0.1205765603E+03   -0.2471760304E+01
    0.1175400000E+03    0.1203315019E+03   -0.2791501939E+01
    0.7083120000E+02    0.7345958185E+02   -0.2628381852E+01
    0.1189540667E+03    0.1233159877E+03   -0.4361920995E+01
    0.7171576667E+02    0.7866928002E+02   -0.6953513352E+01
    0.1173187667E+03    0.1235180221E+03   -0.6199255448E+01
    0.1177421333E+03    0.1262249897E+03   -0.8482856335E+01
    0.7212726667E+02    0.7692323668E+02   -0.4795970017E+01
    0.6982910000E+02    0.8223218180E+02   -0.1240308180E+02
    0.7875026667E+02    0.8437041547E+02   -0.5620148803E+01
    0.9753893333E+02    0.9532841416E+02    0.2210519171E+01
    0.9081230000E+02    0.9372637676E+02   -0.2914076756E+01
    0.1104217667E+03    0.1234032502E+03   -0.1298148352E+02
    0.6689893333E+02    0.7226958220E+02   -0.5370648863E+01
    0.7034353333E+02    0.7637846972E+02   -0.6034936387E+01
    0.1323314333E+03    0.1255954233E+03    0.6736010039E+01
    0.1293472000E+03    0.1187418116E+03    0.1060538845E+02
    0.1163718000E+03    0.1150051799E+03    0.1366620143E+01
    0.1096154000E+03    0.1111090151E+03   -0.1493615055E+01
    0.9314260000E+02    0.1029582514E+03   -0.9815651412E+01
    0.8257986667E+02    0.9449988273E+02   -0.1192001606E+02
    0.7522936667E+02    0.8590214153E+02   -0.1067277486E+02
    0.7383243333E+02    0.7729839499E+02   -0.3465961657E+01
    0.7589846667E+02    0.7302792469E+02    0.2870541977E+01
    0.7789620000E+02    0.6879319884E+02    0.9103001162E+01
    0.7840820000E+02    0.6046734631E+02    0.1794085369E+02
    0.1073171667E+03    0.1106710488E+03   -0.3353882096E+01
    0.1140277000E+03    0.1086313696E+03    0.5396330440E+01
    0.1140622333E+03    0.1069533861E+03    0.7108847277E+01
    0.1204607667E+03    0.1049125230E+03    0.1554824367E+02
    0.1132415667E+03    0.9993677662E+02    0.1330479004E+02
    0.9731303333E+02    0.9404632263E+02    0.3266710698E+01
    0.8288196667E+02    0.8751755912E+02   -0.4635592450E+01
    0.8378776667E+02    0.8057277980E+02    0.3214986868E+01
    0.8411906667E+02    0.7700145515E+02    0.7117611514E+01
    0.8230160000E+02    0.7338977216E+02    0.8911827838E+01
    0.7972536667E+02    0.6610971865E+02    0.1361564802E+02
    0.1333271667E+03    0.1318119591E+03    0.1515207611E+01
    0.1177511000E+03    0.1244013551E+03   -0.6650255142E+01
    0.1165381667E+03    0.1204819455E+03   -0.3943778880E+01
    0.1148520667E+03    0.1164592584E+03   -0.1607191698E+01
    0.1043592000E+03    0.1082045310E+03   -0.3845331031E+01
    0.9885580000E+02    0.9981241982E+02   -0.9566198152E+00
    0.8333353333E+02    0.9142200442E+02   -0.8088471092E+01
    0.8251083333E+02    0.8314242215E+02   -0.6315888173E+00
    0.8228193333E+02    0.7907141036E+02    0.3210522975E+01
    0.8122306667E+02    0.7505807234E+02    0.6164994323E+01
    0.7805130000E+02    0.6723296922E+02    0.1081833078E+02
    0.7565850000E+02    0.7053515509E+02    0.5123344908E+01
    0.7168876667E+02    0.7005293983E+02    0.1635826832E+01
    0.6902210000E+02    0.6980750824E+02   -0.7854082393E+00
    0.6723246667E+02    0.6955916066E+02   -0.2326693995E+01
    0.6564466667E+02    0.6905361558E+02   -0.3408948914E+01
    0.6465190000E+02    0.6853609726E+02   -0.3884197258E+01
    0.6549303333E+02    0.6800639283E+02   -0.2513359498E+01
    0.6527446667E+02    0.6746428371E+02   -0.2189817046E+01
    0.6491693333E+02    0.6718850747E+02   -0.2271574134E+01
    0.6509713333E+02    0.6690954538E+02   -0.1812412044E+01
    0.6360703333E+02    0.6634194715E+02   -0.2734913816E+01
    0.1331329333E+03    0.1195529453E+03    0.1357998802E+02
    0.1303768667E+03    0.1168844196E+03    0.1349244709E+02
    0.1275528667E+03    0.1155438165E+03    0.1200905019E+02
    0.1131955333E+03    0.1141989507E+03   -0.1003417376E+01
    0.1089584667E+03    0.1114963222E+03   -0.2537855511E+01
    0.1032596000E+03    0.1087763133E+03   -0.5516713279E+01
    0.1006016333E+03    0.1060386990E+03   -0.5437065689E+01
    0.9690393333E+02    0.1032832500E+03   -0.6379316686E+01
    0.9634486667E+02    0.1018987646E+03   -0.5553897907E+01
    0.9517810000E+02    0.1005097324E+03   -0.5331632370E+01
    0.9246266667E+02    0.9771790754E+02   -0.5255240873E+01
    0.1244155333E+03    0.1241708811E+03    0.2446522074E+00
    0.1249338000E+03    0.1242506294E+03    0.6831705528E+00
    0.1282895000E+03    0.1242899498E+03    0.3999550192E+01
    0.1282394333E+03    0.1243289019E+03    0.3910531446E+01
    0.1238324333E+03    0.1244057039E+03   -0.5732706113E+00
    0.1230619333E+03    0.1244810411E+03   -0.1419107754E+01
    0.1256808333E+03    0.1245549188E+03    0.1125914581E+01
    0.1205031000E+03    0.1246273423E+03   -0.4124242346E+01
    0.1237962000E+03    0.1246630105E+03   -0.8668105486E+00
    0.1263286333E+03    0.1246983172E+03    0.1630316086E+01
    0.1243047333E+03    0.1247678488E+03   -0.4631154693E+00
    0.9942550000E+02    0.1050617411E+03   -0.5636241080E+01
    0.1039796667E+03    0.1079322789E+03   -0.3952612193E+01
    0.1065988000E+03    0.1093560039E+03   -0.2757203878E+01
    0.1094606333E+03    0.1107721199E+03   -0.1311486540E+01
    0.1100665000E+03    0.1135817805E+03   -0.3515280544E+01
    0.1137924333E+03    0.1163617644E+03   -0.2569331036E+01
    0.1200650667E+03    0.1191125624E+03    0.9525043140E+00
    0.1181213667E+03    0.1218346534E+03   -0.3713286745E+01
    0.1254120333E+03    0.1231850803E+03    0.2226953035E+01
    0.1295430000E+03    0.1245285048E+03    0.5014495228E+01
    0.1281758000E+03    0.1271945723E+03    0.9812276570E+00
    0.1324569000E+03    0.1251857388E+03    0.7271161224E+01
    0.1310257333E+03    0.1210038713E+03    0.1002186200E+02
    0.1248918667E+03    0.1182356971E+03    0.6656169582E+01
    0.1208332667E+03    0.1150987235E+03    0.5734543178E+01
    0.1109500000E+03    0.1079292040E+03    0.3020796043E+01
    0.9142540000E+02    0.9986423281E+02   -0.8438832815E+01
    0.8069620000E+02    0.9119935507E+02   -0.1050315507E+02
    0.9159523333E+02    0.8217021364E+02    0.9425019691E+01
    0.8447216667E+02    0.7757904522E+02    0.6893121446E+01
    0.7063323333E+02    0.7296351748E+02   -0.2330284150E+01
    0.6796646667E+02    0.6372599950E+02    0.4240467163E+01
    0.9883910000E+02    0.1106965898E+03   -0.1185748978E+02
    0.1059929000E+03    0.1114075447E+03   -0.5414644669E+01
    0.1099493000E+03    0.1107018476E+03   -0.7525476392E+00
    0.1138922667E+03    0.1094066276E+03    0.4485639092E+01
    0.1143839667E+03    0.1053472575E+03    0.9036709181E+01
    0.1074090000E+03    0.9975298695E+02    0.7656013052E+01
    0.1007096000E+03    0.9304290669E+02    0.7666693306E+01
    0.9387423333E+02    0.8555179342E+02    0.8322439909E+01
    0.7960966667E+02    0.8159893917E+02   -0.1989272501E+01
    0.7212493333E+02    0.7754619484E+02   -0.5421261511E+01
    0.7295700000E+02    0.6923734409E+02    0.3719655907E+01
    0.1322593000E+03    0.1325670827E+03   -0.3077826713E+00
    0.1247315333E+03    0.1277121448E+03   -0.2980611431E+01
    0.1265596000E+03    0.1247130129E+03    0.1846587113E+01
    0.1238607000E+03    0.1214062355E+03    0.2454464464E+01
    0.1190111667E+03    0.1140570342E+03    0.4954132497E+01
    0.1090786333E+03    0.1059921426E+03    0.3086490707E+01
    0.1036082667E+03    0.9747366242E+02    0.6134604243E+01
    0.9512590000E+02    0.8871008348E+02    0.6415816518E+01
    0.8489250000E+02    0.8428930683E+02    0.6031931722E+00
    0.7258806667E+02    0.7986601123E+02   -0.7277944558E+01
    0.7170470000E+02    0.7107014582E+02    0.6345541758E+00
