     Index       y_measurement           y_fitting        descriptor_1
         1    0.1119034582E+03    0.1037788048E+03    0.3201998874E+03
         2    0.5781486579E+02    0.5506323512E+02    0.2288181221E+03
         3    0.6377679169E+02    0.6479636711E+02    0.2470757508E+03
         4    0.9817976135E+02    0.8831884877E+02    0.2911997529E+03
         5    0.5573694755E+02    0.5697848859E+02    0.2324107978E+03
         6    0.6345732320E+02    0.6660215026E+02    0.2504630796E+03
         7    0.4895849377E+02    0.4607419605E+02    0.2119562797E+03
         8    0.4348442747E+02    0.5421360316E+02    0.2272243633E+03
         9    0.3917125463E+02    0.4084660292E+02    0.2021502425E+03
        10    0.4077056391E+02    0.4356729435E+02    0.2072537769E+03
        11    0.1156620276E+03    0.1078502474E+03    0.3278371913E+03
        12    0.1322564577E+03    0.1287778025E+03    0.3670935717E+03
        13    0.4295367200E+02    0.3238370210E+02    0.1862753421E+03
        14    0.4050309916E+02    0.3526279870E+02    0.1916760165E+03
        15    0.1066234624E+03    0.8980289995E+02    0.2939835696E+03
        16    0.1218090654E+03    0.1134848573E+03    0.3384067197E+03
        17    0.1166603165E+03    0.1115784307E+03    0.3348306018E+03
        18    0.5656963783E+02    0.6696204714E+02    0.2511381823E+03
        19    0.4232796680E+02    0.3467775430E+02    0.1905785770E+03
        20    0.6493284567E+02    0.7635950762E+02    0.2687661508E+03
        21    0.6554370379E+02    0.6155457186E+02    0.2409947181E+03
        22    0.7208525840E+02    0.7127222675E+02    0.2592233145E+03
        23    0.9788397509E+02    0.1028389369E+03    0.3184368619E+03
        24    0.9754851806E+02    0.9921315220E+02    0.3116355332E+03
        25    0.5888624772E+02    0.7009694544E+02    0.2570186953E+03
        26    0.3852234119E+02    0.3724209427E+02    0.1953888238E+03
        27    0.6380085368E+02    0.7948717715E+02    0.2746331039E+03
        28    0.4197241641E+02    0.3869057369E+02    0.1981059142E+03
        29    0.5677301169E+02    0.6582810808E+02    0.2490111138E+03
        30    0.6496802097E+02    0.6660215026E+02    0.2504630796E+03
        31    0.6979480419E+02    0.7620312359E+02    0.2684728021E+03
        32    0.5481318806E+02    0.5509094813E+02    0.2288701068E+03
        33    0.6029149555E+02    0.6109024106E+02    0.2401237159E+03
        34    0.6830351287E+02    0.7162204624E+02    0.2598795138E+03
        35    0.6014871550E+02    0.5854664399E+02    0.2353523791E+03
        36    0.5341138887E+02    0.4762145912E+02    0.2148586707E+03
        37    0.6068008934E+02    0.5713939533E+02    0.2327126303E+03
        38    0.6555221939E+02    0.5984756106E+02    0.2377926687E+03
        39    0.1166313876E+03    0.1120423576E+03    0.3357008462E+03
        40    0.4292238571E+02    0.4512193643E+02    0.2101700096E+03
        41    0.3499053213E+02    0.3508949932E+02    0.1913509376E+03
        42    0.4434460389E+02    0.4781096617E+02    0.2152141523E+03
        43    0.1048738256E+03    0.9596694897E+02    0.3055462319E+03
        44    0.3601177755E+02    0.2739138175E+02    0.1769106349E+03
        45    0.1256431161E+03    0.1193658554E+03    0.3494384288E+03
        46    0.4500912398E+02    0.3526279870E+02    0.1916760165E+03
        47    0.4815536762E+02    0.3813955356E+02    0.1970722982E+03
        48    0.1038482190E+03    0.9375771487E+02    0.3014021007E+03
        49    0.1281946021E+03    0.1174209253E+03    0.3457900850E+03
        50    0.9355975646E+02    0.8586665054E+02    0.2865998641E+03
        51    0.9368174085E+02    0.8210698931E+02    0.2795474067E+03
        52    0.5967295456E+02    0.4359783583E+02    0.2073110673E+03
        53    0.1165733788E+03    0.1054911572E+03    0.3234119567E+03
        54    0.1331123282E+03    0.1266565823E+03    0.3631145388E+03
        55    0.2632643497E+02    0.4071538960E+02    0.2019041096E+03
        56    0.2911030054E+02    0.4769517142E+02    0.2149969419E+03
        57    0.4146923460E+02    0.5130441443E+02    0.2217672414E+03
        58    0.4958492797E+02    0.5499477768E+02    0.2286897081E+03
        59    0.6671768541E+02    0.6262358656E+02    0.2430000000E+03
        60    0.7983276551E+02    0.7059115055E+02    0.2579457364E+03
        61    0.8885745041E+02    0.7890720087E+02    0.2735451713E+03
        62    0.9558693600E+02    0.8758165139E+02    0.2898169014E+03
        63    0.9586478718E+02    0.9205642582E+02    0.2982107843E+03
        64    0.9672791808E+02    0.9662460301E+02    0.3067798742E+03
        65    0.1025991163E+03    0.1060463482E+03    0.3244533965E+03
        66    0.6056238656E+02    0.5974266462E+02    0.2375959016E+03
        67    0.5877006947E+02    0.6570905822E+02    0.2487877974E+03
        68    0.5965694308E+02    0.6872618457E+02    0.2544473911E+03
        69    0.5640091467E+02    0.7176454266E+02    0.2601468118E+03
        70    0.6447432788E+02    0.7790058130E+02    0.2716569316E+03
        71    0.7910835546E+02    0.8410807244E+02    0.2833010836E+03
        72    0.9637614321E+02    0.9669809376E+02    0.3069177298E+03
        73    0.9738927426E+02    0.9987440739E+02    0.3128759306E+03
        74    0.9929422704E+02    0.1030594654E+03    0.3188505343E+03
        75    0.1053096570E+03    0.1094499418E+03    0.3308379343E+03
        76    0.2584017448E+02    0.2867432601E+02    0.1793172107E+03
        77    0.4286544992E+02    0.3643688704E+02    0.1938783979E+03
        78    0.4572791662E+02    0.4048415921E+02    0.2014703624E+03
        79    0.4914067848E+02    0.4464461122E+02    0.2092746322E+03
        80    0.6067555305E+02    0.5331267131E+02    0.2255343750E+03
        81    0.6733571392E+02    0.6245639895E+02    0.2426863857E+03
        82    0.8475483777E+02    0.7209128150E+02    0.2607597159E+03
        83    0.9094232811E+02    0.8223295874E+02    0.2797837030E+03
        84    0.9342154533E+02    0.8749877361E+02    0.2896614374E+03
        85    0.9610191643E+02    0.9289721952E+02    0.2997879641E+03
        86    0.1039844407E+03    0.1040999990E+03    0.3208023908E+03
        87    0.1371480612E+03    0.1481427639E+03    0.4034188034E+03
        88    0.1366336255E+03    0.1445645860E+03    0.3967067764E+03
        89    0.1367350903E+03    0.1427746471E+03    0.3933491686E+03
        90    0.1362592133E+03    0.1409841412E+03    0.3899904973E+03
        91    0.1344648149E+03    0.1374014275E+03    0.3832699620E+03
        92    0.1317766937E+03    0.1338164426E+03    0.3765451664E+03
        93    0.1287616307E+03    0.1302291844E+03    0.3698161065E+03
        94    0.1271803418E+03    0.1266396508E+03    0.3630827783E+03
        95    0.1262177758E+03    0.1248440300E+03    0.3597145123E+03
        96    0.1228725759E+03    0.1194537484E+03    0.3496033005E+03
        97    0.3359039622E+02    0.3901426203E+02    0.1987130961E+03
        98    0.4129513778E+02    0.4000696706E+02    0.2005752346E+03
        99    0.4998604832E+02    0.4397478353E+02    0.2080181543E+03
       100    0.5277935237E+02    0.4595689146E+02    0.2117362371E+03
       101    0.5611450524E+02    0.4793780072E+02    0.2154520714E+03
       102    0.5615313588E+02    0.4892780613E+02    0.2173091459E+03
       103    0.5781327978E+02    0.4991751226E+02    0.2191656590E+03
       104    0.5965727763E+02    0.5189602726E+02    0.2228770021E+03
       105    0.2919065394E+02    0.3287363884E+02    0.1871943765E+03
       106    0.2326547267E+02    0.3107664207E+02    0.1838235294E+03
       107    0.2253675731E+02    0.3046721285E+02    0.1826803483E+03
       108    0.2456282289E+02    0.2923229659E+02    0.1803638645E+03
       109    0.2308806005E+02    0.2797549574E+02    0.1780063291E+03
       110    0.2267877177E+02    0.2669622336E+02    0.1756066411E+03
       111    0.2578843305E+02    0.2539387135E+02    0.1731636598E+03
       112    0.2337586858E+02    0.2473384438E+02    0.1719255663E+03
       113    0.2450184071E+02    0.2271738410E+02    0.1681430446E+03
       114    0.5348496578E+02    0.4783122406E+02    0.2152521525E+03
       115    0.5034060812E+02    0.4628686686E+02    0.2123552124E+03
       116    0.4661720364E+02    0.4472861373E+02    0.2094322060E+03
       117    0.4446999058E+02    0.4156966294E+02    0.2035065748E+03
       118    0.3957606325E+02    0.3835282304E+02    0.1974723539E+03
       119    0.3452159350E+02    0.3507648796E+02    0.1913265306E+03
       120    0.3332059993E+02    0.3173899182E+02    0.1850659800E+03
       121    0.2705301994E+02    0.3004677068E+02    0.1818916734E+03
       122    0.2419926750E+02    0.2833860593E+02    0.1786874594E+03
       123    0.2604492204E+02    0.2487353573E+02    0.1721876025E+03
       124    0.2880918270E+02    0.4283467831E+02    0.2058795192E+03
       125    0.3504358803E+02    0.5220690133E+02    0.2234601467E+03
       126    0.4875284720E+02    0.6219064369E+02    0.2421878760E+03
       127    0.6092121335E+02    0.7281452880E+02    0.2621163995E+03
       128    0.8402862800E+02    0.8410807244E+02    0.2833010836E+03
       129    0.1047424560E+03    0.1088267773E+03    0.3296689881E+03
       130    0.1134858481E+03    0.1154736664E+03    0.3421373728E+03
       131    0.1282697765E+03    0.1223156093E+03    0.3549716437E+03
       132    0.1359182557E+03    0.1366014828E+03    0.3817694077E+03
       133    0.6693454681E+02    0.6185039009E+02    0.2415496206E+03
       134    0.6904760257E+02    0.7451569561E+02    0.2653074866E+03
       135    0.6988379938E+02    0.7892957238E+02    0.2735871363E+03
       136    0.7595481374E+02    0.8805390703E+02    0.2907027692E+03
       137    0.8630026423E+02    0.9758321095E+02    0.3085780526E+03
       138    0.9652639442E+02    0.1075291036E+03    0.3272347826E+03
       139    0.1104302259E+03    0.1179034223E+03    0.3466951638E+03
       140    0.1236164255E+03    0.1232550013E+03    0.3567337764E+03
       141    0.1322700957E+03    0.1287182268E+03    0.3669818182E+03
       142    0.1360948904E+03    0.1399858048E+03    0.3881177953E+03
       143    0.3130959377E+02    0.3097360872E+02    0.1836302571E+03
       144    0.4308292970E+02    0.4128757496E+02    0.2029774278E+03
       145    0.4437180400E+02    0.4670896445E+02    0.2131469926E+03
       146    0.5059350036E+02    0.5231122847E+02    0.2236558459E+03
       147    0.6152011377E+02    0.6407231382E+02    0.2457175553E+03
       148    0.7558678816E+02    0.7659890105E+02    0.2692152104E+03
       149    0.8754089957E+02    0.8991937808E+02    0.2942020619E+03
       150    0.1047380597E+03    0.1040624437E+03    0.3207319436E+03
       151    0.1165991300E+03    0.1114514988E+03    0.3345925000E+03
       152    0.1287812479E+03    0.1190571005E+03    0.3488592593E+03
       153    0.1352458823E+03    0.1349326482E+03    0.3786389701E+03
