     Index       y_measurement           y_fitting        descriptor_1        descriptor_2        descriptor_3
         1    0.1859265000E+03    0.1846055562E+03    0.7281974093E-01    0.9451029768E-02    0.1387458262E+00
         2    0.1804731333E+03    0.1756586178E+03    0.6414336277E-01    0.1715593677E-01    0.1333861559E+00
         3    0.1790078333E+03    0.1810734341E+03    0.6928787259E-01    0.1644027754E-01    0.1415833300E+00
         4    0.1687353667E+03    0.1666379970E+03    0.4628257597E-01    0.2238410935E-01    0.1964946855E+00
         5    0.1611783000E+03    0.1660108043E+03    0.4315489095E-01    0.1295069903E-01    0.2053810727E+00
         6    0.1691650000E+03    0.1698072383E+03    0.5519010889E-01    0.1039330749E-01    0.1431643001E+00
         7    0.1712258333E+03    0.1602772193E+03    0.4904554222E-01    0.7829243759E-01    0.1755889764E+00
         8    0.1561954667E+03    0.1622744582E+03    0.4092708088E-01    0.6260462784E-02    0.1819006009E+00
         9    0.1592324667E+03    0.1630993978E+03    0.4687406061E-01    0.5603040791E-02    0.1422565475E+00
        10    0.1832511000E+03    0.1808062267E+03    0.6476168891E-01    0.6009237316E-02    0.1636147135E+00
        11    0.2009755333E+03    0.1992799660E+03    0.9331538618E-01    0.4217551291E-02    0.1063420908E+00
        12    0.1616570333E+03    0.1678460894E+03    0.3930081790E-01    0.7734856743E-02    0.2466807013E+00
        13    0.1669711667E+03    0.1663959015E+03    0.4598841138E-01    0.6744662588E-02    0.1802676571E+00
        14    0.1706844000E+03    0.1656211072E+03    0.5551129184E-01    0.9560521327E-01    0.1916473002E+00
        15    0.1991815333E+03    0.1913805933E+03    0.9153750489E-01    0.5981415229E-01    0.1066142494E+00
        16    0.1909834333E+03    0.1897842838E+03    0.7926949401E-01    0.8099360927E-02    0.1339445558E+00
        17    0.1512805667E+03    0.1460053625E+03    0.4448511187E-01    0.0000000000E+00    0.0000000000E+00
        18    0.1839162333E+03    0.1793175562E+03    0.6833455626E-01    0.1343871577E-01    0.1299663637E+00
        19    0.1709626667E+03    0.1709207590E+03    0.5359817788E-01    0.1843757084E-01    0.1740953114E+00
        20    0.1785912667E+03    0.1810430506E+03    0.7072225392E-01    0.1443089306E-01    0.1280085585E+00
        21    0.1928013333E+03    0.1881771170E+03    0.7838650524E-01    0.1308578899E-01    0.1314671064E+00
        22    0.1867098667E+03    0.1846776822E+03    0.7335326538E-01    0.1390527123E-01    0.1398841021E+00
        23    0.1737680667E+03    0.1713214923E+03    0.5558400802E-01    0.1531589457E-01    0.1589636481E+00
        24    0.1572136333E+03    0.1486254219E+03    0.4752858619E-01    0.0000000000E+00    0.0000000000E+00
        25    0.1860203333E+03    0.1810634687E+03    0.7099081262E-01    0.1248514779E-01    0.1240651354E+00
        26    0.1708858333E+03    0.1690952379E+03    0.5248778829E-01    0.8446554664E-02    0.1557759796E+00
        27    0.1549359333E+03    0.1485855085E+03    0.4748222260E-01    0.0000000000E+00    0.0000000000E+00
        28    0.1731041667E+03    0.1749229933E+03    0.6278432628E-01    0.7312877343E-02    0.1270496230E+00
        29    0.1713224000E+03    0.1717733293E+03    0.5686519463E-01    0.1619577434E-01    0.1539759784E+00
        30    0.1816521000E+03    0.1822808669E+03    0.7320330779E-01    0.1304944987E-01    0.1184197838E+00
        31    0.1734750667E+03    0.1763981051E+03    0.6490744216E-01    0.7867955860E-02    0.1244303729E+00
        32    0.1717847667E+03    0.1738904610E+03    0.6551583171E-01    0.4687519474E-01    0.1376570711E+00
        33    0.1608787333E+03    0.1699839983E+03    0.5677626087E-01    0.3404739557E-02    0.1250849195E+00
        34    0.1612523333E+03    0.1731322316E+03    0.6200163009E-01    0.3212400600E-02    0.1126365177E+00
        35    0.1600181667E+03    0.1698189575E+03    0.5813684180E-01    0.3484960022E-02    0.1130465902E+00
        36    0.1622793333E+03    0.1734460029E+03    0.6355686957E-01    0.3283034235E-02    0.1034114353E+00
        37    0.1858246333E+03    0.1835921073E+03    0.6854234776E-01    0.5477272869E-02    0.1588067313E+00
        38    0.2034949000E+03    0.2025244679E+03    0.9627531981E-01    0.3956380231E-02    0.1123862072E+00
        39    0.1536179667E+03    0.1434697890E+03    0.4153977686E-01    0.0000000000E+00    0.0000000000E+00
        40    0.1608522333E+03    0.1657116249E+03    0.4926783610E-01    0.4879754827E-02    0.1465039561E+00
        41    0.1759193333E+03    0.1697366575E+03    0.5844813457E-01    0.8328310243E-01    0.1931811057E+00
        42    0.1560547000E+03    0.1426012886E+03    0.4053092236E-01    0.0000000000E+00    0.0000000000E+00
        43    0.1987726333E+03    0.1945694821E+03    0.9217141467E-01    0.5492829021E-01    0.1254898129E+00
        44    0.1635587333E+03    0.1676638833E+03    0.4342078932E-01    0.6700824302E-02    0.2117748645E+00
        45    0.1675417667E+03    0.1683849411E+03    0.4994595074E-01    0.5950167208E-02    0.1665760393E+00
        46    0.1769676000E+03    0.1697185114E+03    0.5951068051E-01    0.8587979492E-01    0.1874299603E+00
        47    0.1981880667E+03    0.1957074682E+03    0.9454871430E-01    0.5600062829E-01    0.1183675273E+00
        48    0.1906729667E+03    0.1862693261E+03    0.7472880843E-01    0.9947907572E-02    0.1394486925E+00
        49    0.1703275667E+03    0.1627334948E+03    0.4908658400E-01    0.9697450976E-01    0.2170544240E+00
        50    0.1836433333E+03    0.1817300969E+03    0.6599656566E-01    0.6190639534E-02    0.1625413306E+00
        51    0.2026154000E+03    0.2007715400E+03    0.9568005763E-01    0.4303265866E-02    0.1014957979E+00
        52    0.1474437667E+03    0.1425678297E+03    0.3990388966E-01    0.1895821408E+00    0.2025233435E+00
        53    0.1444144000E+03    0.1440264947E+03    0.4203255172E-01    0.1923595506E+00    0.2020317820E+00
        54    0.1424446000E+03    0.1447767873E+03    0.4311600000E-01    0.1937099917E+00    0.2017868950E+00
        55    0.1425005000E+03    0.1455409460E+03    0.4421219310E-01    0.1950358522E+00    0.2015426010E+00
        56    0.1435520000E+03    0.1471105577E+03    0.4644281379E-01    0.1976164680E+00    0.2010557831E+00
        57    0.1451082333E+03    0.1487347476E+03    0.4872441379E-01    0.2001064396E+00    0.2005713113E+00
        58    0.1438216667E+03    0.1504129736E+03    0.5105699310E-01    0.2025104603E+00    0.2000891687E+00
        59    0.1484104333E+03    0.1521447304E+03    0.5344055172E-01    0.2048329049E+00    0.1996093386E+00
        60    0.1513720667E+03    0.1530305342E+03    0.5465144828E-01    0.2059648228E+00    0.1993702855E+00
        61    0.1581912000E+03    0.1557669803E+03    0.5836060690E-01    0.2092491298E+00    0.1986565494E+00
        62    0.1667517667E+03    0.1620461773E+03    0.5861507797E-01    0.9781020074E-01    0.1372827695E+00
        63    0.1681840000E+03    0.1626665274E+03    0.5964154673E-01    0.1062002186E+00    0.1436536765E+00
        64    0.1664457333E+03    0.1629165141E+03    0.6009177211E-01    0.1106643182E+00    0.1470661393E+00
        65    0.1665557000E+03    0.1631249257E+03    0.6049851760E-01    0.1153234899E+00    0.1506446717E+00
        66    0.1636810000E+03    0.1634124771E+03    0.6117691034E-01    0.1252805318E+00    0.1583509173E+00
        67    0.1594275000E+03    0.1635197641E+03    0.6166698433E-01    0.1361911141E+00    0.1668880972E+00
        68    0.1582353333E+03    0.1634368824E+03    0.6195827739E-01    0.1481990995E+00    0.1763982645E+00
        69    0.1592605667E+03    0.1631535257E+03    0.6203953780E-01    0.1614788234E+00    0.1870578088E+00
        70    0.1604323000E+03    0.1629333782E+03    0.6199765517E-01    0.1686604388E+00    0.1928857405E+00
        71    0.1603847333E+03    0.1626591574E+03    0.6189864828E-01    0.1762436125E+00    0.1990884977E+00
        72    0.1618017000E+03    0.1619433281E+03    0.6152254118E-01    0.1927573320E+00    0.2127730729E+00
        73    0.1440166667E+03    0.1429089713E+03    0.3828870872E-01    0.2580892501E+00    0.2897548437E+00
        74    0.1460779667E+03    0.1443991281E+03    0.4233919315E-01    0.2469352014E+00    0.2599962381E+00
        75    0.1470341667E+03    0.1450010502E+03    0.4369901761E-01    0.2436333923E+00    0.2513900909E+00
        76    0.1457263333E+03    0.1463328189E+03    0.4643217276E-01    0.2375548104E+00    0.2357809022E+00
        77    0.1445851667E+03    0.1494084059E+03    0.5194839736E-01    0.2271455224E+00    0.2097353374E+00
        78    0.1490260000E+03    0.1511091001E+03    0.5472934279E-01    0.2226549460E+00    0.1987574548E+00
        79    0.1516397333E+03    0.1519929644E+03    0.5612510318E-01    0.2205602393E+00    0.1936884727E+00
        80    0.1536641667E+03    0.1528969873E+03    0.5752424181E-01    0.2185571398E+00    0.1888716128E+00
        81    0.1577903667E+03    0.1547599023E+03    0.6033224010E-01    0.2148027322E+00    0.1799225837E+00
        82    0.2001243000E+03    0.1975327404E+03    0.1043395753E+00    0.0000000000E+00    0.0000000000E+00
        83    0.1944439000E+03    0.1938280332E+03    0.1000361686E+00    0.0000000000E+00    0.0000000000E+00
        84    0.1912783000E+03    0.1919565253E+03    0.9786221556E-01    0.0000000000E+00    0.0000000000E+00
        85    0.1883374667E+03    0.1900717999E+03    0.9567290896E-01    0.0000000000E+00    0.0000000000E+00
        86    0.1835913333E+03    0.1862612803E+03    0.9124659004E-01    0.0000000000E+00    0.0000000000E+00
        87    0.1784214667E+03    0.1823935132E+03    0.8675377220E-01    0.0000000000E+00    0.0000000000E+00
        88    0.1746948000E+03    0.1784653183E+03    0.8219076108E-01    0.0000000000E+00    0.0000000000E+00
        89    0.1720329333E+03    0.1744732751E+03    0.7755358346E-01    0.0000000000E+00    0.0000000000E+00
        90    0.1702934000E+03    0.1724521702E+03    0.7520585781E-01    0.0000000000E+00    0.0000000000E+00
        91    0.1691501333E+03    0.1704137001E+03    0.7283796051E-01    0.0000000000E+00    0.0000000000E+00
        92    0.1641192000E+03    0.1662826207E+03    0.6803927779E-01    0.0000000000E+00    0.0000000000E+00
        93    0.1472152667E+03    0.1424274773E+03    0.4032902231E-01    0.0000000000E+00    0.0000000000E+00
        94    0.1537301667E+03    0.1444623060E+03    0.4269268966E-01    0.0000000000E+00    0.0000000000E+00
        95    0.1525362667E+03    0.1454369384E+03    0.4382482759E-01    0.0000000000E+00    0.0000000000E+00
        96    0.1473256667E+03    0.1463841258E+03    0.4492508523E-01    0.0000000000E+00    0.0000000000E+00
        97    0.1476696000E+03    0.1481992149E+03    0.4703350192E-01    0.0000000000E+00    0.0000000000E+00
        98    0.1490033667E+03    0.1499133950E+03    0.4902470219E-01    0.0000000000E+00    0.0000000000E+00
        99    0.1496825000E+03    0.1515320719E+03    0.5090496552E-01    0.0000000000E+00    0.0000000000E+00
       100    0.1510296000E+03    0.1530602721E+03    0.5268013067E-01    0.0000000000E+00    0.0000000000E+00
       101    0.1535181333E+03    0.1545026755E+03    0.5435563377E-01    0.0000000000E+00    0.0000000000E+00
       102    0.1558496000E+03    0.1558636446E+03    0.5593654237E-01    0.0000000000E+00    0.0000000000E+00
       103    0.1418090000E+03    0.1412417215E+03    0.3895164240E-01    0.0000000000E+00    0.0000000000E+00
       104    0.1408940000E+03    0.1409908495E+03    0.3866022818E-01    0.0000000000E+00    0.0000000000E+00
       105    0.1434891667E+03    0.1408600175E+03    0.3850825301E-01    0.0000000000E+00    0.0000000000E+00
       106    0.1396084667E+03    0.1404445295E+03    0.3802562008E-01    0.0000000000E+00    0.0000000000E+00
       107    0.1360778667E+03    0.1401471004E+03    0.3768012488E-01    0.0000000000E+00    0.0000000000E+00
       108    0.1390718667E+03    0.1398320209E+03    0.3731412702E-01    0.0000000000E+00    0.0000000000E+00
       109    0.1358025333E+03    0.1394980598E+03    0.3692619609E-01    0.0000000000E+00    0.0000000000E+00
       110    0.1362171000E+03    0.1393235821E+03    0.3672352190E-01    0.0000000000E+00    0.0000000000E+00
       111    0.1382688000E+03    0.1391438683E+03    0.3651476543E-01    0.0000000000E+00    0.0000000000E+00
       112    0.1382624000E+03    0.1387679661E+03    0.3607811557E-01    0.0000000000E+00    0.0000000000E+00
       113    0.1592046333E+03    0.1578188590E+03    0.5820772928E-01    0.0000000000E+00    0.0000000000E+00
       114    0.1567264333E+03    0.1565163260E+03    0.5669470038E-01    0.0000000000E+00    0.0000000000E+00
       115    0.1540433667E+03    0.1558065191E+03    0.5587018507E-01    0.0000000000E+00    0.0000000000E+00
       116    0.1521711000E+03    0.1550547943E+03    0.5499697778E-01    0.0000000000E+00    0.0000000000E+00
       117    0.1486229333E+03    0.1534159179E+03    0.5309325065E-01    0.0000000000E+00    0.0000000000E+00
       118    0.1459988000E+03    0.1515784155E+03    0.5095879847E-01    0.0000000000E+00    0.0000000000E+00
       119    0.1461454000E+03    0.1495174587E+03    0.4856478059E-01    0.0000000000E+00    0.0000000000E+00
       120    0.1413109667E+03    0.1472039013E+03    0.4587734062E-01    0.0000000000E+00    0.0000000000E+00
       121    0.1411087000E+03    0.1459418724E+03    0.4441136143E-01    0.0000000000E+00    0.0000000000E+00
       122    0.1421805667E+03    0.1446032978E+03    0.4285646646E-01    0.0000000000E+00    0.0000000000E+00
       123    0.1439435333E+03    0.1416746417E+03    0.3945452465E-01    0.0000000000E+00    0.0000000000E+00
       124    0.1537537333E+03    0.1514361150E+03    0.5164398232E-01    0.1634938410E+00    0.1640516554E+00
       125    0.1540077000E+03    0.1541228899E+03    0.5487809281E-01    0.1590757609E+00    0.1585555086E+00
       126    0.1554750000E+03    0.1568448673E+03    0.5816122567E-01    0.1550598015E+00    0.1534156935E+00
       127    0.1556473000E+03    0.1623985564E+03    0.6486911158E-01    0.1480329653E+00    0.1440748856E+00
       128    0.1591252000E+03    0.1681010606E+03    0.7175724138E-01    0.1420882670E+00    0.1358062400E+00
       129    0.1694642000E+03    0.1739515356E+03    0.7881595913E-01    0.1369936034E+00    0.1284351776E+00
       130    0.1816082000E+03    0.1799465535E+03    0.8603628653E-01    0.1325788197E+00    0.1218230702E+00
       131    0.1826803000E+03    0.1829967979E+03    0.8970441890E-01    0.1305852264E+00    0.1187659133E+00
       132    0.1856998000E+03    0.1860813129E+03    0.9340986445E-01    0.1287163344E+00    0.1158584392E+00
       133    0.1684538333E+03    0.1676663015E+03    0.6396944988E-01    0.9374298110E-01    0.1422043321E+00
       134    0.1747238667E+03    0.1711291008E+03    0.6849286430E-01    0.9730434378E-01    0.1420100639E+00
       135    0.1779657000E+03    0.1729002465E+03    0.7079525841E-01    0.9904420895E-01    0.1419131287E+00
       136    0.1797637667E+03    0.1746977946E+03    0.7312477711E-01    0.1007576886E+00    0.1418163258E+00
       137    0.1834372667E+03    0.1783718256E+03    0.7786518832E-01    0.1041078566E+00    0.1416231155E+00
       138    0.1830096667E+03    0.1821506690E+03    0.8271409791E-01    0.1073594037E+00    0.1414304310E+00
       139    0.1851899000E+03    0.1860338307E+03    0.8767150590E-01    0.1105166213E+00    0.1412382701E+00
       140    0.1919865000E+03    0.1900208449E+03    0.9273741228E-01    0.1135835558E+00    0.1410466307E+00
       141    0.1901772333E+03    0.1920531582E+03    0.9531105236E-01    0.1150843684E+00    0.1409510058E+00
       142    0.1907893333E+03    0.1941112717E+03    0.9791181705E-01    0.1165640250E+00    0.1408555106E+00
       143    0.1969100333E+03    0.1983046961E+03    0.1031947202E+00    0.1194616346E+00    0.1406649077E+00
       144    0.1488808333E+03    0.1446835763E+03    0.4462640917E-01    0.2292367748E+00    0.2262375423E+00
       145    0.1531141000E+03    0.1504857487E+03    0.5231127273E-01    0.2030178326E+00    0.1914841849E+00
       146    0.1553749667E+03    0.1534635705E+03    0.5613528807E-01    0.1926654265E+00    0.1778258724E+00
       147    0.1637659667E+03    0.1625749910E+03    0.6754287654E-01    0.1688037941E+00    0.1464809893E+00
       148    0.1666397667E+03    0.1687389780E+03    0.7510066667E-01    0.1570247934E+00    0.1310778338E+00
       149    0.1724003000E+03    0.1749429135E+03    0.8262573219E-01    0.1474614946E+00    0.1186058757E+00
       150    0.1828245667E+03    0.1811714722E+03    0.9012170919E-01    0.1395424624E+00    0.1083011063E+00
       151    0.1844319000E+03    0.1842918130E+03    0.9385978114E-01    0.1360724887E+00    0.1037922439E+00
       152    0.1854390333E+03    0.1874149870E+03    0.9759171429E-01    0.1328772056E+00    0.9964380780E-01
       153    0.1935337333E+03    0.1936671966E+03    0.1050384342E+00    0.1271898115E+00    0.9226814133E-01
