     Index       y_measurement           y_fitting        descriptor_1        descriptor_2
         1    0.3115032551E+00    0.3244101222E+00    0.1297077597E-01    0.1055822642E-01
         2    0.3727521742E+00    0.3759197125E+00    0.1433426011E-01    0.8208474423E-02
         3    0.3692808565E+00    0.3647284044E+00    0.1432467683E-01    0.1193359122E-01
         4    0.3219133907E+00    0.3384023010E+00    0.1342369007E-01    0.1084548312E-01
         5    0.3203898125E+00    0.3413839890E+00    0.1342768898E-01    0.9869215967E-02
         6    0.3689363424E+00    0.3641975347E+00    0.1435787320E-01    0.1248766117E-01
         7    0.3841229241E+00    0.3859226647E+00    0.1488285628E-01    0.1093487461E-01
         8    0.3981010400E+00    0.3932010759E+00    0.1498073009E-01    0.9539871770E-02
         9    0.3996236202E+00    0.4133337099E+00    0.1558170697E-01    0.9384655803E-02
        10    0.3980037053E+00    0.4074782281E+00    0.1554126937E-01    0.1093645721E-01
        11    0.3065872278E+00    0.3155151068E+00    0.1251444786E-01    0.8487105732E-02
        12    0.3018713204E+00    0.3040202698E+00    0.1256619003E-01    0.1300387986E-01
        13    0.3946135729E+00    0.4119475771E+00    0.1532670225E-01    0.6999700194E-02
        14    0.4021863310E+00    0.4080278527E+00    0.1532517446E-01    0.8324919490E-02
        15    0.3076766726E+00    0.3274297279E+00    0.1290401388E-01    0.8775452076E-02
        16    0.3092389430E+00    0.3194534162E+00    0.1264250676E-01    0.8574456012E-02
        17    0.3769629583E+00    0.3623455697E+00    0.1403964406E-01    0.9553229025E-02
        18    0.3904139452E+00    0.4121768197E+00    0.1563500803E-01    0.1037856953E-01
        19    0.3687133635E+00    0.3518857802E+00    0.1401340756E-01    0.1284107825E-01
        20    0.3569607189E+00    0.3575683870E+00    0.1392599599E-01    0.9914764673E-02
        21    0.3309396823E+00    0.3270501606E+00    0.1291579723E-01    0.9037578807E-02
        22    0.3276713441E+00    0.3285834929E+00    0.1290461279E-01    0.8387048967E-02
        23    0.4010305618E+00    0.4020771416E+00    0.1539056107E-01    0.1109605789E-01
        24    0.3923032117E+00    0.3709705937E+00    0.1435981384E-01    0.1018991624E-01
        25    0.3928852735E+00    0.4021206485E+00    0.1543010181E-01    0.1152457282E-01
        26    0.3763802550E+00    0.3636265187E+00    0.1433731396E-01    0.1245265814E-01
        27    0.3628066791E+00    0.3573249354E+00    0.1375092055E-01    0.8034821504E-02
        28    0.3616999086E+00    0.3506894224E+00    0.1377992888E-01    0.1063252757E-01
        29    0.3769364803E+00    0.3733732096E+00    0.1422704239E-01    0.7878200292E-02
        30    0.3710709739E+00    0.3686082199E+00    0.1424373107E-01    0.9697171400E-02
        31    0.3572480509E+00    0.3556650033E+00    0.1379181205E-01    0.9061845149E-02
        32    0.3710951698E+00    0.3754726137E+00    0.1480953570E-01    0.1369138256E-01
        33    0.3498298330E+00    0.3619301530E+00    0.1429669279E-01    0.1257806655E-01
        34    0.3068701886E+00    0.3148833148E+00    0.1234586027E-01    0.6812909430E-02
        35    0.3047319468E+00    0.3078265077E+00    0.1241933296E-01    0.1005352060E-01
        36    0.3934461789E+00    0.4061597868E+00    0.1535443612E-01    0.9292802501E-02
        37    0.4069873114E+00    0.4220266471E+00    0.1594279154E-01    0.1045690852E-01
        38    0.3131120344E+00    0.3235722327E+00    0.1277389061E-01    0.8637276010E-02
        39    0.4057369914E+00    0.4207823276E+00    0.1571596329E-01    0.8339361504E-02
        40    0.3914804504E+00    0.4060227824E+00    0.1506012809E-01    0.6039317524E-02
        41    0.3875508766E+00    0.4033435725E+00    0.1506891070E-01    0.7055331196E-02
        42    0.3035142463E+00    0.3150660930E+00    0.1280607154E-01    0.1191117638E-01
        43    0.3153730631E+00    0.3281792641E+00    0.1289430796E-01    0.8409921981E-02
        44    0.3356654485E+00    0.3423166482E+00    0.1331237862E-01    0.8256713274E-02
        45    0.3316145550E+00    0.3441065473E+00    0.1329652367E-01    0.7465943733E-02
        46    0.3701456579E+00    0.3942667661E+00    0.1470090467E-01    0.6036920647E-02
        47    0.3057408244E+00    0.3180095617E+00    0.1246188687E-01    0.7043427704E-02
        48    0.3022545026E+00    0.3096169537E+00    0.1254390253E-01    0.1083730021E-01
        49    0.4270794082E+00    0.4036421908E+00    0.1524357061E-01    0.8911722165E-02
        50    0.4008107104E+00    0.3959080176E+00    0.1501474799E-01    0.8994330826E-02
        51    0.3863661790E+00    0.3883232990E+00    0.1479048947E-01    0.9076939486E-02
        52    0.3243536271E+00    0.3325419247E+00    0.1314594865E-01    0.9737808771E-02
        53    0.3252255627E+00    0.3261266146E+00    0.1295740197E-01    0.9820417431E-02
        54    0.3261143142E+00    0.3198241684E+00    0.1277230197E-01    0.9903026092E-02
        55    0.3674602020E+00    0.3692633857E+00    0.1417999860E-01    0.8758099644E-02
        56    0.3733715764E+00    0.3616149915E+00    0.1391504431E-01    0.8406147730E-02
        57    0.3728675248E+00    0.3578981490E+00    0.1378584560E-01    0.8230171773E-02
        58    0.3694195579E+00    0.3471497266E+00    0.1341052911E-01    0.7702243902E-02
        59    0.3485184075E+00    0.3402979362E+00    0.1316990181E-01    0.7350291989E-02
        60    0.3301994043E+00    0.3336786251E+00    0.1293637405E-01    0.6998340075E-02
        61    0.3300178520E+00    0.3272769683E+00    0.1270949310E-01    0.6646388161E-02
        62    0.3296708943E+00    0.3241533698E+00    0.1259841110E-01    0.6470412204E-02
        63    0.3275040021E+00    0.3210790185E+00    0.1248883303E-01    0.6294436247E-02
        64    0.3234392652E+00    0.3150716210E+00    0.1227399212E-01    0.5942484333E-02
        65    0.4357322360E+00    0.4185416142E+00    0.1533981033E-01    0.4888496183E-02
        66    0.3992104702E+00    0.4032136720E+00    0.1489919484E-01    0.5196604132E-02
        67    0.3897969196E+00    0.3886297893E+00    0.1448130172E-01    0.5504712080E-02
        68    0.3713716119E+00    0.3747321906E+00    0.1408436660E-01    0.5812820029E-02
        69    0.3632482216E+00    0.3614691514E+00    0.1370680990E-01    0.6120927977E-02
        70    0.3345703037E+00    0.3366654670E+00    0.1300429562E-01    0.6737143874E-02
        71    0.3325398245E+00    0.3307939511E+00    0.1283872655E-01    0.6891197848E-02
        72    0.3299490417E+00    0.3250450746E+00    0.1267690269E-01    0.7045251822E-02
        73    0.3236357173E+00    0.3138986965E+00    0.1236398539E-01    0.7353359770E-02
        74    0.3049439245E+00    0.3008177209E+00    0.1218691758E-01    0.9847423205E-02
        75    0.3016141520E+00    0.3024266760E+00    0.1217102365E-01    0.9118182752E-02
        76    0.3008492847E+00    0.3029520215E+00    0.1216539058E-01    0.8875102601E-02
        77    0.3007543390E+00    0.3039850892E+00    0.1215358625E-01    0.8388942300E-02
        78    0.3013730675E+00    0.3049932409E+00    0.1214102103E-01    0.7902781998E-02
        79    0.3039891654E+00    0.3069272195E+00    0.1211337652E-01    0.6930461394E-02
        80    0.3042505979E+00    0.3073920225E+00    0.1210589458E-01    0.6687381243E-02
        81    0.3048279490E+00    0.3078487655E+00    0.1209816650E-01    0.6444301093E-02
        82    0.3052152848E+00    0.3087367829E+00    0.1208193257E-01    0.5958140791E-02
        83    0.4320800811E+00    0.4277799547E+00    0.1600245699E-01    0.9155721074E-02
        84    0.4194647730E+00    0.4190141978E+00    0.1580514108E-01    0.9944926580E-02
        85    0.4152703718E+00    0.4147196448E+00    0.1570918044E-01    0.1033952933E-01
        86    0.3955196646E+00    0.4104818308E+00    0.1561495252E-01    0.1073413209E-01
        87    0.3875387003E+00    0.4021703332E+00    0.1543150895E-01    0.1152333759E-01
        88    0.3773174658E+00    0.3940680640E+00    0.1525445488E-01    0.1231254310E-01
        89    0.3722096650E+00    0.3861641866E+00    0.1508345937E-01    0.1310174860E-01
        90    0.3658986417E+00    0.3784485997E+00    0.1491821395E-01    0.1389095411E-01
        91    0.3654385006E+00    0.3746584448E+00    0.1483765681E-01    0.1428555686E-01
        92    0.3628786252E+00    0.3709118770E+00    0.1475843075E-01    0.1468015961E-01
        93    0.3593327157E+00    0.3635452107E+00    0.1460384080E-01    0.1546936512E-01
        94    0.4236008781E+00    0.4278855951E+00    0.1620445744E-01    0.1138479930E-01
        95    0.4302033384E+00    0.4285660037E+00    0.1619523310E-01    0.1104834319E-01
        96    0.4366919796E+00    0.4290182071E+00    0.1617903974E-01    0.1071188708E-01
        97    0.4311080150E+00    0.4292205654E+00    0.1615521652E-01    0.1037543098E-01
        98    0.4347549284E+00    0.4291491775E+00    0.1612303353E-01    0.1003897487E-01
        99    0.4361630142E+00    0.4287775954E+00    0.1608168310E-01    0.9702518766E-02
       100    0.4281518174E+00    0.4280764975E+00    0.1603026979E-01    0.9366062660E-02
       101    0.4349348493E+00    0.4275923395E+00    0.1600048293E-01    0.9197834607E-02
       102    0.4367499704E+00    0.4270133103E+00    0.1596779886E-01    0.9029606554E-02
       103    0.4324042533E+00    0.4255517716E+00    0.1589316292E-01    0.8693150448E-02
       104    0.3650326136E+00    0.3706845081E+00    0.1457961719E-01    0.1275278903E-01
       105    0.3732358523E+00    0.3773762842E+00    0.1470710756E-01    0.1189080919E-01
       106    0.3786976367E+00    0.3807479103E+00    0.1477163874E-01    0.1145981927E-01
       107    0.3852582334E+00    0.3841368869E+00    0.1483669978E-01    0.1102882934E-01
       108    0.3888947959E+00    0.3909674419E+00    0.1496842823E-01    0.1016684950E-01
       109    0.3985197223E+00    0.3978689934E+00    0.1510232480E-01    0.9304869660E-02
       110    0.4279795549E+00    0.4154392072E+00    0.1544672658E-01    0.7149920053E-02
       111    0.4355520415E+00    0.4190081292E+00    0.1551728286E-01    0.6718930132E-02
       112    0.4304532498E+00    0.4262011913E+00    0.1566008169E-01    0.5856950289E-02
       113    0.4264919331E+00    0.4143025866E+00    0.1567704442E-01    0.1012197845E-01
       114    0.4159233320E+00    0.3948386678E+00    0.1518308357E-01    0.1124827554E-01
       115    0.4019375123E+00    0.3855163723E+00    0.1494861362E-01    0.1181142409E-01
       116    0.3729094357E+00    0.3590358129E+00    0.1429059378E-01    0.1350086973E-01
       117    0.3410080471E+00    0.3425088904E+00    0.1388632404E-01    0.1462716683E-01
       118    0.3223677406E+00    0.3267911137E+00    0.1350676430E-01    0.1575346392E-01
       119    0.3050923527E+00    0.2975142834E+00    0.1281356872E-01    0.1800605811E-01
       120    0.3008277403E+00    0.2838388149E+00    0.1249637776E-01    0.1913235520E-01
       121    0.3594206178E+00    0.3582594775E+00    0.1392279409E-01    0.9642186775E-02
       122    0.3608270649E+00    0.3539272869E+00    0.1379711614E-01    0.9716425642E-02
       123    0.3624143566E+00    0.3496835002E+00    0.1367413790E-01    0.9790664510E-02
       124    0.3578429254E+00    0.3414509189E+00    0.1343596847E-01    0.9939142245E-02
       125    0.3469210390E+00    0.3335422553E+00    0.1320769096E-01    0.1008761998E-01
       126    0.3256278511E+00    0.3186258351E+00    0.1277864818E-01    0.1038457545E-01
       127    0.3119917446E+00    0.3150725502E+00    0.1267675675E-01    0.1045881432E-01
       128    0.3036860037E+00    0.3048049651E+00    0.1238306173E-01    0.1068153092E-01
       129    0.4011696531E+00    0.3909544882E+00    0.1471276811E-01    0.7304284070E-02
       130    0.3915106331E+00    0.3829291664E+00    0.1451334962E-01    0.7816340976E-02
       131    0.3766460280E+00    0.3674118001E+00    0.1413079806E-01    0.8840454788E-02
       132    0.3584288290E+00    0.3525462197E+00    0.1376815099E-01    0.9864568600E-02
       133    0.3463282239E+00    0.3382712274E+00    0.1342353952E-01    0.1088868241E-01
       134    0.3303320639E+00    0.3245347503E+00    0.1309537343E-01    0.1191279622E-01
       135    0.3065945036E+00    0.3112919849E+00    0.1278228450E-01    0.1293691004E-01
       136    0.3034393990E+00    0.2985040048E+00    0.1248308397E-01    0.1396102385E-01
