	 Y 	 Y_pred 	 diff
    0.4091123333E+02    0.4565956944E+02   -0.4748336108E+01
    0.1317270667E+03    0.1345107567E+03   -0.2783690078E+01
    0.9909350000E+02    0.1077013332E+03   -0.8607833243E+01
    0.6448746667E+02    0.6870357157E+02   -0.4216104899E+01
    0.6916680000E+02    0.7507251661E+02   -0.5905716611E+01
    0.3551316667E+02    0.2978742251E+02    0.5725744154E+01
    0.4979963333E+02    0.3494481010E+02    0.1485482324E+02
    0.2607280000E+02    0.3316504616E+02   -0.7092246156E+01
    0.3288510000E+02    0.3712171509E+02   -0.4236615089E+01
    0.7547280000E+02    0.7807450187E+02   -0.2601701870E+01
    0.7631323333E+02    0.8099533357E+02   -0.4682100240E+01
    0.7808313333E+02    0.8390337242E+02   -0.5820239088E+01
    0.1068950000E+02    0.6840839939E+01    0.3848660061E+01
    0.3218210000E+02    0.2510320348E+02    0.7078896515E+01
    0.4136713333E+02    0.3508010045E+02    0.6287032885E+01
    0.6935780000E+02    0.7480860551E+02   -0.5450805505E+01
    0.1222562000E+03    0.1175766188E+03    0.4679581190E+01
    0.1137695667E+03    0.1120122299E+03    0.1757336736E+01
    0.2498340000E+02    0.3181749321E+02   -0.6834093207E+01
    0.3413013333E+02    0.3411655634E+02    0.1357699218E-01
    0.5834003333E+02    0.4933563135E+02    0.9004401982E+01
    0.6338693333E+02    0.5163567046E+02    0.1175126287E+02
    0.1739346667E+02    0.1313849387E+02    0.4254972792E+01
    0.1301593333E+02    0.2051471862E+02   -0.7498785286E+01
    0.4744456667E+02    0.4782921471E+02   -0.3846480449E+00
    0.4271046667E+02    0.4555620951E+02   -0.2845742841E+01
    0.3220636667E+02    0.3645845627E+02   -0.4252089607E+01
    0.4469730000E+02    0.5640557225E+02   -0.1170827225E+02
    0.1150665667E+03    0.1082535461E+03    0.6813020568E+01
    0.6905330000E+02    0.7124971319E+02   -0.2196413190E+01
    0.1105675667E+03    0.1059112078E+03    0.4656358838E+01
    0.2881536667E+02    0.2698828411E+02    0.1827082559E+01
    0.8769866667E+02    0.9293372315E+02   -0.5235056480E+01
    0.1218290333E+03    0.1289442070E+03   -0.7115173681E+01
    0.5629570000E+02    0.5584161566E+02    0.4540843383E+00
    0.4909853333E+02    0.4406890831E+02    0.5029625027E+01
    0.1236949333E+03    0.1196256770E+03    0.4069256334E+01
    0.6544593333E+02    0.6494459703E+02    0.5013363058E+00
    0.5754726667E+02    0.7092390988E+02   -0.1337664322E+02
    0.6419260000E+02    0.8394082465E+02   -0.1974822465E+02
    0.6074053333E+02    0.6094232673E+02   -0.2017934005E+00
    0.6109540000E+02    0.6074066548E+02    0.3547345158E+00
    0.6641613333E+02    0.6484164689E+02    0.1574486444E+01
    0.4331223333E+02    0.4383460842E+02   -0.5223750843E+00
    0.1270568667E+03    0.1242595558E+03    0.2797310873E+01
    0.1048403333E+03    0.9529427456E+02    0.9546058768E+01
    0.1511233333E+02    0.1315905624E+02    0.1953277097E+01
    0.5040940000E+02    0.3929538223E+02    0.1111401777E+02
    0.6252836667E+02    0.4816936381E+02    0.1435900286E+02
    0.6859230000E+02    0.5712617289E+02    0.1146612711E+02
    0.7978300000E+02    0.8450534151E+02   -0.4722341513E+01
    0.4609493333E+02    0.5531623867E+02   -0.9221305332E+01
    0.2953980000E+02    0.2094026375E+02    0.8599536249E+01
    0.6125163333E+02    0.5474762210E+02    0.6504011234E+01
    0.1227551333E+03    0.1258686079E+03   -0.3113474528E+01
    0.1092017667E+03    0.1107931263E+03   -0.1591359606E+01
    0.1519966667E+02    0.2091108733E+02   -0.5711420662E+01
    0.2608033333E+02    0.3563769433E+02   -0.9557360992E+01
    0.2318960000E+02    0.3135016910E+02   -0.8160569105E+01
    0.3464173333E+02    0.4120848808E+02   -0.6566754748E+01
    0.9001296667E+02    0.9286225150E+02   -0.2849284832E+01
    0.9820813333E+02    0.9956053342E+02   -0.1352400084E+01
    0.6961473333E+02    0.4640835550E+02    0.2320637783E+02
    0.8448030000E+02    0.9422372573E+02   -0.9743425729E+01
    0.1186644000E+03    0.1139808486E+03    0.4683551411E+01
    0.1662153333E+02    0.1078676414E+02    0.5834769194E+01
    0.2838256667E+02    0.2444154494E+02    0.3941021728E+01
    0.9953940000E+02    0.9967203009E+02   -0.1326300883E+00
    0.9851213333E+02    0.9280069073E+02    0.5711442604E+01
    0.5078230000E+02    0.5181321387E+02   -0.1030913871E+01
    0.4487846667E+02    0.5192967799E+02   -0.7051211319E+01
    0.1155721667E+03    0.1063540788E+03    0.9218087911E+01
    0.4379320000E+02    0.3011061011E+02    0.1368258989E+02
    0.4094110000E+02    0.3330553682E+02    0.7635563179E+01
    0.1067330000E+03    0.9224703468E+02    0.1448596532E+02
    0.4281686667E+02    0.2943360686E+02    0.1338325981E+02
    0.4755836667E+02    0.5984389531E+02   -0.1228552865E+02
    0.6976280000E+02    0.6509517167E+02    0.4667628326E+01
    0.1298107667E+03    0.1328227906E+03   -0.3012023885E+01
    0.1050881333E+03    0.9565892292E+02    0.9429210417E+01
    0.3710063333E+02    0.2067308985E+02    0.1642754348E+02
    0.1283589667E+03    0.1218761922E+03    0.6482774509E+01
    0.1119227000E+03    0.1026576744E+03    0.9265025607E+01
    0.1167444000E+03    0.1059102687E+03    0.1083413128E+02
    0.1322718667E+03    0.1306728366E+03    0.1599030038E+01
    0.6211446667E+02    0.6548599736E+02   -0.3371530692E+01
    0.7535336667E+02    0.7105187612E+02    0.4301490542E+01
    0.1040530000E+03    0.1022978342E+03    0.1755165834E+01
    0.1408233333E+02    0.2899173470E+02   -0.1490940137E+02
    0.2335330000E+02    0.3227618719E+02   -0.8922887186E+01
    0.3871113333E+02    0.3878756284E+02   -0.7642950700E-01
    0.4574376667E+02    0.4201502325E+02    0.3728743413E+01
    0.5412566667E+02    0.4841479024E+02    0.5710876426E+01
    0.1596020000E+02    0.2305507814E+02   -0.7094878144E+01
    0.1339103333E+02    0.1792711744E+02   -0.4536084110E+01
    0.1242090000E+02    0.1607758219E+02   -0.3656682186E+01
    0.1194016667E+02    0.1547336406E+02   -0.3533197397E+01
    0.5977913333E+02    0.5378725349E+02    0.5991879845E+01
    0.2911583333E+02    0.3679880704E+02   -0.7682973702E+01
    0.8876800000E+02    0.8021337064E+02    0.8554629361E+01
    0.6873096667E+02    0.5572405100E+02    0.1300691566E+02
    0.7560066667E+02    0.8145327662E+02   -0.5852609957E+01
    0.6408266667E+02    0.6965752492E+02   -0.5574858251E+01
    0.3941803333E+02    0.3489179462E+02    0.4526238711E+01
    0.1185663333E+03    0.1149954335E+03    0.3570899857E+01
    0.6653600000E+02    0.7957928591E+02   -0.1304328591E+02
    0.3968340000E+02    0.3583018043E+02    0.3853219565E+01
    0.4298803333E+02    0.3620542280E+02    0.6782610535E+01
    0.5702396667E+02    0.6808092463E+02   -0.1105695796E+02
    0.6892443333E+02    0.8387782016E+02   -0.1495338682E+02
    0.6024150000E+02    0.6754390934E+02   -0.7302409341E+01
    0.4623996667E+02    0.3548334600E+02    0.1075662067E+02
    0.5990580000E+02    0.4617090891E+02    0.1373489109E+02
    0.1506720000E+02    0.2340330215E+02   -0.8336102145E+01
    0.5943460000E+02    0.4480768254E+02    0.1462691746E+02
    0.5238350000E+02    0.5386367014E+02   -0.1480170141E+01
    0.8207633333E+02    0.9029052816E+02   -0.8214194823E+01
    0.7244110000E+02    0.7567998015E+02   -0.3238880155E+01
    0.1244658000E+03    0.1296751097E+03   -0.5209309734E+01
    0.1211050000E+03    0.1223062501E+03   -0.1201250084E+01
    0.1179466667E+03    0.1185651635E+03   -0.6184968418E+00
    0.1067584667E+03    0.1071031928E+03   -0.3447261679E+00
    0.1053764667E+03    0.1051566314E+03    0.2198353088E+00
    0.1577603333E+02    0.2048835042E+02   -0.4712317085E+01
    0.1529943333E+02    0.1887210433E+02   -0.3572670996E+01
    0.1395766667E+02    0.1748907217E+02   -0.3531405499E+01
    0.3855643333E+02    0.4364165495E+02   -0.5085221618E+01
    0.1569666667E+02    0.2926298317E+02   -0.1356631650E+02
    0.2272800000E+02    0.3041576428E+02   -0.7687764282E+01
    0.6801640000E+02    0.6202406951E+02    0.5992330492E+01
    0.9811226667E+02    0.1054420178E+03   -0.7329751145E+01
    0.1239530333E+03    0.1253327794E+03   -0.1379746066E+01
    0.4475480000E+02    0.5329633265E+02   -0.8541532654E+01
    0.5756113333E+02    0.6693484291E+02   -0.9373709575E+01
    0.6879203333E+02    0.8058239914E+02   -0.1179036580E+02
    0.1128509667E+03    0.1079069585E+03    0.4944008157E+01
    0.1129134333E+03    0.1060025116E+03    0.6910921746E+01
    0.5741510000E+02    0.5600331691E+02    0.1411783086E+01
    0.9577526667E+02    0.8941759408E+02    0.6357672590E+01
    0.6416440000E+02    0.6919449235E+02   -0.5030092352E+01
    0.5631520000E+02    0.6687508199E+02   -0.1055988199E+02
    0.7081320000E+02    0.7508719839E+02   -0.4273998387E+01
    0.9879613333E+02    0.9997109996E+02   -0.1174966625E+01
    0.5462010000E+02    0.5673900023E+02   -0.2118900232E+01
    0.5625880000E+02    0.4880655595E+02    0.7452244049E+01
    0.1171394000E+03    0.1103129770E+03    0.6826422956E+01
    0.4263683333E+02    0.4296401306E+02   -0.3271797259E+00
    0.9410970000E+02    0.9135781199E+02    0.2751888012E+01
    0.9391083333E+02    0.8644777589E+02    0.7463057447E+01
    0.7457800000E+02    0.6973519539E+02    0.4842804615E+01
    0.7547360000E+02    0.7483487790E+02    0.6387221049E+00
    0.7601236667E+02    0.8007608580E+02   -0.4063719132E+01
    0.5415630000E+02    0.4953972419E+02    0.4616575806E+01
    0.5043943333E+02    0.5972553110E+02   -0.9286097770E+01
    0.2761040000E+02    0.1667266212E+02    0.1093773788E+02
    0.4472750000E+02    0.4628590539E+02   -0.1558405389E+01
    0.6651516667E+02    0.6797191687E+02   -0.1456750208E+01
    0.7973906667E+02    0.9156092781E+02   -0.1182186114E+02
    0.1005121667E+03    0.9847252672E+02    0.2039639945E+01
    0.4908086667E+02    0.4531798188E+02    0.3762884791E+01
    0.5592400000E+02    0.5005832063E+02    0.5865679372E+01
    0.1462273333E+02    0.2203855394E+02   -0.7415820603E+01
    0.5274676667E+02    0.4968005327E+02    0.3066713399E+01
    0.1263756667E+02    0.2314094815E+02   -0.1050338149E+02
    0.1576773333E+02    0.1837380415E+02   -0.2606070817E+01
    0.1876863333E+02    0.1961539201E+02   -0.8467586794E+00
    0.6769980000E+02    0.6720358860E+02    0.4962114035E+00
    0.1240794333E+03    0.1258162096E+03   -0.1736776253E+01
    0.6587150000E+02    0.6316306827E+02    0.2708431732E+01
    0.3478613333E+02    0.3531433477E+02   -0.5282014331E+00
