	 Y 	 Y_pred 	 diff
    0.4091123333E+02    0.3852228751E+02    0.2388945823E+01
    0.1317270667E+03    0.1225295262E+03    0.9197540492E+01
    0.9909350000E+02    0.1039629961E+03   -0.4869496120E+01
    0.6448746667E+02    0.7079235207E+02   -0.6304885398E+01
    0.6916680000E+02    0.7654656194E+02   -0.7379761938E+01
    0.3551316667E+02    0.2581426855E+02    0.9698898122E+01
    0.4979963333E+02    0.3946938278E+02    0.1033025056E+02
    0.2607280000E+02    0.2953308262E+02   -0.3460282623E+01
    0.3288510000E+02    0.3425372208E+02   -0.1368622079E+01
    0.7547280000E+02    0.7914584333E+02   -0.3673043328E+01
    0.7631323333E+02    0.8143564613E+02   -0.5122412801E+01
    0.7808313333E+02    0.8367059964E+02   -0.5587466304E+01
    0.1068950000E+02    0.6626490965E+01    0.4063009035E+01
    0.3218210000E+02    0.2891709642E+02    0.3265003584E+01
    0.4136713333E+02    0.3925699308E+02    0.2110140249E+01
    0.6935780000E+02    0.7180557514E+02   -0.2447775139E+01
    0.1222562000E+03    0.1312325762E+03   -0.8976376167E+01
    0.1137695667E+03    0.1243362787E+03   -0.1056671205E+02
    0.2498340000E+02    0.3143677511E+02   -0.6453375109E+01
    0.3413013333E+02    0.3335065668E+02    0.7794766508E+00
    0.5834003333E+02    0.5109207544E+02    0.7247957895E+01
    0.6338693333E+02    0.5436380313E+02    0.9023130207E+01
    0.1739346667E+02    0.2075879740E+02   -0.3365330732E+01
    0.1301593333E+02    0.1742300116E+02   -0.4407067823E+01
    0.4744456667E+02    0.4908978902E+02   -0.1645222358E+01
    0.4271046667E+02    0.4720895287E+02   -0.4498486200E+01
    0.3220636667E+02    0.3894944783E+02   -0.6743081163E+01
    0.4469730000E+02    0.5766216579E+02   -0.1296486579E+02
    0.1150665667E+03    0.1015894691E+03    0.1347709754E+02
    0.6905330000E+02    0.7624600430E+02   -0.7192704305E+01
    0.1105675667E+03    0.1033449770E+03    0.7222589641E+01
    0.2881536667E+02    0.3475283754E+02   -0.5937470878E+01
    0.8769866667E+02    0.9119428086E+02   -0.3495614192E+01
    0.1218290333E+03    0.1114874655E+03    0.1034156785E+02
    0.5629570000E+02    0.5682910159E+02   -0.5334015917E+00
    0.4909853333E+02    0.4413308171E+02    0.4965451628E+01
    0.1236949333E+03    0.1136685491E+03    0.1002638427E+02
    0.6544593333E+02    0.6589109013E+02   -0.4451567973E+00
    0.5754726667E+02    0.7182916371E+02   -0.1428189705E+02
    0.6419260000E+02    0.8396654265E+02   -0.1977394265E+02
    0.6074053333E+02    0.6164543511E+02   -0.9049017744E+00
    0.6109540000E+02    0.6153258453E+02   -0.4371845318E+00
    0.6641613333E+02    0.6563724583E+02    0.7788875063E+00
    0.4331223333E+02    0.4416267993E+02   -0.8504466007E+00
    0.1270568667E+03    0.1171319755E+03    0.9924891128E+01
    0.1048403333E+03    0.9394430337E+02    0.1089602996E+02
    0.1511233333E+02    0.1368607755E+02    0.1426255787E+01
    0.5040940000E+02    0.4236423830E+02    0.8045161701E+01
    0.6252836667E+02    0.5122839708E+02    0.1129996959E+02
    0.6859230000E+02    0.5977597876E+02    0.8816321244E+01
    0.7978300000E+02    0.8368023260E+02   -0.3897232603E+01
    0.4609493333E+02    0.5767780189E+02   -0.1158286856E+02
    0.2953980000E+02    0.2244197406E+02    0.7097825945E+01
    0.6125163333E+02    0.5746738235E+02    0.3784250981E+01
    0.1227551333E+03    0.1329591406E+03   -0.1020400727E+02
    0.1092017667E+03    0.1218208939E+03   -0.1261912726E+02
    0.1519966667E+02    0.1979151153E+02   -0.4591844859E+01
    0.2608033333E+02    0.3451403161E+02   -0.8433698272E+01
    0.2318960000E+02    0.2949510854E+02   -0.6305508544E+01
    0.3464173333E+02    0.4427150717E+02   -0.9629773841E+01
    0.9001296667E+02    0.9038179637E+02   -0.3688297074E+00
    0.9820813333E+02    0.9557096354E+02    0.2637169789E+01
    0.6961473333E+02    0.4900358791E+02    0.2061114542E+02
    0.8448030000E+02    0.9118160560E+02   -0.6701305600E+01
    0.1186644000E+03    0.1060166325E+03    0.1264776749E+02
    0.1662153333E+02    0.1045304256E+02    0.6168490773E+01
    0.2838256667E+02    0.2621592193E+02    0.2166644736E+01
    0.9953940000E+02    0.9554634924E+02    0.3993050757E+01
    0.9851213333E+02    0.9045301021E+02    0.8059123124E+01
    0.5078230000E+02    0.5271794245E+02   -0.1935642450E+01
    0.4487846667E+02    0.4974648638E+02   -0.4868019714E+01
    0.1155721667E+03    0.1015785995E+03    0.1399356714E+02
    0.4379320000E+02    0.2693848293E+02    0.1685471707E+02
    0.4094110000E+02    0.3273668541E+02    0.8204414591E+01
    0.1067330000E+03    0.8723947432E+02    0.1949352568E+02
    0.4281686667E+02    0.2843767456E+02    0.1437919210E+02
    0.4755836667E+02    0.5879199449E+02   -0.1123362782E+02
    0.6976280000E+02    0.6378387137E+02    0.5978928632E+01
    0.1298107667E+03    0.1232618014E+03    0.6548965298E+01
    0.1050881333E+03    0.9201265896E+02    0.1307547437E+02
    0.3710063333E+02    0.1996236987E+02    0.1713826347E+02
    0.1283589667E+03    0.1143870525E+03    0.1397191415E+02
    0.1119227000E+03    0.9953045407E+02    0.1239224593E+02
    0.1167444000E+03    0.1011555752E+03    0.1558882485E+02
    0.1322718667E+03    0.1199776253E+03    0.1229424133E+02
    0.6211446667E+02    0.6925387131E+02   -0.7139404645E+01
    0.7535336667E+02    0.7415119393E+02    0.1202172736E+01
    0.1040530000E+03    0.1129438325E+03   -0.8890832450E+01
    0.1408233333E+02    0.2458043536E+02   -0.1049810203E+02
    0.2335330000E+02    0.2848317325E+02   -0.5129873246E+01
    0.3871113333E+02    0.3595737320E+02    0.2753760132E+01
    0.4574376667E+02    0.3953895755E+02    0.6204809115E+01
    0.5412566667E+02    0.4641405099E+02    0.7711615676E+01
    0.1596020000E+02    0.1917054124E+02   -0.3210341237E+01
    0.1339103333E+02    0.1562110286E+02   -0.2230069527E+01
    0.1242090000E+02    0.1398188881E+02   -0.1560988807E+01
    0.1194016667E+02    0.1339320906E+02   -0.1453042394E+01
    0.5977913333E+02    0.5291323727E+02    0.6865896068E+01
    0.2911583333E+02    0.3929789183E+02   -0.1018205849E+02
    0.8876800000E+02    0.8028215440E+02    0.8485845601E+01
    0.6873096667E+02    0.5913449218E+02    0.9596474482E+01
    0.7560066667E+02    0.8392660769E+02   -0.8325941020E+01
    0.6408266667E+02    0.7106889381E+02   -0.6986227142E+01
    0.3941803333E+02    0.3347446643E+02    0.5943566900E+01
    0.1185663333E+03    0.1114082021E+03    0.7158131186E+01
    0.6653600000E+02    0.8071383745E+02   -0.1417783745E+02
    0.3968340000E+02    0.3462145186E+02    0.5061948138E+01
    0.4298803333E+02    0.3524053167E+02    0.7747501666E+01
    0.5702396667E+02    0.6950799038E+02   -0.1248402371E+02
    0.6892443333E+02    0.8451991416E+02   -0.1559548083E+02
    0.6024150000E+02    0.6879020160E+02   -0.8548701603E+01
    0.4623996667E+02    0.3385710044E+02    0.1238286623E+02
    0.5990580000E+02    0.4633355959E+02    0.1357224041E+02
    0.1506720000E+02    0.2429996399E+02   -0.9232763993E+01
    0.5943460000E+02    0.4696484844E+02    0.1246975156E+02
    0.5238350000E+02    0.5607070230E+02   -0.3687202303E+01
    0.8207633333E+02    0.8881063717E+02   -0.6734303841E+01
    0.7244110000E+02    0.7663639831E+02   -0.4195298311E+01
    0.1244658000E+03    0.1371974124E+03   -0.1273161236E+02
    0.1211050000E+03    0.1318276161E+03   -0.1072261608E+02
    0.1179466667E+03    0.1290341019E+03   -0.1108743528E+02
    0.1067584667E+03    0.1201784120E+03   -0.1341994533E+02
    0.1053764667E+03    0.1186282423E+03   -0.1325177564E+02
    0.1577603333E+02    0.1808814066E+02   -0.2312107325E+01
    0.1529943333E+02    0.1499109637E+02    0.3083369660E+00
    0.1395766667E+02    0.1250075785E+02    0.1456908822E+01
    0.3855643333E+02    0.4345572646E+02   -0.4899293125E+01
    0.1569666667E+02    0.2654711312E+02   -0.1085044645E+02
    0.2272800000E+02    0.3212847673E+02   -0.9400476733E+01
    0.6801640000E+02    0.6387261007E+02    0.4143789928E+01
    0.9811226667E+02    0.1007396844E+03   -0.2627417691E+01
    0.1239530333E+03    0.1153198832E+03    0.8633150106E+01
    0.4475480000E+02    0.5570124177E+02   -0.1094644177E+02
    0.5756113333E+02    0.6863846317E+02   -0.1107732984E+02
    0.6879203333E+02    0.8074134224E+02   -0.1194930890E+02
    0.1128509667E+03    0.1027490790E+03    0.1010188771E+02
    0.1129134333E+03    0.1018146975E+03    0.1109873585E+02
    0.5741510000E+02    0.5557643372E+02    0.1838666283E+01
    0.9577526667E+02    0.8804334909E+02    0.7731917578E+01
    0.6416440000E+02    0.7053767475E+02   -0.6373274754E+01
    0.5631520000E+02    0.6700641625E+02   -0.1069121625E+02
    0.7081320000E+02    0.7883239099E+02   -0.8019190986E+01
    0.9879613333E+02    0.9978236334E+02   -0.9862300043E+00
    0.5462010000E+02    0.5880780707E+02   -0.4187707073E+01
    0.5625880000E+02    0.4920609761E+02    0.7052702386E+01
    0.1171394000E+03    0.1072899278E+03    0.9849472187E+01
    0.4263683333E+02    0.3919615883E+02    0.3440674505E+01
    0.9410970000E+02    0.9106479472E+02    0.3044905279E+01
    0.9391083333E+02    0.8668578686E+02    0.7225046469E+01
    0.7457800000E+02    0.6887027376E+02    0.5707726239E+01
    0.7547360000E+02    0.7284490975E+02    0.2628690252E+01
    0.7601236667E+02    0.7675101753E+02   -0.7386508621E+00
    0.5415630000E+02    0.5293496697E+02    0.1221333028E+01
    0.5043943333E+02    0.6406461657E+02   -0.1362518323E+02
    0.2761040000E+02    0.1830652006E+02    0.9303879942E+01
    0.4472750000E+02    0.4910559861E+02   -0.4378098607E+01
    0.6651516667E+02    0.6731827933E+02   -0.8031126602E+00
    0.7973906667E+02    0.8394499553E+02   -0.4205928866E+01
    0.1005121667E+03    0.1116553228E+03   -0.1114315609E+02
    0.4908086667E+02    0.4424832446E+02    0.4832542212E+01
    0.5592400000E+02    0.4934542855E+02    0.6578571452E+01
    0.1462273333E+02    0.1939442668E+02   -0.4771693349E+01
    0.5274676667E+02    0.5081324958E+02    0.1933517084E+01
    0.1263756667E+02    0.2401226898E+02   -0.1137470231E+02
    0.1576773333E+02    0.1814886386E+02   -0.2381130523E+01
    0.1876863333E+02    0.1905337867E+02   -0.2847453387E+00
    0.6769980000E+02    0.6924579540E+02   -0.1545995403E+01
    0.1240794333E+03    0.1108704302E+03    0.1320900316E+02
    0.6587150000E+02    0.6768876916E+02   -0.1817269162E+01
    0.3478613333E+02    0.4197706124E+02   -0.7190927910E+01
