     Index       y_measurement           y_fitting        descriptor_1
         1    0.1119034582E+03    0.1041493300E+03    0.3201998874E+03
         2    0.5781486579E+02    0.5486477353E+02    0.2288181221E+03
         3    0.6377679169E+02    0.6471158629E+02    0.2470757508E+03
         4    0.9969179946E+02    0.9218551525E+02    0.2980169849E+03
         5    0.9817976135E+02    0.8850880520E+02    0.2911997529E+03
         6    0.5573694755E+02    0.5680239673E+02    0.2324107978E+03
         7    0.6345732320E+02    0.6653846058E+02    0.2504630796E+03
         8    0.4895849377E+02    0.4577074452E+02    0.2119562797E+03
         9    0.5114042588E+02    0.5185452725E+02    0.2232366248E+03
        10    0.4348442747E+02    0.5400521806E+02    0.2272243633E+03
        11    0.3917125463E+02    0.4048209429E+02    0.2021502425E+03
        12    0.1156620276E+03    0.1082683261E+03    0.3278371913E+03
        13    0.4295367200E+02    0.3192034871E+02    0.1862753421E+03
        14    0.4050309916E+02    0.3483307251E+02    0.1916760165E+03
        15    0.1066234624E+03    0.9001018976E+02    0.2939835696E+03
        16    0.1218090654E+03    0.1139687469E+03    0.3384067197E+03
        17    0.1166603165E+03    0.1120400538E+03    0.3348306018E+03
        18    0.5656963783E+02    0.6690256098E+02    0.2511381823E+03
        19    0.4232796680E+02    0.3424119492E+02    0.1905785770E+03
        20    0.6493284567E+02    0.7640978166E+02    0.2687661508E+03
        21    0.6554370379E+02    0.6143192761E+02    0.2409947181E+03
        22    0.7208525840E+02    0.7126308250E+02    0.2592233145E+03
        23    0.9754851806E+02    0.9953035162E+02    0.3116355332E+03
        24    0.5888624772E+02    0.7007407418E+02    0.2570186953E+03
        25    0.3852234119E+02    0.3683548580E+02    0.1953888238E+03
        26    0.6380085368E+02    0.7957398165E+02    0.2746331039E+03
        27    0.4667560663E+02    0.5988479468E+02    0.2381260763E+03
        28    0.4197241641E+02    0.3830088313E+02    0.1981059142E+03
        29    0.5677301169E+02    0.6575537776E+02    0.2490111138E+03
        30    0.6496802097E+02    0.6653846058E+02    0.2504630796E+03
        31    0.6979480419E+02    0.7625157109E+02    0.2684728021E+03
        32    0.5481318806E+02    0.5489281022E+02    0.2288701068E+03
        33    0.6029149555E+02    0.6096217353E+02    0.2401237159E+03
        34    0.6014871550E+02    0.5838886783E+02    0.2353523791E+03
        35    0.5341138887E+02    0.4733607928E+02    0.2148586707E+03
        36    0.6882396517E+02    0.6109897668E+02    0.2403773717E+03
        37    0.6068008934E+02    0.5696518282E+02    0.2327126303E+03
        38    0.6555221939E+02    0.5970497931E+02    0.2377926687E+03
        39    0.1166313876E+03    0.1125093992E+03    0.3357008462E+03
        40    0.1314904999E+03    0.1336647125E+03    0.3749263160E+03
        41    0.4292238571E+02    0.4480736272E+02    0.2101700096E+03
        42    0.3499053213E+02    0.3465774903E+02    0.1913509376E+03
        43    0.4434460389E+02    0.4752779973E+02    0.2152141523E+03
        44    0.1048738256E+03    0.9624623347E+02    0.3055462319E+03
        45    0.3601177755E+02    0.2686971920E+02    0.1769106349E+03
        46    0.1256431161E+03    0.1199184338E+03    0.3494384288E+03
        47    0.4500912398E+02    0.3483307251E+02    0.1916760165E+03
        48    0.1038482190E+03    0.9401119601E+02    0.3014021007E+03
        49    0.1281946021E+03    0.1179507874E+03    0.3457900850E+03
        50    0.1112114300E+03    0.9980995253E+02    0.3121539598E+03
        51    0.9355975646E+02    0.8602796585E+02    0.2865998641E+03
        52    0.9368174085E+02    0.8222439263E+02    0.2795474067E+03
        53    0.5967295456E+02    0.4326546098E+02    0.2073110673E+03
        54    0.1165733788E+03    0.1058816823E+03    0.3234119567E+03
        55    0.1331123282E+03    0.1272943147E+03    0.3631145388E+03
        56    0.2632643497E+02    0.4034934844E+02    0.2019041096E+03
        57    0.2911030054E+02    0.4741065252E+02    0.2149969419E+03
        58    0.4146923460E+02    0.5106205067E+02    0.2217672414E+03
        59    0.6671768541E+02    0.6251342816E+02    0.2430000000E+03
        60    0.7983276551E+02    0.7057405149E+02    0.2579457364E+03
        61    0.8885745041E+02    0.7898723138E+02    0.2735451713E+03
        62    0.9558693600E+02    0.8776299751E+02    0.2898169014E+03
        63    0.9586478718E+02    0.9229003630E+02    0.2982107843E+03
        64    0.9672791808E+02    0.9691156876E+02    0.3067798742E+03
        65    0.1025991163E+03    0.1064433578E+03    0.3244533965E+03
        66    0.6056238656E+02    0.5959885771E+02    0.2375959016E+03
        67    0.5877006947E+02    0.6563493743E+02    0.2487877974E+03
        68    0.5965694308E+02    0.6868730312E+02    0.2544473911E+03
        69    0.5640091467E+02    0.7176114855E+02    0.2601468118E+03
        70    0.6447432788E+02    0.7796885473E+02    0.2716569316E+03
        71    0.7910835546E+02    0.8424884795E+02    0.2833010836E+03
        72    0.9311991210E+02    0.9059133400E+02    0.2950611077E+03
        73    0.9929422704E+02    0.1034215889E+03    0.3188505343E+03
        74    0.1053096570E+03    0.1098867046E+03    0.3308379343E+03
        75    0.2584017448E+02    0.2816764796E+02    0.1793172107E+03
        76    0.4286544992E+02    0.3602087393E+02    0.1938783979E+03
        77    0.4572791662E+02    0.4011541732E+02    0.2014703624E+03
        78    0.6067555305E+02    0.5309376354E+02    0.2255343750E+03
        79    0.6733571392E+02    0.6234428783E+02    0.2426863857E+03
        80    0.8475483777E+02    0.7209170363E+02    0.2607597159E+03
        81    0.9094232811E+02    0.8235183335E+02    0.2797837030E+03
        82    0.9342154533E+02    0.8767915174E+02    0.2896614374E+03
        83    0.9610191643E+02    0.9314065027E+02    0.2997879641E+03
        84    0.1039844407E+03    0.1044742757E+03    0.3208023908E+03
        85    0.1371480612E+03    0.1490314501E+03    0.4034188034E+03
        86    0.1366336255E+03    0.1454114798E+03    0.3967067764E+03
        87    0.1367350903E+03    0.1436006348E+03    0.3933491686E+03
        88    0.1362592133E+03    0.1417892163E+03    0.3899904973E+03
        89    0.1344648149E+03    0.1381646573E+03    0.3832699620E+03
        90    0.1317766937E+03    0.1345378006E+03    0.3765451664E+03
        91    0.1287616307E+03    0.1309086440E+03    0.3698161065E+03
        92    0.1271803418E+03    0.1272771854E+03    0.3630827783E+03
        93    0.1262177758E+03    0.1254605922E+03    0.3597145123E+03
        94    0.1252984708E+03    0.1236434227E+03    0.3563451777E+03
        95    0.1228725759E+03    0.1200073534E+03    0.3496033005E+03
        96    0.2683497468E+02    0.3561362789E+02    0.1931232960E+03
        97    0.3183535065E+02    0.3762374836E+02    0.1968503937E+03
        98    0.3359039622E+02    0.3862835208E+02    0.1987130961E+03
        99    0.4507237259E+02    0.4164033898E+02    0.2042978208E+03
       100    0.4998604832E+02    0.4364681134E+02    0.2080181543E+03
       101    0.5277935237E+02    0.4565206984E+02    0.2117362371E+03
       102    0.5611450524E+02    0.4765611567E+02    0.2154520714E+03
       103    0.5615313588E+02    0.4865768412E+02    0.2173091459E+03
       104    0.5781327978E+02    0.4965894979E+02    0.2191656590E+03
       105    0.2533836578E+02    0.3120924816E+02    0.1849568434E+03
       106    0.2326547267E+02    0.3059802252E+02    0.1838235294E+03
       107    0.2253675731E+02    0.2998147530E+02    0.1826803483E+03
       108    0.2456282289E+02    0.2873213550E+02    0.1803638645E+03
       109    0.2308806005E+02    0.2746065550E+02    0.1780063291E+03
       110    0.2267877177E+02    0.2616644152E+02    0.1756066411E+03
       111    0.2578843305E+02    0.2484887833E+02    0.1731636598E+03
       112    0.2337586858E+02    0.2418114239E+02    0.1719255663E+03
       113    0.2299003363E+02    0.2350732830E+02    0.1706762029E+03
       114    0.2450184071E+02    0.2214113032E+02    0.1681430446E+03
       115    0.5835275562E+02    0.5063165524E+02    0.2209692167E+03
       116    0.5348496578E+02    0.4754829422E+02    0.2152521525E+03
       117    0.4446999058E+02    0.4121359949E+02    0.2035065748E+03
       118    0.3957606325E+02    0.3795918763E+02    0.1974723539E+03
       119    0.3452159350E+02    0.3464458570E+02    0.1913265306E+03
       120    0.3332059993E+02    0.3126810836E+02    0.1850659800E+03
       121    0.2705301994E+02    0.2955612247E+02    0.1818916734E+03
       122    0.2419926750E+02    0.2782800674E+02    0.1786874594E+03
       123    0.2604492204E+02    0.2432246531E+02    0.1721876025E+03
       124    0.2880918270E+02    0.4249338996E+02    0.2058795192E+03
       125    0.3504358803E+02    0.5197507841E+02    0.2234601467E+03
       126    0.4256436714E+02    0.5694613189E+02    0.2326773067E+03
       127    0.4875284720E+02    0.6207542862E+02    0.2421878760E+03
       128    0.8402862800E+02    0.8424884795E+02    0.2833010836E+03
       129    0.1020479867E+03    0.9638256056E+02    0.3057990050E+03
       130    0.1047424560E+03    0.1092562616E+03    0.3296689881E+03
       131    0.1134858481E+03    0.1159807849E+03    0.3421373728E+03
       132    0.1359182557E+03    0.1373553694E+03    0.3817694077E+03
       133    0.6693454681E+02    0.6173120092E+02    0.2415496206E+03
       134    0.6809255274E+02    0.7017711822E+02    0.2572097561E+03
       135    0.6904760257E+02    0.7454443434E+02    0.2653074866E+03
       136    0.6988379938E+02    0.7900986419E+02    0.2735871363E+03
       137    0.8630026423E+02    0.9788137302E+02    0.3085780526E+03
       138    0.9652639442E+02    0.1079434315E+03    0.3272347826E+03
       139    0.1104302259E+03    0.1184389198E+03    0.3466951638E+03
       140    0.1236164255E+03    0.1238530040E+03    0.3567337764E+03
       141    0.1322700957E+03    0.1293800388E+03    0.3669818182E+03
       142    0.1360948904E+03    0.1407792195E+03    0.3881177953E+03
       143    0.3130959377E+02    0.3049378576E+02    0.1836302571E+03
       144    0.4308292970E+02    0.4092821678E+02    0.2029774278E+03
       145    0.4437180400E+02    0.4641292688E+02    0.2131469926E+03
       146    0.5059350036E+02    0.5208062406E+02    0.2236558459E+03
       147    0.6152011377E+02    0.6397907622E+02    0.2457175553E+03
       148    0.7558678816E+02    0.7665197115E+02    0.2692152104E+03
       149    0.8754089957E+02    0.9012802832E+02    0.2942020619E+03
       150    0.1047380597E+03    0.1044362817E+03    0.3207319436E+03
       151    0.1165991300E+03    0.1119116393E+03    0.3345925000E+03
       152    0.1287812479E+03    0.1196060727E+03    0.3488592593E+03
       153    0.1352458823E+03    0.1356670432E+03    0.3786389701E+03
