     Index       y_measurement           y_fitting        descriptor_1        descriptor_2
         1    0.2595301222E+03    0.2578321474E+03    0.7234250553E+01    0.6035527349E-02
         2    0.2079026556E+03    0.2082421881E+03    0.5084622165E+01    0.6340323208E-02
         3    0.2226869444E+03    0.2214477340E+03    0.5646803977E+01    0.6295062314E-02
         4    0.2405868667E+03    0.2398210484E+03    0.6557103207E+01    0.5783438225E-02
         5    0.2053415111E+03    0.2076428007E+03    0.5176236979E+01    0.5932195681E-02
         6    0.2209334444E+03    0.2208093051E+03    0.5735830166E+01    0.5890313316E-02
         7    0.1936777556E+03    0.1970829693E+03    0.4738066925E+01    0.5928539470E-02
         8    0.1820647889E+03    0.1855872382E+03    0.4565079823E+01    0.4859925746E-02
         9    0.1862727778E+03    0.1893119756E+03    0.4723204496E+01    0.4848712694E-02
        10    0.2896785556E+03    0.2893858156E+03    0.8479861506E+01    0.6269446110E-02
        11    0.2785376444E+03    0.2768456769E+03    0.7848552179E+01    0.6653702624E-02
        12    0.2668892556E+03    0.2657276718E+03    0.7570727323E+01    0.6007235866E-02
        13    0.2110321000E+03    0.2132094443E+03    0.5622464305E+01    0.5180360411E-02
        14    0.2256499111E+03    0.2264646785E+03    0.6183999931E+01    0.5144599672E-02
        15    0.2147564222E+03    0.2146427010E+03    0.5359466607E+01    0.6310107267E-02
        16    0.2279487222E+03    0.2280301901E+03    0.5929144176E+01    0.6265097772E-02
        17    0.2568662444E+03    0.2559940685E+03    0.7245143114E+01    0.5729660022E-02
        18    0.2505142889E+03    0.2508044381E+03    0.7025467722E+01    0.5743049679E-02
        19    0.2144034778E+03    0.2163459180E+03    0.5756332503E+01    0.5168408037E-02
        20    0.1817765778E+03    0.1808932093E+03    0.4424778761E+01    0.4667541746E-02
        21    0.2281654778E+03    0.2296872605E+03    0.6321422152E+01    0.5132743485E-02
        22    0.1819319111E+03    0.1805707370E+03    0.4495614035E+01    0.4372515463E-02
        23    0.2107032667E+03    0.2128620989E+03    0.5711965461E+01    0.4816345503E-02
        24    0.2151194444E+03    0.2171802516E+03    0.5584887267E+01    0.5890313316E-02
        25    0.2290660778E+03    0.2306146621E+03    0.6155525056E+01    0.5848775525E-02
        26    0.2044317667E+03    0.2060304978E+03    0.5122234513E+01    0.5886468398E-02
        27    0.2137194444E+03    0.2143267408E+03    0.5475253378E+01    0.5858614497E-02
        28    0.2164706222E+03    0.2189677505E+03    0.5913953804E+01    0.4998315653E-02
        29    0.2003932667E+03    0.2016660984E+03    0.5338035426E+01    0.4495067763E-02
        30    0.1893699333E+03    0.1880134778E+03    0.4891304348E+01    0.4070915361E-02
        31    0.2000597778E+03    0.2020139957E+03    0.5267399796E+01    0.4793098157E-02
        32    0.2051309444E+03    0.2058880855E+03    0.5431685170E+01    0.4782064750E-02
        33    0.2630736333E+03    0.2639726927E+03    0.7405852582E+01    0.6328989289E-02
        34    0.1871043000E+03    0.1880703444E+03    0.4757814184E+01    0.4546665468E-02
        35    0.1764319667E+03    0.1752692961E+03    0.4347826087E+01    0.4117877927E-02
        36    0.1914784222E+03    0.1918080740E+03    0.4916239810E+01    0.4536290879E-02
        37    0.2811406222E+03    0.2804188688E+03    0.8122855114E+01    0.6213573449E-02
        38    0.1923749111E+03    0.1918550804E+03    0.4283087713E+01    0.6760363687E-02
        39    0.1980689000E+03    0.1956558571E+03    0.4445878727E+01    0.6743885051E-02
        40    0.2452193667E+03    0.2476737010E+03    0.6612500000E+01    0.6733212197E-02
        41    0.2534758778E+03    0.2464295523E+03    0.6471946023E+01    0.7044201395E-02
        42    0.2469492333E+03    0.2412897061E+03    0.6253299198E+01    0.7061240375E-02
        43    0.2098778222E+03    0.2060309965E+03    0.4646430619E+01    0.7552751801E-02
        44    0.1845425556E+03    0.1857665310E+03    0.4574172414E+01    0.4854199170E-02
        45    0.1898993111E+03    0.1938527072E+03    0.4848551724E+01    0.5071135016E-02
        46    0.1952178111E+03    0.1980154532E+03    0.4989762931E+01    0.5182948521E-02
        47    0.2016502556E+03    0.2022592390E+03    0.5133689655E+01    0.5297056338E-02
        48    0.2105854111E+03    0.2109937798E+03    0.5429793103E+01    0.5532353377E-02
        49    0.2213828000E+03    0.2200641089E+03    0.5737068966E+01    0.5777434664E-02
        50    0.2304738556E+03    0.2294781372E+03    0.6055724138E+01    0.6032727952E-02
        51    0.2402382000E+03    0.2392439146E+03    0.6385965517E+01    0.6298681202E-02
        52    0.2422979556E+03    0.2442612645E+03    0.6555495690E+01    0.6435801078E-02
        53    0.2458938778E+03    0.2493696369E+03    0.6728000000E+01    0.6575763615E-02
        54    0.2572186333E+03    0.2598636530E+03    0.7082034483E+01    0.6864466732E-02
        55    0.2082812222E+03    0.2050193705E+03    0.5397523448E+01    0.4775163717E-02
        56    0.2124671556E+03    0.2119974429E+03    0.5624320000E+01    0.4997329597E-02
        57    0.2147394667E+03    0.2155235638E+03    0.5738227371E+01    0.5112031266E-02
        58    0.2172658444E+03    0.2190732780E+03    0.5852406207E+01    0.5229218744E-02
        59    0.2253844556E+03    0.2262400035E+03    0.6081368276E+01    0.5471279245E-02
        60    0.2513636333E+03    0.2482131808E+03    0.6769123448E+01    0.6263312001E-02
        61    0.2534225000E+03    0.2519344462E+03    0.6883270474E+01    0.6405597920E-02
        62    0.2547179556E+03    0.2556699802E+03    0.6997120000E+01    0.6551003943E-02
        63    0.2631218000E+03    0.2631798128E+03    0.7223675172E+01    0.6851467904E-02
        64    0.1924218778E+03    0.1924107964E+03    0.3999037500E+01    0.7836017066E-02
        65    0.1983598444E+03    0.1993983737E+03    0.4310610219E+01    0.7762690936E-02
        66    0.2024171778E+03    0.2030410627E+03    0.4472642045E+01    0.7725844836E-02
        67    0.2065748778E+03    0.2067851221E+03    0.4638921014E+01    0.7688890704E-02
        68    0.2156308111E+03    0.2145836756E+03    0.4984471942E+01    0.7614698386E-02
        69    0.2237516111E+03    0.2228067007E+03    0.5347767857E+01    0.7540190989E-02
        70    0.2350597111E+03    0.2314668966E+03    0.5729316312E+01    0.7465440784E-02
        71    0.2445528889E+03    0.2405769942E+03    0.6129627465E+01    0.7390515566E-02
        72    0.2477960889E+03    0.2453047431E+03    0.6336979167E+01    0.7353007347E-02
        73    0.2505340222E+03    0.2501497557E+03    0.6549213986E+01    0.7315478891E-02
        74    0.2601386889E+03    0.2601979743E+03    0.6988590972E+01    0.7240390311E-02
        75    0.3058445778E+03    0.3092083670E+03    0.9370588235E+01    0.6037449275E-02
        76    0.3013589222E+03    0.3038520576E+03    0.9144525547E+01    0.6048929131E-02
        77    0.2990407000E+03    0.3012036147E+03    0.9032727273E+01    0.6054678608E-02
        78    0.2966810000E+03    0.2985746931E+03    0.8921739130E+01    0.6060434461E-02
        79    0.2926131333E+03    0.2933745739E+03    0.8702158273E+01    0.6071965330E-02
        80    0.2877935333E+03    0.2882500487E+03    0.8485714286E+01    0.6083521803E-02
        81    0.2843988222E+03    0.2831995135E+03    0.8272340426E+01    0.6095103945E-02
        82    0.2820282667E+03    0.2782214093E+03    0.8061971831E+01    0.6106711821E-02
        83    0.2803237333E+03    0.2757590436E+03    0.7957894737E+01    0.6112525430E-02
        84    0.2744485778E+03    0.2684764743E+03    0.7650000000E+01    0.6130005036E-02
        85    0.1870242778E+03    0.1777381368E+03    0.4525862069E+01    0.3854011859E-02
        86    0.1838565333E+03    0.1787504302E+03    0.4568965517E+01    0.3850512718E-02
        87    0.1889144889E+03    0.1848247243E+03    0.4827586207E+01    0.3829595542E-02
        88    0.1899346000E+03    0.1878622128E+03    0.4956896552E+01    0.3819186682E-02
        89    0.1915395111E+03    0.1888747593E+03    0.5000000000E+01    0.3815724399E-02
        90    0.1921652444E+03    0.1908999278E+03    0.5086206897E+01    0.3808810813E-02
        91    0.1813102889E+03    0.1727039970E+03    0.4253472222E+01    0.4074649289E-02
        92    0.1717623333E+03    0.1728717258E+03    0.4166666667E+01    0.4403062705E-02
        93    0.1704806556E+03    0.1729644761E+03    0.4137323944E+01    0.4519326975E-02
        94    0.1700829333E+03    0.1732099401E+03    0.4078014184E+01    0.4762775687E-02
        95    0.1692373444E+03    0.1735410242E+03    0.4017857143E+01    0.5021662358E-02
        96    0.1708686111E+03    0.1744899305E+03    0.3894927536E+01    0.5590359394E-02
        97    0.1730707556E+03    0.1758776221E+03    0.3768382353E+01    0.6235628428E-02
        98    0.1931341889E+03    0.1891787758E+03    0.4895104895E+01    0.4227336143E-02
        99    0.1907203222E+03    0.1882714437E+03    0.4824561404E+01    0.4342215185E-02
       100    0.1876005778E+03    0.1873772870E+03    0.4753521127E+01    0.4460752949E-02
       101    0.1853022667E+03    0.1856317032E+03    0.4609929078E+01    0.4709345283E-02
       102    0.1818018444E+03    0.1839488036E+03    0.4464285714E+01    0.4974251255E-02
       103    0.1808356889E+03    0.1823360029E+03    0.4316546763E+01    0.5256705904E-02
       104    0.1786953444E+03    0.1808014142E+03    0.4166666667E+01    0.5558050454E-02
       105    0.1787971889E+03    0.1800661924E+03    0.4090909091E+01    0.5716257109E-02
       106    0.1796762778E+03    0.1793539179E+03    0.4014598540E+01    0.5879742562E-02
       107    0.1785659444E+03    0.1780032385E+03    0.3860294118E+01    0.6223367652E-02
       108    0.1863562667E+03    0.1886842089E+03    0.4698056250E+01    0.4845342491E-02
       109    0.1967213778E+03    0.2000836641E+03    0.5113018182E+01    0.5052565119E-02
       110    0.2087044444E+03    0.2122284680E+03    0.5556676761E+01    0.5267858121E-02
       111    0.2193693111E+03    0.2251570370E+03    0.6030536170E+01    0.5491549476E-02
       112    0.2362448000E+03    0.2389093311E+03    0.6536160714E+01    0.5723981516E-02
       113    0.2691348000E+03    0.2690529981E+03    0.7649276087E+01    0.6216512871E-02
       114    0.2765467111E+03    0.2771707070E+03    0.7950028409E+01    0.6345686285E-02
       115    0.2862961111E+03    0.2855325339E+03    0.8260216058E+01    0.6477374935E-02
       116    0.2959017111E+03    0.3030122472E+03    0.8909824265E+01    0.6748504724E-02
       117    0.2105255556E+03    0.2080756703E+03    0.5527125000E+01    0.4766475021E-02
       118    0.2250481778E+03    0.2238869450E+03    0.6092763158E+01    0.5088644201E-02
       119    0.2306701222E+03    0.2294105634E+03    0.6290577465E+01    0.5200456114E-02
       120    0.2418327444E+03    0.2408512754E+03    0.6700595745E+01    0.5431000067E-02
       121    0.2637099889E+03    0.2653729722E+03    0.7580546763E+01    0.5921186024E-02
       122    0.2798409111E+03    0.2784932346E+03    0.8051869565E+01    0.6181681137E-02
       123    0.2875471778E+03    0.2852771187E+03    0.8295681818E+01    0.6315975751E-02
       124    0.2945108667E+03    0.2922136697E+03    0.8545051095E+01    0.6453046794E-02
       125    0.3012605778E+03    0.3065555207E+03    0.9060838235E+01    0.6735761682E-02
       126    0.1966388111E+03    0.1953791144E+03    0.4126920000E+01    0.7820533421E-02
       127    0.2049353111E+03    0.2057325327E+03    0.4582779259E+01    0.7732179251E-02
       128    0.2096941111E+03    0.2112151770E+03    0.4823437500E+01    0.7687988586E-02
       129    0.2163081222E+03    0.2169082265E+03    0.5072845926E+01    0.7643802043E-02
       130    0.2288574333E+03    0.2289451919E+03    0.5598720000E+01    0.7555478728E-02
       131    0.2417612556E+03    0.2418832426E+03    0.6162037037E+01    0.7467280752E-02
       132    0.2556504667E+03    0.2557630113E+03    0.6764468148E+01    0.7379274401E-02
       133    0.2737433333E+03    0.2706259524E+03    0.7407720000E+01    0.7291521112E-02
       134    0.2828206778E+03    0.2784392923E+03    0.7745196759E+01    0.7247757312E-02
       135    0.2900036000E+03    0.2865143441E+03    0.8093534815E+01    0.7204077768E-02
       136    0.2989490444E+03    0.3034712897E+03    0.8823690370E+01    0.7116996971E-02
