	 Y 	 Y_pred 	 diff
    0.4311771491E+00    0.4065988040E+00    0.2457834512E-01
    0.2780862305E+00    0.2767777788E+00    0.1308451691E-02
    0.2863966357E+00    0.2929407944E+00   -0.6544158736E-02
    0.4041564535E+00    0.3708952819E+00    0.3326117158E-01
    0.4080844591E+00    0.3666959506E+00    0.4138850847E-01
    0.2714353627E+00    0.2762027719E+00   -0.4767409175E-02
    0.2872237083E+00    0.2927228719E+00   -0.5499163653E-02
    0.2527832565E+00    0.2333092143E+00    0.1947404226E-01
    0.2511563255E+00    0.2457846560E+00    0.5371669446E-02
    0.2186514932E+00    0.2385036944E+00   -0.1985220113E-01
    0.2151500840E+00    0.1898754494E+00    0.2527463462E-01
    0.2188755888E+00    0.1958097115E+00    0.2306587726E-01
    0.4440869345E+00    0.4347033898E+00    0.9383544639E-02
    0.4565628182E+00    0.4463765072E+00    0.1018631095E-01
    0.2267002756E+00    0.1892509693E+00    0.3744930631E-01
    0.2092739035E+00    0.1946524830E+00    0.1462142047E-01
    0.4412176146E+00    0.3908494354E+00    0.5036817916E-01
    0.4373163477E+00    0.4091425692E+00    0.2817377844E-01
    0.4371113264E+00    0.4202979187E+00    0.1681340766E-01
    0.2680617680E+00    0.3071032013E+00   -0.3904143330E-01
    0.2364462509E+00    0.1924744987E+00    0.4397175219E-01
    0.2877592344E+00    0.3191452171E+00   -0.3138598269E-01
    0.3052002036E+00    0.2990076339E+00    0.6192569692E-02
    0.3162345360E+00    0.3106424730E+00    0.5592063011E-02
    0.3810698261E+00    0.3993253762E+00   -0.1825555009E-01
    0.3893930302E+00    0.3964998322E+00   -0.7106801967E-02
    0.2746515510E+00    0.3247719776E+00   -0.5012042658E-01
    0.2119213688E+00    0.2143476250E+00   -0.2426256162E-02
    0.2796253592E+00    0.3340153244E+00   -0.5438996520E-01
    0.2320546000E+00    0.2862803449E+00   -0.5422574498E-01
    0.2307039824E+00    0.2133283711E+00    0.1737561128E-01
    0.2694453323E+00    0.2930344337E+00   -0.2358910140E-01
    0.3020090589E+00    0.3171469711E+00   -0.1513791218E-01
    0.3046928854E+00    0.3260373271E+00   -0.2134444165E-01
    0.2681246117E+00    0.2792025985E+00   -0.1107798680E-01
    0.2821058033E+00    0.2849957514E+00   -0.2889948136E-02
    0.3155324828E+00    0.3240907418E+00   -0.8558259081E-02
    0.3001533759E+00    0.2968465828E+00    0.3306793141E-02
    0.2820478834E+00    0.2678537895E+00    0.1419409387E-01
    0.3337535518E+00    0.2966334468E+00    0.3712010495E-01
    0.3033097908E+00    0.2907672442E+00    0.1254254654E-01
    0.3195628020E+00    0.2900550697E+00    0.2950773234E-01
    0.4433412280E+00    0.4337769590E+00    0.9564268949E-02
    0.4489842999E+00    0.4465356039E+00    0.2448696003E-02
    0.2294035237E+00    0.2052737956E+00    0.2412972805E-01
    0.1983230862E+00    0.1699273260E+00    0.2839576020E-01
    0.2315906063E+00    0.2103331683E+00    0.2125743803E-01
    0.4269733901E+00    0.3977931662E+00    0.2918022385E-01
    0.2011678056E+00    0.1730100433E+00    0.2815776231E-01
    0.4469048804E+00    0.4154990776E+00    0.3140580280E-01
    0.2339656649E+00    0.1936635295E+00    0.4030213533E-01
    0.2431243250E+00    0.1980248964E+00    0.4509942859E-01
    0.4234910986E+00    0.3869644816E+00    0.3652661705E-01
    0.4522062284E+00    0.4069331137E+00    0.4527311475E-01
    0.4210826770E+00    0.4019078195E+00    0.1917485745E-01
    0.3691071406E+00    0.3660941545E+00    0.3012986133E-02
    0.3793562733E+00    0.3618461814E+00    0.1751009190E-01
    0.2843223449E+00    0.2275027073E+00    0.5681963761E-01
    0.4463194501E+00    0.4289926077E+00    0.1732684249E-01
    0.4555457409E+00    0.4415580503E+00    0.1398769060E-01
    0.1426577999E+00    0.1759211817E+00   -0.3326338180E-01
    0.1532933446E+00    0.2131547932E+00   -0.5986144857E-01
    0.2124254665E+00    0.2312112392E+00   -0.1878577266E-01
    0.2458956862E+00    0.2489085369E+00   -0.3012850659E-02
    0.3168200734E+00    0.2832665499E+00    0.3355352349E-01
    0.3606096115E+00    0.3163068291E+00    0.4430278244E-01
    0.3855424304E+00    0.3481017796E+00    0.3744065074E-01
    0.3978840001E+00    0.3787187064E+00    0.1916529378E-01
    0.3956483535E+00    0.3936051582E+00    0.2043195388E-02
    0.3933726165E+00    0.4082202538E+00   -0.1484763734E-01
    0.3988790197E+00    0.4366648019E+00   -0.3778578224E-01
    0.2907721873E+00    0.2904429879E+00    0.3291993705E-03
    0.2766077859E+00    0.3078874288E+00   -0.3127964298E-01
    0.2778108002E+00    0.3162695611E+00   -0.3845876091E-01
    0.2595940232E+00    0.3244269452E+00   -0.6483292203E-01
    0.2860637736E+00    0.3400701616E+00   -0.5400638800E-01
    0.3369956056E+00    0.3548165211E+00   -0.1782091543E-01
    0.3829514472E+00    0.3686549382E+00    0.1429650903E-01
    0.3834132326E+00    0.3815619136E+00    0.1851319004E-02
    0.3842960836E+00    0.3876547466E+00   -0.3358662996E-02
    0.3898202890E+00    0.3934989114E+00   -0.3678622455E-02
    0.4002315923E+00    0.4044087086E+00   -0.4177116299E-02
    0.1342891712E+00    0.1556763660E+00   -0.2138719487E-01
    0.2160994330E+00    0.1960304579E+00    0.2006897517E-01
    0.2259092688E+00    0.2152586477E+00    0.1065062108E-01
    0.2378831299E+00    0.2338992568E+00    0.3983873047E-02
    0.2813862858E+00    0.2695367306E+00    0.1184955523E-01
    0.3009395713E+00    0.3031587321E+00   -0.2219160876E-02
    0.3605672677E+00    0.3349506048E+00    0.2561666286E-01
    0.3718718209E+00    0.3650729191E+00    0.6798901803E-02
    0.3770097654E+00    0.3795525011E+00   -0.2542735724E-02
    0.3835882870E+00    0.3936658760E+00   -0.1007758898E-01
    0.3997269348E+00    0.4208527398E+00   -0.2112580501E-01
    0.4484240400E+00    0.4806555408E+00   -0.3223150078E-01
    0.4533916717E+00    0.4799567621E+00   -0.2656509039E-01
    0.4572457538E+00    0.4795663289E+00   -0.2232057503E-01
    0.4592785290E+00    0.4791447410E+00   -0.1986621206E-01
    0.4595310313E+00    0.4781945690E+00   -0.1866353762E-01
    0.4578862221E+00    0.4770746714E+00   -0.1918844926E-01
    0.4527502248E+00    0.4757445529E+00   -0.2299432808E-01
    0.4509489184E+00    0.4741515813E+00   -0.2320266289E-01
    0.4502571878E+00    0.4732356485E+00   -0.2297846069E-01
    0.4487305421E+00    0.4722263019E+00   -0.2349575982E-01
    0.4477070965E+00    0.4698754386E+00   -0.2216834214E-01
    0.1422823761E+00    0.1570927438E+00   -0.1481036768E-01
    0.1702090010E+00    0.1769981721E+00   -0.6789171164E-02
    0.1796044697E+00    0.1864681900E+00   -0.6863720317E-02
    0.2246052236E+00    0.1956485328E+00    0.2895669080E-01
    0.2431527848E+00    0.2132190391E+00    0.2993374570E-01
    0.2672206022E+00    0.2298454172E+00    0.3737518498E-01
    0.2793822363E+00    0.2456353579E+00    0.3374687834E-01
    0.2945343546E+00    0.2606761072E+00    0.3385824738E-01
    0.2956445844E+00    0.2679385177E+00    0.2770606675E-01
    0.3018347465E+00    0.2750396436E+00    0.2679510293E-01
    0.3104478013E+00    0.2887863005E+00    0.2166150088E-01
    0.1609983312E+00    0.1556447494E+00    0.5353581785E-02
    0.1464057447E+00    0.1549207225E+00   -0.8514977794E-02
    0.1354515406E+00    0.1547221701E+00   -0.1927062946E-01
    0.1321953933E+00    0.1546393067E+00   -0.2244391343E-01
    0.1444167407E+00    0.1548422516E+00   -0.1042551088E-01
    0.1364241452E+00    0.1555754133E+00   -0.1915126817E-01
    0.1333490388E+00    0.1568892149E+00   -0.2354017611E-01
    0.1509255145E+00    0.1588391626E+00   -0.7913648046E-02
    0.1360308813E+00    0.1600715684E+00   -0.2404068710E-01
    0.1320689701E+00    0.1614864264E+00   -0.2941745631E-01
    0.1415712356E+00    0.1648984894E+00   -0.2332725386E-01
    0.2966245313E+00    0.2811108060E+00    0.1551372531E-01
    0.2769316302E+00    0.2680686058E+00    0.8863024392E-02
    0.2639498902E+00    0.2613011147E+00    0.2648775561E-02
    0.2484917914E+00    0.2543494956E+00   -0.5857704250E-02
    0.2399862202E+00    0.2398195147E+00    0.1667055058E-03
    0.2176879084E+00    0.2242962283E+00   -0.6608319898E-02
    0.1909003345E+00    0.2075239554E+00   -0.1662362094E-01
    0.1864659655E+00    0.1891320698E+00   -0.2666104297E-02
    0.1513056224E+00    0.1791644456E+00   -0.2785882323E-01
    0.1346825959E+00    0.1685611584E+00   -0.3387856252E-01
    0.1458560428E+00    0.1449239094E+00    0.9321334444E-03
    0.1545919717E+00    0.1787892688E+00   -0.2419729711E-01
    0.1781381791E+00    0.2229367793E+00   -0.4479860024E-01
    0.2098434920E+00    0.2435961430E+00   -0.3375265093E-01
    0.2335975515E+00    0.2634089812E+00   -0.2981142978E-01
    0.2777107383E+00    0.3007312460E+00   -0.2302050766E-01
    0.3556845611E+00    0.3353111682E+00    0.2037339286E-01
    0.4029868256E+00    0.3674747287E+00    0.3551209693E-01
    0.3891821346E+00    0.3974889097E+00   -0.8306775068E-02
    0.4103677372E+00    0.4117610385E+00   -0.1393301374E-02
    0.4480318505E+00    0.4255765306E+00    0.2245531990E-01
    0.4593358219E+00    0.4519263862E+00    0.7409435688E-02
    0.3179402455E+00    0.2861777564E+00    0.3176248908E-01
    0.3102337429E+00    0.3071133476E+00    0.3120395337E-02
    0.3068125379E+00    0.3172466548E+00   -0.1043411689E-01
    0.3029599096E+00    0.3271656525E+00   -0.2420574289E-01
    0.3140799395E+00    0.3463852827E+00   -0.3230534320E-01
    0.3409530845E+00    0.3648190711E+00   -0.2386598650E-01
    0.3660323783E+00    0.3825104141E+00   -0.1647803581E-01
    0.3946178759E+00    0.3994995775E+00   -0.4881701628E-02
    0.4298996304E+00    0.4077426368E+00    0.2215699365E-01
    0.4491178787E+00    0.4158239699E+00    0.3329390872E-01
    0.4517514088E+00    0.4315183886E+00    0.2023302016E-01
    0.1592238765E+00    0.1568834572E+00    0.2340419306E-02
    0.2102269710E+00    0.2064489515E+00    0.3778019529E-02
    0.2116025279E+00    0.2287450633E+00   -0.1714253541E-01
    0.2338955183E+00    0.2497279337E+00   -0.1583241537E-01
    0.2688141384E+00    0.2884515327E+00   -0.1963739425E-01
    0.3126505444E+00    0.3236819578E+00   -0.1103141345E-01
    0.3424241728E+00    0.3561185822E+00   -0.1369440945E-01
    0.3826141023E+00    0.3862480913E+00   -0.3633988970E-02
    0.4122722955E+00    0.4005621102E+00    0.1171018527E-01
    0.4440677561E+00    0.4144245676E+00    0.2964318854E-01
    0.4524044644E+00    0.4409151588E+00    0.1148930561E-01
