     Index       y_measurement           y_fitting        descriptor_1        descriptor_2
         1    0.7301306667E+02    0.8253134276E+02    0.2353836848E-02    0.3174096569E+04
         2    0.1115410667E+03    0.1033976120E+03    0.2776342656E-02    0.2981407858E+04
         3    0.1163904667E+03    0.1104751071E+03    0.2963224183E-02    0.2826112257E+04
         4    0.8049570000E+02    0.9392412202E+02    0.2544681672E-02    0.3151119453E+04
         5    0.7687850000E+02    0.9215125595E+02    0.2499879069E-02    0.3185871311E+04
         6    0.1124396667E+03    0.1036667882E+03    0.2766797646E-02    0.3009872921E+04
         7    0.1151615000E+03    0.1107466000E+03    0.2954057069E-02    0.2853872764E+04
         8    0.1120797667E+03    0.1131105388E+03    0.2940341033E-02    0.2959149069E+04
         9    0.1183827000E+03    0.1187163701E+03    0.3088064184E-02    0.2836762189E+04
        10    0.1263473667E+03    0.1216349968E+03    0.2981381201E-02    0.3151984096E+04
        11    0.1167774333E+03    0.1219135640E+03    0.3062698064E-02    0.2993213991E+04
        12    0.6767893333E+02    0.6956236400E+02    0.2103940809E-02    0.3267638147E+04
        13    0.1178638333E+03    0.1218071691E+03    0.3128939566E-02    0.2853026009E+04
        14    0.1260300667E+03    0.1246277429E+03    0.3216129066E-02    0.2764898358E+04
        15    0.6395140000E+02    0.7349245124E+02    0.2243708407E-02    0.3107112132E+04
        16    0.7548660000E+02    0.8001302226E+02    0.2471282202E-02    0.2849694222E+04
        17    0.7241710000E+02    0.8228212235E+02    0.2315627736E-02    0.3244846804E+04
        18    0.1167479333E+03    0.1026122623E+03    0.2683239594E-02    0.3148004904E+04
        19    0.1084637000E+03    0.1188297231E+03    0.3108705069E-02    0.2797849537E+04
        20    0.1173802333E+03    0.1097659849E+03    0.2873839283E-02    0.2987516784E+04
        21    0.1055167333E+03    0.1013214099E+03    0.2712334467E-02    0.3045924330E+04
        22    0.1077780667E+03    0.1084855883E+03    0.2901764505E-02    0.2888190821E+04
        23    0.8791373333E+02    0.9025230119E+02    0.2431614007E-02    0.3264944958E+04
        24    0.1162208000E+03    0.1007870999E+03    0.2650696110E-02    0.3155750982E+04
        25    0.1175302333E+03    0.1156296718E+03    0.3055398249E-02    0.2803687399E+04
        26    0.1218277333E+03    0.1080228081E+03    0.2842612470E-02    0.2995214546E+04
        27    0.1233274667E+03    0.1089855453E+03    0.2792192781E-02    0.3130627102E+04
        28    0.1119479000E+03    0.1154206974E+03    0.3039323616E-02    0.2830061921E+04
        29    0.1160802000E+03    0.1147211067E+03    0.2944085249E-02    0.3003858465E+04
        30    0.1127276667E+03    0.1070272324E+03    0.2861373814E-02    0.2924076346E+04
        31    0.1130756000E+03    0.1080712593E+03    0.2826753949E-02    0.3029524380E+04
        32    0.1132335667E+03    0.1138187716E+03    0.2977663512E-02    0.2905173581E+04
        33    0.1001382000E+03    0.1079210217E+03    0.2776132714E-02    0.3129116236E+04
        34    0.1001710667E+03    0.1054120034E+03    0.2859924353E-02    0.2874478768E+04
        35    0.9148953333E+02    0.1109329398E+03    0.2868610742E-02    0.3036302810E+04
        36    0.9892276667E+02    0.1074962120E+03    0.2790096440E-02    0.3086463664E+04
        37    0.9586320000E+02    0.1105262276E+03    0.2882359227E-02    0.2994683728E+04
        38    0.6868523333E+02    0.7046172059E+02    0.2087291120E-02    0.3331285101E+04
        39    0.7368413333E+02    0.7532766911E+02    0.2249506758E-02    0.3154895993E+04
        40    0.1155646000E+03    0.1212141896E+03    0.3004685727E-02    0.3090182223E+04
        41    0.1175400000E+03    0.1239826926E+03    0.3093702619E-02    0.2996587449E+04
        42    0.7083120000E+02    0.7522483064E+02    0.2218048640E-02    0.3216477990E+04
        43    0.1189540667E+03    0.1225850097E+03    0.3208840657E-02    0.2713433638E+04
        44    0.7171576667E+02    0.8168807361E+02    0.2447399752E-02    0.2953525148E+04
        45    0.1173187667E+03    0.1206183210E+03    0.3084860659E-02    0.2905298841E+04
        46    0.7212726667E+02    0.7418204144E+02    0.2223988513E-02    0.3170266396E+04
        47    0.6982910000E+02    0.8067717985E+02    0.2452927014E-02    0.2909203657E+04
        48    0.7875026667E+02    0.8092523373E+02    0.2365210704E-02    0.3098328312E+04
        49    0.9753893333E+02    0.9196136076E+02    0.2564662682E-02    0.3045973807E+04
        50    0.9081230000E+02    0.9019430767E+02    0.2520109143E-02    0.3080400853E+04
        51    0.1104217667E+03    0.1199531304E+03    0.3047853118E-02    0.2960025678E+04
        52    0.6689893333E+02    0.6845719541E+02    0.2108916530E-02    0.3221385610E+04
        53    0.7034353333E+02    0.7331728639E+02    0.2269923021E-02    0.3047301496E+04
        54    0.1323314333E+03    0.1290632748E+03    0.3075229793E-02    0.3200131480E+04
        55    0.1293472000E+03    0.1221417947E+03    0.2966048592E-02    0.3200131480E+04
        56    0.9314260000E+02    0.1062019368E+03    0.2714609188E-02    0.3200131480E+04
        57    0.8257986667E+02    0.9765980859E+02    0.2579863468E-02    0.3200131480E+04
        58    0.7522936667E+02    0.8897692768E+02    0.2442897479E-02    0.3200131480E+04
        59    0.7383243333E+02    0.8028798195E+02    0.2305835822E-02    0.3200131480E+04
        60    0.7589846667E+02    0.7597522301E+02    0.2237805257E-02    0.3200131480E+04
        61    0.7789620000E+02    0.7169856250E+02    0.2170344118E-02    0.3200131480E+04
        62    0.7840820000E+02    0.6329026271E+02    0.2037709442E-02    0.3200131480E+04
        63    0.1073171667E+03    0.1112297465E+03    0.2734540800E-02    0.3322689707E+04
        64    0.1140277000E+03    0.1091698692E+03    0.2702047768E-02    0.3322689707E+04
        65    0.1140622333E+03    0.1074752694E+03    0.2675316716E-02    0.3322689707E+04
        66    0.1204607667E+03    0.1054141965E+03    0.2642804824E-02    0.3322689707E+04
        67    0.1132415667E+03    0.1003891775E+03    0.2563538886E-02    0.3322689707E+04
        68    0.9731303333E+02    0.9444039288E+02    0.2469701233E-02    0.3322689707E+04
        69    0.8288196667E+02    0.8784697783E+02    0.2365695014E-02    0.3322689707E+04
        70    0.7972536667E+02    0.6622714484E+02    0.2024658227E-02    0.3322689707E+04
        71    0.1177511000E+03    0.1206056447E+03    0.3042846552E-02    0.2991604172E+04
        72    0.1165381667E+03    0.1165728989E+03    0.2973943187E-02    0.3002522436E+04
        73    0.9885580000E+02    0.9532607168E+02    0.2612341292E-02    0.3057113753E+04
        74    0.8333353333E+02    0.8670352165E+02    0.2465747379E-02    0.3078950280E+04
        75    0.8251083333E+02    0.7819290219E+02    0.2320919088E-02    0.3100786806E+04
        76    0.8122306667E+02    0.6987944851E+02    0.2179200940E-02    0.3122623333E+04
        77    0.7805130000E+02    0.6182780875E+02    0.2041612712E-02    0.3144459860E+04
        78    0.7565850000E+02    0.6941663507E+02    0.2107313467E-02    0.3255932203E+04
        79    0.7168876667E+02    0.6880310800E+02    0.2086036493E-02    0.3279872881E+04
        80    0.6723246667E+02    0.6817790254E+02    0.2064575301E-02    0.3303813559E+04
        81    0.6564466667E+02    0.6754081468E+02    0.2042926673E-02    0.3327754237E+04
        82    0.6549303333E+02    0.6623014855E+02    0.1999053808E-02    0.3375635593E+04
        83    0.6527446667E+02    0.6555613457E+02    0.1976822698E-02    0.3399576271E+04
        84    0.6491693333E+02    0.6521435912E+02    0.1965631924E-02    0.3411546610E+04
        85    0.6509713333E+02    0.6486936627E+02    0.1954390398E-02    0.3423516949E+04
        86    0.6360703333E+02    0.6416961080E+02    0.1931753235E-02    0.3447457627E+04
        87    0.1331329333E+03    0.1237876323E+03    0.3124615223E-02    0.2926432292E+04
        88    0.1303768667E+03    0.1210926812E+03    0.3082104375E-02    0.2926432292E+04
        89    0.1089584667E+03    0.1156512279E+03    0.2996269495E-02    0.2926432292E+04
        90    0.1032596000E+03    0.1129042839E+03    0.2952938497E-02    0.2926432292E+04
        91    0.1006016333E+03    0.1101395602E+03    0.2909327037E-02    0.2926432292E+04
        92    0.9690393333E+02    0.1073568253E+03    0.2865431462E-02    0.2926432292E+04
        93    0.9634486667E+02    0.1059586298E+03    0.2843375969E-02    0.2926432292E+04
        94    0.1249338000E+03    0.1231758776E+03    0.3192079586E-02    0.2767266584E+04
        95    0.1282895000E+03    0.1232774654E+03    0.3198369875E-02    0.2757590826E+04
        96    0.1282394333E+03    0.1233786813E+03    0.3204654297E-02    0.2747915069E+04
        97    0.1238324333E+03    0.1235800000E+03    0.3217205583E-02    0.2728563554E+04
        98    0.1256808333E+03    0.1239782047E+03    0.3242238232E-02    0.2689860525E+04
        99    0.1205031000E+03    0.1241751017E+03    0.3254719768E-02    0.2670509011E+04
       100    0.1237962000E+03    0.1242730012E+03    0.3260951876E-02    0.2660833253E+04
       101    0.1263286333E+03    0.1243705356E+03    0.3267178225E-02    0.2651157496E+04
       102    0.1243047333E+03    0.1245645119E+03    0.3279613689E-02    0.2631805982E+04
       103    0.9942550000E+02    0.1011693519E+03    0.2790146354E-02    0.2880368098E+04
       104    0.1039796667E+03    0.1042094595E+03    0.2847792847E-02    0.2860365542E+04
       105    0.1100665000E+03    0.1101971939E+03    0.2961627018E-02    0.2820360429E+04
       106    0.1200650667E+03    0.1160650328E+03    0.3073569926E-02    0.2780355317E+04
       107    0.1181213667E+03    0.1189552237E+03    0.3128851594E-02    0.2760352761E+04
       108    0.1254120333E+03    0.1203895952E+03    0.3156323267E-02    0.2750351483E+04
       109    0.1295430000E+03    0.1218168951E+03    0.3183683390E-02    0.2740350204E+04
       110    0.1281758000E+03    0.1246505077E+03    0.3238072577E-02    0.2720347648E+04
       111    0.1324569000E+03    0.1295052763E+03    0.3148420906E-02    0.3063454265E+04
       112    0.1310257333E+03    0.1253674984E+03    0.3093457590E-02    0.3042180277E+04
       113    0.1248918667E+03    0.1226146624E+03    0.3055187177E-02    0.3031543283E+04
       114    0.1208332667E+03    0.1194893751E+03    0.3011041621E-02    0.3020906289E+04
       115    0.9142540000E+02    0.1042750253E+03    0.2791660675E-02    0.2978358313E+04
       116    0.8069620000E+02    0.9560984374E+02    0.2665280933E-02    0.2957084326E+04
       117    0.9159523333E+02    0.8657679135E+02    0.2533098303E-02    0.2935810338E+04
       118    0.8447216667E+02    0.8198290893E+02    0.2465786751E-02    0.2925173344E+04
       119    0.6796646667E+02    0.6812093362E+02    0.2262584980E-02    0.2893262362E+04
       120    0.9883910000E+02    0.1119107640E+03    0.2811911718E-02    0.3185167263E+04
       121    0.1059929000E+03    0.1127348285E+03    0.2835627283E-02    0.3163048046E+04
       122    0.1099493000E+03    0.1120751779E+03    0.2830580065E-02    0.3151988437E+04
       123    0.1138922667E+03    0.1108201666E+03    0.2816141474E-02    0.3140928829E+04
       124    0.1074090000E+03    0.1012830688E+03    0.2687133968E-02    0.3096690395E+04
       125    0.1007096000E+03    0.9461261089E+02    0.2592629015E-02    0.3074571178E+04
       126    0.9387423333E+02    0.8715338564E+02    0.2485681844E-02    0.3052451960E+04
       127    0.7212493333E+02    0.7917458043E+02    0.2370538685E-02    0.3030332743E+04
       128    0.7295700000E+02    0.7088952008E+02    0.2250564579E-02    0.3008213526E+04
       129    0.1322593000E+03    0.1288338534E+03    0.3245855450E-02    0.2840486735E+04
       130    0.1247315333E+03    0.1239308391E+03    0.3168514046E-02    0.2840486735E+04
       131    0.1238607000E+03    0.1175624852E+03    0.3068057999E-02    0.2840486735E+04
       132    0.1190111667E+03    0.1101405079E+03    0.2950981827E-02    0.2840486735E+04
       133    0.1090786333E+03    0.1019957533E+03    0.2822504379E-02    0.2840486735E+04
       134    0.1036082667E+03    0.9339291828E+02    0.2686801055E-02    0.2840486735E+04
       135    0.8489250000E+02    0.8007800372E+02    0.2476768180E-02    0.2840486735E+04
       136    0.7258806667E+02    0.7561090609E+02    0.2406303037E-02    0.2840486735E+04
