     Index       y_measurement           y_fitting        descriptor_1
         1    0.4067373667E+03    0.4296186176E+03    0.1564553420E+00
         2    0.2857956333E+03    0.3189313449E+03    0.1256449681E+00
         3    0.3071145667E+03    0.3320380886E+03    0.1292932979E+00
         4    0.3819834000E+03    0.3965972837E+03    0.1472636832E+00
         5    0.3764530667E+03    0.3916502290E+03    0.1458866450E+00
         6    0.2785538000E+03    0.3196413881E+03    0.1258426123E+00
         7    0.3041485333E+03    0.3326658147E+03    0.1294680287E+00
         8    0.2586766667E+03    0.2904012698E+03    0.1177034744E+00
         9    0.2725297000E+03    0.2985154121E+03    0.1199620878E+00
        10    0.2541748667E+03    0.2966610387E+03    0.1194459134E+00
        11    0.2338034333E+03    0.2644206542E+03    0.1104716359E+00
        12    0.4148450000E+03    0.4528244569E+03    0.1629148072E+00
        13    0.2451061333E+03    0.2614614374E+03    0.1096479226E+00
        14    0.2466809333E+03    0.2652980671E+03    0.1107158683E+00
        15    0.3836031333E+03    0.4131600765E+03    0.1518740221E+00
        16    0.4372498667E+03    0.4451838327E+03    0.1607880000E+00
        17    0.4187009000E+03    0.4363965317E+03    0.1583420094E+00
        18    0.2869700333E+03    0.3268710158E+03    0.1278550165E+00
        19    0.2344907333E+03    0.2411958977E+03    0.1040069050E+00
        20    0.3091172667E+03    0.3399113383E+03    0.1314848576E+00
        21    0.3023439333E+03    0.3242817342E+03    0.1271342766E+00
        22    0.3266636333E+03    0.3375534032E+03    0.1308285142E+00
        23    0.3781231333E+03    0.4012346196E+03    0.1485545096E+00
        24    0.2956743000E+03    0.3296986817E+03    0.1286421119E+00
        25    0.2309024667E+03    0.2434601309E+03    0.1046371660E+00
        26    0.3124557667E+03    0.3428245316E+03    0.1322957600E+00
        27    0.2616502000E+03    0.3006054933E+03    0.1205438727E+00
        28    0.2359238667E+03    0.2441874028E+03    0.1048396059E+00
        29    0.2859014667E+03    0.3087359148E+03    0.1228070175E+00
        30    0.3238940333E+03    0.3410881460E+03    0.1318124281E+00
        31    0.2779039000E+03    0.2980053267E+03    0.1198201029E+00
        32    0.2942082000E+03    0.3062744584E+03    0.1221218584E+00
        33    0.2794223333E+03    0.2803766611E+03    0.1149130728E+00
        34    0.2552500667E+03    0.2521333790E+03    0.1070514094E+00
        35    0.2961311333E+03    0.2842243627E+03    0.1159841004E+00
        36    0.2801430000E+03    0.2793596388E+03    0.1146299794E+00
        37    0.2908341667E+03    0.2832264448E+03    0.1157063248E+00
        38    0.4175716333E+03    0.4563092591E+03    0.1638848199E+00
        39    0.4715966000E+03    0.4848641090E+03    0.1718332098E+00
        40    0.2449100333E+03    0.2676847090E+03    0.1113802024E+00
        41    0.2527308000E+03    0.2714064280E+03    0.1124161621E+00
        42    0.3850257000E+03    0.4173993156E+03    0.1530540362E+00
        43    0.2249314667E+03    0.2373743034E+03    0.1029431445E+00
        44    0.4458766000E+03    0.4494290379E+03    0.1619696748E+00
        45    0.2500072667E+03    0.2637355741E+03    0.1102809403E+00
        46    0.3817229000E+03    0.4163902770E+03    0.1527731651E+00
        47    0.4540849667E+03    0.4486155165E+03    0.1617432269E+00
        48    0.4109789667E+03    0.4279707850E+03    0.1559966593E+00
        49    0.3771303667E+03    0.3943334571E+03    0.1466335354E+00
        50    0.3714014333E+03    0.3892921133E+03    0.1452302513E+00
        51    0.2889783333E+03    0.2929127264E+03    0.1184025513E+00
        52    0.4162779667E+03    0.4518597541E+03    0.1626462772E+00
        53    0.4713814667E+03    0.4804142817E+03    0.1705945774E+00
        54    0.2587401333E+03    0.2598806009E+03    0.1092078886E+00
        55    0.2808691333E+03    0.2815857359E+03    0.1152496250E+00
        56    0.3446522333E+03    0.3271779729E+03    0.1279404596E+00
        57    0.3739319333E+03    0.3510810096E+03    0.1345939933E+00
        58    0.4037782333E+03    0.3757323864E+03    0.1414558313E+00
        59    0.4238937333E+03    0.4011397304E+03    0.1485280967E+00
        60    0.4241497333E+03    0.4141292379E+03    0.1521437932E+00
        61    0.4298645000E+03    0.4273105386E+03    0.1558128763E+00
        62    0.4552735000E+03    0.4542521804E+03    0.1633122214E+00
        63    0.2913401333E+03    0.2779588777E+03    0.1142400703E+00
        64    0.3010334667E+03    0.2983807489E+03    0.1199246036E+00
        65    0.3113269333E+03    0.3088002793E+03    0.1228249337E+00
        66    0.3186861333E+03    0.3193592503E+03    0.1257640778E+00
        67    0.3487913667E+03    0.3408966148E+03    0.1317591144E+00
        68    0.3853828667E+03    0.3629949916E+03    0.1379103117E+00
        69    0.4130206000E+03    0.3856564502E+03    0.1442182457E+00
        70    0.4657620000E+03    0.4570388910E+03    0.1640879167E+00
        71    0.3043565333E+03    0.2775766918E+03    0.1141336869E+00
        72    0.3150956000E+03    0.2888109472E+03    0.1172607999E+00
        73    0.3840882333E+03    0.3479775756E+03    0.1337301364E+00
        74    0.4160088000E+03    0.3730737420E+03    0.1407157839E+00
        75    0.4356066667E+03    0.3990073363E+03    0.1479345338E+00
        76    0.4442737333E+03    0.4257922201E+03    0.1553902445E+00
        77    0.4648353333E+03    0.4534423729E+03    0.1630868073E+00
        78    0.5172851333E+03    0.5253511449E+03    0.1831029853E+00
        79    0.5151889667E+03    0.5202486680E+03    0.1816826845E+00
        80    0.5133680667E+03    0.5152204153E+03    0.1802830444E+00
        81    0.5106567333E+03    0.5102647846E+03    0.1789036190E+00
        82    0.5038068667E+03    0.5005652070E+03    0.1762036915E+00
        83    0.5020189333E+03    0.4958182776E+03    0.1748823592E+00
        84    0.5003844000E+03    0.4934698962E+03    0.1742286751E+00
        85    0.4993860000E+03    0.4911380030E+03    0.1735795806E+00
        86    0.4951073333E+03    0.4865229940E+03    0.1722949690E+00
        87    0.2713804000E+03    0.2407265010E+03    0.1038762460E+00
        88    0.2536501333E+03    0.2425792901E+03    0.1043919794E+00
        89    0.2607602000E+03    0.2463406146E+03    0.1054389635E+00
        90    0.2631706000E+03    0.2482497123E+03    0.1059703707E+00
        91    0.2673784667E+03    0.2501781507E+03    0.1065071615E+00
        92    0.2694989667E+03    0.2521262259E+03    0.1070494183E+00
        93    0.2652660667E+03    0.2531077209E+03    0.1073226225E+00
        94    0.2374204333E+03    0.2376683547E+03    0.1030249952E+00
        95    0.2283086667E+03    0.2373912458E+03    0.1029478605E+00
        96    0.2257176333E+03    0.2371255468E+03    0.1028739018E+00
        97    0.2310318667E+03    0.2366281865E+03    0.1027354590E+00
        98    0.2320685333E+03    0.2357684015E+03    0.1024961334E+00
        99    0.2410007667E+03    0.2354053574E+03    0.1023950782E+00
       100    0.2430929000E+03    0.2352404282E+03    0.1023491693E+00
       101    0.2456903000E+03    0.2350865208E+03    0.1023063284E+00
       102    0.2426874667E+03    0.2348116637E+03    0.1022298205E+00
       103    0.2717586000E+03    0.2552639220E+03    0.1079228122E+00
       104    0.2659497000E+03    0.2525519551E+03    0.1071679222E+00
       105    0.2586609333E+03    0.2474586330E+03    0.1057501697E+00
       106    0.2502162667E+03    0.2427822922E+03    0.1044484861E+00
       107    0.2534641000E+03    0.2405923314E+03    0.1038388992E+00
       108    0.2541741667E+03    0.2395330908E+03    0.1035440541E+00
       109    0.2546677000E+03    0.2384972066E+03    0.1032557104E+00
       110    0.2478107667E+03    0.2364941585E+03    0.1026981516E+00
       111    0.2566177333E+03    0.2627938642E+03    0.1100188105E+00
       112    0.2826566667E+03    0.2877760291E+03    0.1169727251E+00
       113    0.3005005000E+03    0.3006821677E+03    0.1205652154E+00
       114    0.3151633333E+03    0.3138704213E+03    0.1242362339E+00
       115    0.3904840000E+03    0.3695277222E+03    0.1397287310E+00
       116    0.4207588667E+03    0.3991585654E+03    0.1479766292E+00
       117    0.4441880000E+03    0.4300375679E+03    0.1565719590E+00
       118    0.4642795333E+03    0.4459563835E+03    0.1610030435E+00
       119    0.5036133333E+03    0.4956854947E+03    0.1748453984E+00
       120    0.2946690000E+03    0.2810154827E+03    0.1150908921E+00
       121    0.3090159667E+03    0.3048390264E+03    0.1217222985E+00
       122    0.3192131333E+03    0.3170948415E+03    0.1251337679E+00
       123    0.3324828333E+03    0.3295836966E+03    0.1286101052E+00
       124    0.3933250000E+03    0.3819260239E+03    0.1431798623E+00
       125    0.4207501667E+03    0.4095698603E+03    0.1508746669E+00
       126    0.4555497333E+03    0.4382272289E+03    0.1588515934E+00
       127    0.5019539333E+03    0.4679227035E+03    0.1671174821E+00
       128    0.5099616667E+03    0.4986814984E+03    0.1756793515E+00
       129    0.2921547667E+03    0.2587422810E+03    0.1088910314E+00
       130    0.3085777333E+03    0.2840217075E+03    0.1159276903E+00
       131    0.3316307000E+03    0.3104514515E+03    0.1232845460E+00
       132    0.3590403667E+03    0.3380646702E+03    0.1309708280E+00
       133    0.3920042333E+03    0.3668951082E+03    0.1389959293E+00
       134    0.4221508000E+03    0.3969771121E+03    0.1473694104E+00
       135    0.4795982333E+03    0.4445234498E+03    0.1606041790E+00
       136    0.4991327333E+03    0.4610362852E+03    0.1652006120E+00
