	 Y 	 Y_pred 	 diff
    0.1119034582E+03    0.1040043296E+03    0.7899128633E+01
    0.5781486579E+02    0.5487672929E+02    0.2938136504E+01
    0.6377679169E+02    0.6469218296E+02   -0.9153912626E+00
    0.9969179946E+02    0.9207861590E+02    0.7613183560E+01
    0.9817976135E+02    0.8841361503E+02    0.9766146316E+01
    0.5573694755E+02    0.5680818174E+02   -0.1071234185E+01
    0.6345732320E+02    0.6651323924E+02   -0.3055916037E+01
    0.4895849377E+02    0.4581166195E+02    0.3146831818E+01
    0.5114042588E+02    0.5187606970E+02   -0.7356438251E+00
    0.4348442747E+02    0.5401991121E+02   -0.1053548374E+02
    0.3917125463E+02    0.4053985443E+02   -0.1368599800E+01
    0.4077056391E+02    0.4328355719E+02   -0.2512993283E+01
    0.1156620276E+03    0.1081102080E+03    0.7551819638E+01
    0.1322564577E+03    0.1292147659E+03    0.3041691757E+01
    0.4295367200E+02    0.3200537541E+02    0.1094829659E+02
    0.4050309916E+02    0.3490882304E+02    0.5594276119E+01
    0.1066234624E+03    0.8991021815E+02    0.1671324421E+02
    0.1218090654E+03    0.1137924747E+03    0.8016590635E+01
    0.1166603165E+03    0.1118699238E+03    0.4790392671E+01
    0.5656963783E+02    0.6687618005E+02   -0.1030654223E+02
    0.4232796680E+02    0.3431883043E+02    0.8009136374E+01
    0.6493284567E+02    0.7635312320E+02   -0.1142027752E+02
    0.6554370379E+02    0.6142296898E+02    0.4120734806E+01
    0.7208525840E+02    0.7122281469E+02    0.8624437136E+00
    0.9788397509E+02    0.1030565123E+03   -0.5172537237E+01
    0.9754851806E+02    0.9940006122E+02   -0.1851543163E+01
    0.5888624772E+02    0.7003759296E+02   -0.1115134524E+02
    0.3852234119E+02    0.3690485926E+02    0.1617481930E+01
    0.6380085368E+02    0.7950724614E+02   -0.1570639246E+02
    0.4667560663E+02    0.5988076322E+02   -0.1320515660E+02
    0.4197241641E+02    0.3836558977E+02    0.3606826649E+01
    0.5677301169E+02    0.6573265026E+02   -0.8959638562E+01
    0.6496802097E+02    0.6651323924E+02   -0.1545218268E+01
    0.6979480419E+02    0.7619541644E+02   -0.6400612253E+01
    0.5481318806E+02    0.5490467666E+02   -0.9148859542E-01
    0.6029149555E+02    0.6095471094E+02   -0.6632153938E+00
    0.6830351287E+02    0.7157559287E+02   -0.3272079997E+01
    0.6014871550E+02    0.5838960040E+02    0.1759115099E+01
    0.5341138887E+02    0.4737201162E+02    0.6039377251E+01
    0.6882396517E+02    0.6109107838E+02    0.7732886788E+01
    0.6068008934E+02    0.5697044939E+02    0.3709639956E+01
    0.6555221939E+02    0.5970152050E+02    0.5850698888E+01
    0.1166313876E+03    0.1123377745E+03    0.4293613130E+01
    0.1314904999E+03    0.1334257147E+03   -0.1935214818E+01
    0.4292238571E+02    0.4485134825E+02   -0.1928962539E+01
    0.3499053213E+02    0.3473405794E+02    0.2564741926E+00
    0.4434460389E+02    0.4756312148E+02   -0.3218517589E+01
    0.1048738256E+03    0.9612640197E+02    0.8747423584E+01
    0.3601177755E+02    0.2697083056E+02    0.9040946988E+01
    0.1256431161E+03    0.1197232137E+03    0.5919902478E+01
    0.4500912398E+02    0.3490882304E+02    0.1010030094E+02
    0.4815536762E+02    0.3780990917E+02    0.1034545845E+02
    0.1038482190E+03    0.9389848242E+02    0.9949736575E+01
    0.1281946021E+03    0.1177618336E+03    0.1043276858E+02
    0.1112114300E+03    0.9967877167E+02    0.1153265831E+02
    0.9355975646E+02    0.8594067642E+02    0.7619080038E+01
    0.9368174085E+02    0.8214921642E+02    0.1153252443E+02
    0.5967295456E+02    0.4331435699E+02    0.1635859757E+02
    0.1165733788E+03    0.1057311649E+03    0.1084221388E+02
    0.1331123282E+03    0.1270756046E+03    0.6036723565E+01
    0.2632643497E+02    0.4040753134E+02   -0.1408109637E+02
    0.2911030054E+02    0.4744634735E+02   -0.1833604681E+02
    0.4146923460E+02    0.5108611690E+02   -0.9616882306E+01
    0.4958492797E+02    0.5480769285E+02   -0.5222764885E+01
    0.6671768541E+02    0.6250102529E+02    0.4216660122E+01
    0.7983276551E+02    0.7053597803E+02    0.9296787478E+01
    0.8885745041E+02    0.7892236453E+02    0.9935085879E+01
    0.9558693600E+02    0.8767018253E+02    0.7916753473E+01
    0.9586478718E+02    0.9218280409E+02    0.3681983090E+01
    0.9672791808E+02    0.9678961840E+02   -0.6170031899E-01
    0.1025991163E+03    0.1062910516E+03   -0.3691935308E+01
    0.6056238656E+02    0.5959573687E+02    0.9666496879E+00
    0.5877006947E+02    0.6561259353E+02   -0.6842524066E+01
    0.5965694308E+02    0.6865523833E+02   -0.8998295259E+01
    0.5640091467E+02    0.7171929452E+02   -0.1531837985E+02
    0.6447432788E+02    0.7790723108E+02   -0.1343290321E+02
    0.7910835546E+02    0.8416722445E+02   -0.5058868987E+01
    0.9311991210E+02    0.9048951161E+02    0.2630400490E+01
    0.9637614321E+02    0.9686373073E+02   -0.4875875217E+00
    0.9738927426E+02    0.1000669093E+03   -0.2677634994E+01
    0.9929422704E+02    0.1032789061E+03   -0.3984679023E+01
    0.1053096570E+03    0.1097234325E+03   -0.4413775477E+01
    0.2584017448E+02    0.2826462583E+02   -0.2424451343E+01
    0.4286544992E+02    0.3609284170E+02    0.6772608226E+01
    0.4572791662E+02    0.4017434523E+02    0.5553571387E+01
    0.4914067848E+02    0.4436998588E+02    0.4770692601E+01
    0.6067555305E+02    0.5311135940E+02    0.7564193651E+01
    0.6733571392E+02    0.6233242364E+02    0.5003290278E+01
    0.8475483777E+02    0.7204879692E+02    0.1270604085E+02
    0.9094232811E+02    0.8227625126E+02    0.8666076849E+01
    0.9342154533E+02    0.8758660381E+02    0.5834941525E+01
    0.9610191643E+02    0.9303070915E+02    0.3071207281E+01
    0.1039844407E+03    0.1043282405E+03   -0.3437997178E+00
    0.1371480612E+03    0.1487435139E+03   -0.1159545276E+02
    0.1366336255E+03    0.1451350722E+03   -0.8501446641E+01
    0.1367350903E+03    0.1433299942E+03   -0.6594903874E+01
    0.1362592133E+03    0.1415243444E+03   -0.5265131154E+01
    0.1344648149E+03    0.1379113285E+03   -0.3446513535E+01
    0.1317766937E+03    0.1342960222E+03   -0.2519328478E+01
    0.1287616307E+03    0.1306784234E+03   -0.1916792717E+01
    0.1271803418E+03    0.1270585299E+03    0.1218118978E+00
    0.1262177758E+03    0.1252477220E+03    0.9700538719E+00
    0.1252984708E+03    0.1234363395E+03    0.1862131300E+01
    0.1228725759E+03    0.1198118501E+03    0.3060725811E+01
    0.2683497468E+02    0.3568689259E+02   -0.8851917918E+01
    0.3183535065E+02    0.3769061147E+02   -0.5855260814E+01
    0.3359039622E+02    0.3869201586E+02   -0.5101619631E+01
    0.4129513778E+02    0.3969311706E+02    0.1602020719E+01
    0.4507237259E+02    0.4169441049E+02    0.3377962095E+01
    0.4998604832E+02    0.4369449285E+02    0.6291555471E+01
    0.5277935237E+02    0.4569336524E+02    0.7085987132E+01
    0.5611450524E+02    0.4769102875E+02    0.8423476490E+01
    0.5615313588E+02    0.4868940752E+02    0.7463728359E+01
    0.5781327978E+02    0.4968748449E+02    0.8125795289E+01
    0.5965727763E+02    0.5168273354E+02    0.7974544087E+01
    0.2919065394E+02    0.3249945598E+02   -0.3308802042E+01
    0.2533836578E+02    0.3129653948E+02   -0.5958173698E+01
    0.2326547267E+02    0.3068726041E+02   -0.7421787741E+01
    0.2253675731E+02    0.3007267668E+02   -0.7535919369E+01
    0.2456282289E+02    0.2882731566E+02   -0.4264492771E+01
    0.2308806005E+02    0.2755988495E+02   -0.4471824897E+01
    0.2267877177E+02    0.2626979264E+02   -0.3591020865E+01
    0.2578843305E+02    0.2495642547E+02    0.8320075799E+00
    0.2337586858E+02    0.2429081609E+02   -0.9149475136E+00
    0.2299003363E+02    0.2361914785E+02   -0.6291142132E+00
    0.2450184071E+02    0.2225730082E+02    0.2244539892E+01
    0.5835275562E+02    0.5065709217E+02    0.7695663453E+01
    0.5348496578E+02    0.4758355071E+02    0.5901415067E+01
    0.5034060812E+02    0.4602613148E+02    0.4314476637E+01
    0.4661720364E+02    0.4445469886E+02    0.2162504778E+01
    0.4446999058E+02    0.4126903004E+02    0.3200960540E+01
    0.3957606325E+02    0.3802498245E+02    0.1551080804E+01
    0.3452159350E+02    0.3472093653E+02   -0.1993430339E+00
    0.3332059993E+02    0.3135521225E+02    0.1965387675E+01
    0.2705301994E+02    0.2964867849E+02   -0.2595658549E+01
    0.2419926750E+02    0.2792606627E+02   -0.3726798766E+01
    0.2604492204E+02    0.2443168891E+02    0.1613233132E+01
    0.2880918270E+02    0.4254474474E+02   -0.1373556203E+02
    0.3504358803E+02    0.5199623694E+02   -0.1695264891E+02
    0.4256436714E+02    0.5695145912E+02   -0.1438709199E+02
    0.4875284720E+02    0.6206442064E+02   -0.1331157344E+02
    0.6092121335E+02    0.7277816133E+02   -0.1185694799E+02
    0.8402862800E+02    0.8416722445E+02   -0.1385964457E+00
    0.1020479867E+03    0.9626229490E+02    0.5785691786E+01
    0.1047424560E+03    0.1090949972E+03   -0.4352541271E+01
    0.1134858481E+03    0.1157981050E+03   -0.2312256936E+01
    0.1282697765E+03    0.1226979162E+03    0.5571860273E+01
    0.1359182557E+03    0.1371046180E+03   -0.1186362285E+01
    0.6693454681E+02    0.6172128923E+02    0.5213257584E+01
    0.6809255274E+02    0.7014030885E+02   -0.2047756113E+01
    0.6904760257E+02    0.7449371643E+02   -0.5446113858E+01
    0.6988379938E+02    0.7894492524E+02   -0.9061125865E+01
    0.7595481374E+02    0.8814643247E+02   -0.1219161874E+02
    0.8630026423E+02    0.9775633409E+02   -0.1145606986E+02
    0.9652639442E+02    0.1077863480E+03   -0.1125995359E+02
    0.1104302259E+03    0.1182484115E+03   -0.7818185547E+01
    0.1236164255E+03    0.1236452535E+03   -0.2882799655E-01
    0.1322700957E+03    0.1291546863E+03    0.3115409356E+01
    0.1360948904E+03    0.1405175642E+03   -0.4422673727E+01
    0.3130959377E+02    0.3058335560E+02    0.7262381756E+00
    0.4308292970E+02    0.4098455619E+02    0.2098373517E+01
    0.4437180400E+02    0.4645179917E+02   -0.2079995176E+01
    0.5059350036E+02    0.5210144644E+02   -0.1507946084E+01
    0.6152011377E+02    0.6396200570E+02   -0.2441891930E+01
    0.7558678816E+02    0.7659454134E+02   -0.1007753179E+01
    0.8754089957E+02    0.9002768142E+02   -0.2486781849E+01
    0.1047380597E+03    0.1042903674E+03    0.4476923334E+00
    0.1165991300E+03    0.1117419183E+03    0.4857211701E+01
    0.1287812479E+03    0.1194118473E+03    0.9369400641E+01
    0.1352458823E+03    0.1354216686E+03   -0.1757862467E+00
