	 Y 	 Y_pred 	 diff
    0.1119034582E+03    0.1067793321E+03    0.5124126099E+01
    0.5781486579E+02    0.5942441363E+02   -0.1609547831E+01
    0.6377679169E+02    0.6712731628E+02   -0.3350524587E+01
    0.9969179946E+02    0.9331123820E+02    0.6380561257E+01
    0.9817976135E+02    0.8976631912E+02    0.8413442226E+01
    0.5573694755E+02    0.5923007396E+02   -0.3493126408E+01
    0.6345732320E+02    0.6679874029E+02   -0.3341417092E+01
    0.4895849377E+02    0.4662000771E+02    0.2338486054E+01
    0.5114042588E+02    0.5049834082E+02    0.6420850594E+00
    0.4348442747E+02    0.4509455399E+02   -0.1610126513E+01
    0.3917125463E+02    0.3517865093E+02    0.3992603701E+01
    0.4077056391E+02    0.3516251455E+02    0.5608049364E+01
    0.1156620276E+03    0.1122505529E+03    0.3411474714E+01
    0.1322564577E+03    0.1303797918E+03    0.1876665911E+01
    0.4295367200E+02    0.3311398119E+02    0.9839690816E+01
    0.4050309916E+02    0.3467893223E+02    0.5824166930E+01
    0.1066234624E+03    0.9678471344E+02    0.9838748916E+01
    0.1218090654E+03    0.1164142803E+03    0.5394785046E+01
    0.1166603165E+03    0.1062915315E+03    0.1036878504E+02
    0.5656963783E+02    0.6251869908E+02   -0.5949061248E+01
    0.4232796680E+02    0.3477067457E+02    0.7557292230E+01
    0.6493284567E+02    0.6828968830E+02   -0.3356842627E+01
    0.6554370379E+02    0.6512173237E+02    0.4219714213E+00
    0.7208525840E+02    0.7124732626E+02    0.8379321435E+00
    0.9788397509E+02    0.9488759161E+02    0.2996383483E+01
    0.9754851806E+02    0.9218890483E+02    0.5359613231E+01
    0.5888624772E+02    0.6570273874E+02   -0.6816491015E+01
    0.3852234119E+02    0.3970559993E+02   -0.1183258741E+01
    0.6380085368E+02    0.7069344784E+02   -0.6892594165E+01
    0.4667560663E+02    0.5543518528E+02   -0.8759578658E+01
    0.4197241641E+02    0.4084496810E+02    0.1127448319E+01
    0.5677301169E+02    0.5686332526E+02   -0.9031356659E-01
    0.6496802097E+02    0.6790990219E+02   -0.2941881220E+01
    0.6979480419E+02    0.7316987999E+02   -0.3375075802E+01
    0.5481318806E+02    0.5759250794E+02   -0.2779319881E+01
    0.6029149555E+02    0.6010796668E+02    0.1835288632E+00
    0.6830351287E+02    0.6675733843E+02    0.1546174446E+01
    0.6014871550E+02    0.6016147689E+02   -0.1276138696E-01
    0.5341138887E+02    0.5520869665E+02   -0.1797307779E+01
    0.6882396517E+02    0.5924921812E+02    0.9574747051E+01
    0.6068008934E+02    0.6045909209E+02    0.2209972547E+00
    0.6555221939E+02    0.6005873577E+02    0.5493483619E+01
    0.1166313876E+03    0.1118824191E+03    0.4748968566E+01
    0.1314904999E+03    0.1291643806E+03    0.2326119302E+01
    0.4292238571E+02    0.3779969858E+02    0.5122687132E+01
    0.3499053213E+02    0.3173287297E+02    0.3257659168E+01
    0.4434460389E+02    0.3705667145E+02    0.7287932445E+01
    0.1048738256E+03    0.9697350216E+02    0.7900323395E+01
    0.3601177755E+02    0.2611877270E+02    0.9893004853E+01
    0.1256431161E+03    0.1170032341E+03    0.8639882090E+01
    0.4500912398E+02    0.3742063680E+02    0.7588487180E+01
    0.4815536762E+02    0.3876209538E+02    0.9393272241E+01
    0.1038482190E+03    0.9732968271E+02    0.6518536288E+01
    0.1281946021E+03    0.1158124270E+03    0.1238217516E+02
    0.1112114300E+03    0.1058723663E+03    0.5339063648E+01
    0.9355975646E+02    0.9339316097E+02    0.1665954910E+00
    0.9368174085E+02    0.9024879534E+02    0.3432945513E+01
    0.5967295456E+02    0.4801480485E+02    0.1165814971E+02
    0.1165733788E+03    0.1115287209E+03    0.5044657831E+01
    0.1331123282E+03    0.1280960799E+03    0.5016248320E+01
    0.2632643497E+02    0.3199174000E+02   -0.5665305032E+01
    0.2911030054E+02    0.3995366820E+02   -0.1084336766E+02
    0.4146923460E+02    0.4456444427E+02   -0.3095209677E+01
    0.4958492797E+02    0.4945842858E+02    0.1264993842E+00
    0.6671768541E+02    0.5978739507E+02    0.6930290340E+01
    0.7983276551E+02    0.7044699477E+02    0.9385770743E+01
    0.8885745041E+02    0.8109736970E+02    0.7760080714E+01
    0.9558693600E+02    0.9150557607E+02    0.4081359934E+01
    0.9586478718E+02    0.9656734044E+02   -0.7025532587E+00
    0.9672791808E+02    0.1015141077E+03   -0.4786189649E+01
    0.1025991163E+03    0.1110192726E+03   -0.8420156250E+01
    0.6056238656E+02    0.6372182800E+02   -0.3159441445E+01
    0.5877006947E+02    0.6541361782E+02   -0.6643548357E+01
    0.5965694308E+02    0.6684396780E+02   -0.7187024726E+01
    0.5640091467E+02    0.6863277210E+02   -0.1223185743E+02
    0.6447432788E+02    0.7319839441E+02   -0.8724066534E+01
    0.7910835546E+02    0.7894556751E+02    0.1627879514E+00
    0.9311991210E+02    0.8572424215E+02    0.7395669951E+01
    0.9637614321E+02    0.9339813627E+02    0.2978006936E+01
    0.9738927426E+02    0.9753170535E+02   -0.1424310897E+00
    0.9929422704E+02    0.1018436765E+03   -0.2549449483E+01
    0.1053096570E+03    0.1109489961E+03   -0.5639339119E+01
    0.2584017448E+02    0.2954892857E+02   -0.3708754092E+01
    0.4286544992E+02    0.4082297891E+02    0.2042471013E+01
    0.4572791662E+02    0.4633696773E+02   -0.6090511100E+00
    0.4914067848E+02    0.5176490424E+02   -0.2624225763E+01
    0.6067555305E+02    0.6235846047E+02   -0.1682907419E+01
    0.6733571392E+02    0.7260391899E+02   -0.5268205069E+01
    0.8475483777E+02    0.8251096205E+02    0.2243875723E+01
    0.9094232811E+02    0.9209429358E+02   -0.1151965478E+01
    0.9342154533E+02    0.9676984506E+02   -0.3348299722E+01
    0.9610191643E+02    0.1013709287E+03   -0.5269012293E+01
    0.1039844407E+03    0.1103585368E+03   -0.6374096074E+01
    0.1371480612E+03    0.1466916835E+03   -0.9543622284E+01
    0.1366336255E+03    0.1438317560E+03   -0.7198130440E+01
    0.1367350903E+03    0.1424016803E+03   -0.5666589999E+01
    0.1362592133E+03    0.1409717161E+03   -0.4712502832E+01
    0.1344648149E+03    0.1381127011E+03   -0.3647886151E+01
    0.1317766937E+03    0.1352559050E+03   -0.3479211246E+01
    0.1287616307E+03    0.1324025808E+03   -0.3640950068E+01
    0.1271803418E+03    0.1295540430E+03   -0.2373701167E+01
    0.1262177758E+03    0.1281319972E+03   -0.1914221366E+01
    0.1252984708E+03    0.1267116701E+03   -0.1413199279E+01
    0.1228725759E+03    0.1238769071E+03   -0.1004331248E+01
    0.2683497468E+02    0.3030484118E+02   -0.3469866506E+01
    0.3183535065E+02    0.3487137474E+02   -0.3036024087E+01
    0.3359039622E+02    0.3710053607E+02   -0.3510139845E+01
    0.4129513778E+02    0.3928984548E+02    0.2005292306E+01
    0.4507237259E+02    0.4353651077E+02    0.1535861822E+01
    0.4998604832E+02    0.4758471615E+02    0.2401332167E+01
    0.5277935237E+02    0.5140466991E+02    0.1374682455E+01
    0.5611450524E+02    0.5496318599E+02    0.1151319255E+01
    0.5615313588E+02    0.5663303500E+02   -0.4798991178E+00
    0.5781327978E+02    0.5822339184E+02   -0.4101120644E+00
    0.5965727763E+02    0.6114439706E+02   -0.1487119426E+01
    0.2919065394E+02    0.2806484743E+02    0.1125806509E+01
    0.2533836578E+02    0.2708847560E+02   -0.1750109816E+01
    0.2326547267E+02    0.2659468850E+02   -0.3329215831E+01
    0.2253675731E+02    0.2609629837E+02   -0.3559541064E+01
    0.2456282289E+02    0.2508300355E+02   -0.5201806641E+00
    0.2308806005E+02    0.2404299829E+02   -0.9549382389E+00
    0.2267877177E+02    0.2297037156E+02   -0.2915997840E+00
    0.2578843305E+02    0.2185885153E+02    0.3929581515E+01
    0.2337586858E+02    0.2128643613E+02    0.2089432442E+01
    0.2299003363E+02    0.2070175707E+02    0.2288276560E+01
    0.2450184071E+02    0.1949194224E+02    0.5009898465E+01
    0.5835275562E+02    0.5969206787E+02   -0.1339312250E+01
    0.5348496578E+02    0.5586043144E+02   -0.2375465663E+01
    0.5034060812E+02    0.5387897912E+02   -0.3538370997E+01
    0.4661720364E+02    0.5185261164E+02   -0.5235408000E+01
    0.4446999058E+02    0.4765993488E+02   -0.3189944306E+01
    0.3957606325E+02    0.4326893687E+02   -0.3692873613E+01
    0.3452159350E+02    0.3866084681E+02   -0.4139253309E+01
    0.3332059993E+02    0.3381086845E+02   -0.4902685258E+00
    0.2705301994E+02    0.3128554096E+02   -0.4232521020E+01
    0.2419926750E+02    0.2868720402E+02   -0.4487936518E+01
    0.2604492204E+02    0.2324974485E+02    0.2795177189E+01
    0.2880918270E+02    0.2986911503E+02   -0.1059932322E+01
    0.3504358803E+02    0.4019875501E+02   -0.5155166979E+01
    0.4256436714E+02    0.4650191422E+02   -0.3937547083E+01
    0.4875284720E+02    0.5328046617E+02   -0.4527618969E+01
    0.6092121335E+02    0.6766813612E+02   -0.6746922777E+01
    0.8402862800E+02    0.8245729755E+02    0.1571330450E+01
    0.1020479867E+03    0.9707942471E+02    0.4968561980E+01
    0.1047424560E+03    0.1111803491E+03   -0.6437893099E+01
    0.1134858481E+03    0.1179643053E+03   -0.4478457249E+01
    0.1282697765E+03    0.1245455955E+03    0.3724180941E+01
    0.1359182557E+03    0.1370530749E+03   -0.1134819247E+01
    0.6693454681E+02    0.6251737979E+02    0.4417167024E+01
    0.6809255274E+02    0.6460821434E+02    0.3484338399E+01
    0.6904760257E+02    0.6679905070E+02    0.2248551870E+01
    0.6988379938E+02    0.6965335310E+02    0.2304462761E+00
    0.7595481374E+02    0.7709943749E+02   -0.1144623754E+01
    0.8630026423E+02    0.8649954849E+02   -0.1992842629E+00
    0.9652639442E+02    0.9748334551E+02   -0.9569510899E+00
    0.1104302259E+03    0.1097392756E+03    0.6909503104E+00
    0.1236164255E+03    0.1162600674E+03    0.7356358037E+01
    0.1322700957E+03    0.1230029515E+03    0.9267144222E+01
    0.1360948904E+03    0.1370489608E+03   -0.9540704021E+00
    0.3130959377E+02    0.3031743439E+02    0.9921593802E+00
    0.4308292970E+02    0.4387925749E+02   -0.7963277833E+00
    0.4437180400E+02    0.5065260056E+02   -0.6280796566E+01
    0.5059350036E+02    0.5739453345E+02   -0.6801033092E+01
    0.6152011377E+02    0.7073315974E+02   -0.9213045971E+01
    0.7558678816E+02    0.8382273579E+02   -0.8235947625E+01
    0.8754089957E+02    0.9662355715E+02   -0.9082657581E+01
    0.1047380597E+03    0.1091147022E+03   -0.4376642470E+01
    0.1165991300E+03    0.1152407242E+03    0.1358405805E+01
    0.1287812479E+03    0.1212861343E+03    0.7495113566E+01
    0.1352458823E+03    0.1331341591E+03    0.2111723273E+01
