	 Y 	 Y_pred 	 diff
    0.3115032551E+00    0.3240622435E+00   -0.1255898839E-01
    0.3727521742E+00    0.3726858956E+00    0.6627854421E-04
    0.3692808565E+00    0.3679498643E+00    0.1330992194E-02
    0.3219133907E+00    0.3382654009E+00   -0.1635201014E-01
    0.3203898125E+00    0.3415687871E+00   -0.2117897462E-01
    0.3755429960E+00    0.3728866878E+00    0.2656308189E-02
    0.3689363424E+00    0.3678842186E+00    0.1052123864E-02
    0.3834306331E+00    0.3911095552E+00   -0.7678922108E-02
    0.3841229241E+00    0.3893365191E+00   -0.5213594972E-02
    0.3981010400E+00    0.3943404303E+00    0.3760609690E-02
    0.3996236202E+00    0.4099440827E+00   -0.1032046250E-01
    0.3980037053E+00    0.4122560560E+00   -0.1425235075E-01
    0.3065872278E+00    0.3162291330E+00   -0.9641905152E-02
    0.3018713204E+00    0.3022108450E+00   -0.3395246102E-03
    0.3946135729E+00    0.4081645076E+00   -0.1355093476E-01
    0.4021863310E+00    0.4097640438E+00   -0.7577712780E-02
    0.3076766726E+00    0.3241688592E+00   -0.1649218662E-01
    0.3091608525E+00    0.3119264076E+00   -0.2765555067E-02
    0.3092389430E+00    0.3205167133E+00   -0.1127777031E-01
    0.3769629583E+00    0.3596229946E+00    0.1733996371E-01
    0.3904139452E+00    0.4122847917E+00   -0.2187084655E-01
    0.3687133635E+00    0.3562835309E+00    0.1242983252E-01
    0.3614909000E+00    0.3642775081E+00   -0.2786608102E-02
    0.3569607189E+00    0.3617620458E+00   -0.4801326911E-02
    0.3309396823E+00    0.3286296544E+00    0.2310027879E-02
    0.3276713441E+00    0.3310845141E+00   -0.3413170004E-02
    0.3741920109E+00    0.3526767067E+00    0.2151530422E-01
    0.4010305618E+00    0.4036698679E+00   -0.2639306085E-02
    0.3721079413E+00    0.3500968559E+00    0.2201108550E-01
    0.3923032117E+00    0.3684135747E+00    0.2388963706E-01
    0.3928852735E+00    0.4031525645E+00   -0.1026729105E-01
    0.3763802550E+00    0.3683681288E+00    0.8012126214E-02
    0.3628066791E+00    0.3577366771E+00    0.5070002050E-02
    0.3616999086E+00    0.3557187996E+00    0.5981109014E-02
    0.3769364803E+00    0.3741592550E+00    0.2777225273E-02
    0.3710709739E+00    0.3745538925E+00   -0.3482918599E-02
    0.3572480509E+00    0.3607788741E+00   -0.3530823213E-02
    0.3635729881E+00    0.3636409461E+00   -0.6795802303E-04
    0.3710951698E+00    0.3786075116E+00   -0.7512341751E-02
    0.3498298330E+00    0.3678587775E+00   -0.1802894454E-01
    0.3622700519E+00    0.3706284029E+00   -0.8358351028E-02
    0.3556002005E+00    0.3752236805E+00   -0.1962347997E-01
    0.3068701886E+00    0.3174267980E+00   -0.1055660945E-01
    0.3047319468E+00    0.3057918072E+00   -0.1059860422E-02
    0.3934461789E+00    0.4008792960E+00   -0.7433117183E-02
    0.4069873114E+00    0.4195277493E+00   -0.1254043789E-01
    0.3925031194E+00    0.4030738343E+00   -0.1057071490E-01
    0.3131120344E+00    0.3225551108E+00   -0.9443076387E-02
    0.4057369914E+00    0.4200495064E+00   -0.1431251499E-01
    0.3055190544E+00    0.3128968701E+00   -0.7377815749E-02
    0.3914804504E+00    0.4050755724E+00   -0.1359512202E-01
    0.3875508766E+00    0.4070042832E+00   -0.1945340667E-01
    0.3144476998E+00    0.3252643249E+00   -0.1081662505E-01
    0.3035142463E+00    0.3157283508E+00   -0.1221410445E-01
    0.3153730631E+00    0.3259659813E+00   -0.1059291819E-01
    0.3356654485E+00    0.3404352141E+00   -0.4769765558E-02
    0.3316145550E+00    0.3434399046E+00   -0.1182534959E-01
    0.3701456579E+00    0.3946570539E+00   -0.2451139604E-01
    0.3057408244E+00    0.3179124579E+00   -0.1217163354E-01
    0.3022545026E+00    0.3033703957E+00   -0.1115893071E-02
    0.4319090039E+00    0.4141991918E+00    0.1770981209E-01
    0.4270794082E+00    0.3984152619E+00    0.2866414631E-01
    0.4008107104E+00    0.3908013161E+00    0.1000939436E-01
    0.3863661790E+00    0.3833653837E+00    0.3000795285E-02
    0.3567211668E+00    0.3690067979E+00   -0.1228563107E-01
    0.3390427691E+00    0.3552998924E+00   -0.1625712337E-01
    0.3291813919E+00    0.3422079216E+00   -0.1302652966E-01
    0.3243536271E+00    0.3296967529E+00   -0.5343125840E-02
    0.3252255627E+00    0.3236489616E+00    0.1576601088E-02
    0.3261143142E+00    0.3177346416E+00    0.8379672549E-02
    0.3239659235E+00    0.3062920271E+00    0.1767389638E-01
    0.3674602020E+00    0.3688172242E+00   -0.1357022164E-02
    0.3733715764E+00    0.3611182117E+00    0.1225336463E-01
    0.3728675248E+00    0.3573859037E+00    0.1548162108E-01
    0.3805400206E+00    0.3537282205E+00    0.2681180013E-01
    0.3694195579E+00    0.3466267832E+00    0.2279277466E-01
    0.3485184075E+00    0.3397948968E+00    0.8723510770E-02
    0.3301994043E+00    0.3332148841E+00   -0.3015479751E-02
    0.3300178520E+00    0.3268702707E+00    0.3147581336E-02
    0.3296708943E+00    0.3237813916E+00    0.5889502690E-02
    0.3275040021E+00    0.3207456732E+00    0.6758328876E-02
    0.3234392652E+00    0.3148266997E+00    0.8612565473E-02
    0.4357322360E+00    0.4144786559E+00    0.2125358005E-01
    0.3992104702E+00    0.3993870005E+00   -0.1765302766E-03
    0.3949555381E+00    0.3920616181E+00    0.2893919991E-02
    0.3897969196E+00    0.3848749585E+00    0.4921961079E-02
    0.3713716119E+00    0.3708950859E+00    0.4765260095E-03
    0.3632482216E+00    0.3574049103E+00    0.5843311275E-02
    0.3390596413E+00    0.3443662740E+00   -0.5306632692E-02
    0.3345703037E+00    0.3317447794E+00    0.2825524271E-02
    0.3325398245E+00    0.3255806222E+00    0.6959202285E-02
    0.3299490417E+00    0.3195093198E+00    0.1043972195E-01
    0.3236357173E+00    0.3076316799E+00    0.1600403740E-01
    0.3049439245E+00    0.2918453258E+00    0.1309859864E-01
    0.3030667899E+00    0.2945296652E+00    0.8537124763E-02
    0.3016141520E+00    0.2958629461E+00    0.5751205827E-02
    0.3008492847E+00    0.2971900631E+00    0.3659221587E-02
    0.3007543390E+00    0.2998250401E+00    0.9292989694E-03
    0.3013730675E+00    0.3024329736E+00   -0.1059906102E-02
    0.3033088718E+00    0.3050120811E+00   -0.1703209376E-02
    0.3039891654E+00    0.3075603994E+00   -0.3571234012E-02
    0.3042505979E+00    0.3088223440E+00   -0.4571746163E-02
    0.3048279490E+00    0.3100757613E+00   -0.5247812232E-02
    0.3052152848E+00    0.3125557685E+00   -0.7340483621E-02
    0.4320800811E+00    0.4179703106E+00    0.1410977052E-01
    0.4194647730E+00    0.4103339882E+00    0.9130784853E-02
    0.4152703718E+00    0.4065956334E+00    0.8674738400E-02
    0.3955196646E+00    0.4029083854E+00   -0.7388720808E-02
    0.3875387003E+00    0.3956812476E+00   -0.8142547320E-02
    0.3773174658E+00    0.3886411639E+00   -0.1132369810E-01
    0.3722096650E+00    0.3817774932E+00   -0.9567828130E-02
    0.3658986417E+00    0.3750802990E+00   -0.9181657241E-02
    0.3654385006E+00    0.3717912033E+00   -0.6352702605E-02
    0.3628786252E+00    0.3685402898E+00   -0.5661664570E-02
    0.3593327157E+00    0.3621487660E+00   -0.2816050319E-02
    0.4236008781E+00    0.4272946003E+00   -0.3693722222E-02
    0.4302033384E+00    0.4279504667E+00    0.2252871629E-02
    0.4351999837E+00    0.4281631114E+00    0.7036872342E-02
    0.4366919796E+00    0.4282967442E+00    0.8395235408E-02
    0.4311080150E+00    0.4283199730E+00    0.2788041905E-02
    0.4347549284E+00    0.4280051644E+00    0.6749764002E-02
    0.4361630142E+00    0.4273356242E+00    0.8827389987E-02
    0.4281518174E+00    0.4262927503E+00    0.1859067029E-02
    0.4349348493E+00    0.4256249217E+00    0.9309927618E-02
    0.4367499704E+00    0.4248557991E+00    0.1189417129E-01
    0.4324042533E+00    0.4230016136E+00    0.9402639761E-02
    0.3650326136E+00    0.3764781038E+00   -0.1144549026E-01
    0.3732358523E+00    0.3831391571E+00   -0.9903304804E-02
    0.3786976367E+00    0.3864060456E+00   -0.7708408922E-02
    0.3852582334E+00    0.3896313772E+00   -0.4373143883E-02
    0.3888947959E+00    0.3959598280E+00   -0.7065032140E-02
    0.3985197223E+00    0.4021291786E+00   -0.3609456360E-02
    0.4102602803E+00    0.4081436940E+00    0.2116586293E-02
    0.4122228352E+00    0.4140072166E+00   -0.1784381372E-02
    0.4279795549E+00    0.4168834343E+00    0.1109612064E-01
    0.4355520415E+00    0.4197231387E+00    0.1582890285E-01
    0.4304532498E+00    0.4252943609E+00    0.5158888907E-02
    0.4264919331E+00    0.4224403074E+00    0.4051625714E-02
    0.4159233320E+00    0.4027187290E+00    0.1320460292E-01
    0.4019375123E+00    0.3933195267E+00    0.8617985554E-02
    0.3916388568E+00    0.3842084456E+00    0.7430411286E-02
    0.3729094357E+00    0.3667972501E+00    0.6112185586E-02
    0.3410080471E+00    0.3503863047E+00   -0.9378257547E-02
    0.3223677406E+00    0.3348882188E+00   -0.1252047814E-01
    0.3277539599E+00    0.3202254489E+00    0.7528510954E-02
    0.3195057973E+00    0.3131854333E+00    0.6320363934E-02
    0.3050923527E+00    0.3063289582E+00   -0.1236605525E-02
    0.3008277403E+00    0.2931370881E+00    0.7690652118E-02
    0.3562631232E+00    0.3795760268E+00   -0.2331290356E-01
    0.3594206178E+00    0.3689780151E+00   -0.9557397271E-02
    0.3608270649E+00    0.3638450706E+00   -0.3018005770E-02
    0.3624143566E+00    0.3588184202E+00    0.3595936404E-02
    0.3578429254E+00    0.3490715211E+00    0.8771404342E-02
    0.3469210390E+00    0.3397135312E+00    0.7207507853E-02
    0.3368855359E+00    0.3307224218E+00    0.6163114131E-02
    0.3256278511E+00    0.3220777645E+00    0.3550086600E-02
    0.3119917446E+00    0.3178793740E+00   -0.5887629387E-02
    0.3046814166E+00    0.3137605901E+00   -0.9079173440E-02
    0.3036860037E+00    0.3057532623E+00   -0.2067258554E-02
    0.4244004781E+00    0.4206005790E+00    0.3799899026E-02
    0.4017700433E+00    0.4028744551E+00   -0.1104411832E-02
    0.4011696531E+00    0.3942455029E+00    0.6924150261E-02
    0.3915106331E+00    0.3857590747E+00    0.5751558370E-02
    0.3766460280E+00    0.3691787950E+00    0.7467233025E-02
    0.3584288290E+00    0.3530711940E+00    0.5357634991E-02
    0.3463282239E+00    0.3373839988E+00    0.8944225059E-02
    0.3303320639E+00    0.3220728617E+00    0.8259202218E-02
    0.3187693157E+00    0.3145462107E+00    0.4223104961E-02
    0.3065945036E+00    0.3070997203E+00   -0.5052166997E-03
    0.3034393990E+00    0.2924315674E+00    0.1100783152E-01
