     Index       y_measurement           y_fitting        descriptor_1        descriptor_2        descriptor_3
         1    0.1859265000E+03    0.1872796675E+03    0.3439883039E+02    0.6916761477E-01    0.6257863556E-01
         2    0.1689561667E+03    0.1658702774E+03    0.1617960518E+02    0.9783015923E-01    0.7792169804E-01
         3    0.1804731333E+03    0.1783515953E+03    0.2572122763E+02    0.1007332004E+00    0.8023396966E-01
         4    0.1790078333E+03    0.1888956403E+03    0.3304208723E+02    0.1225690269E+00    0.9220252234E-01
         5    0.1726537667E+03    0.1845663294E+03    0.2965066248E+02    0.1221996985E+00    0.9192469518E-01
         6    0.1687353667E+03    0.1668735440E+03    0.1675561141E+02    0.9964557241E-01    0.7936767421E-01
         7    0.1793259000E+03    0.1794568782E+03    0.2635929943E+02    0.1027042586E+00    0.8180391702E-01
         8    0.1611783000E+03    0.1613296897E+03    0.1492253465E+02    0.5517754987E-01    0.5346407929E-01
         9    0.1691650000E+03    0.1696149962E+03    0.2122798583E+02    0.5669902432E-01    0.5493830623E-01
        10    0.1712258333E+03    0.1761013816E+03    0.2300158910E+02    0.5180633296E+00    0.2450434763E+00
        11    0.1561954667E+03    0.1583819809E+03    0.1474718949E+02    0.3037579700E-01    0.3653285044E-01
        12    0.1592324667E+03    0.1630855382E+03    0.1827311067E+02    0.3121508038E-01    0.3754225323E-01
        13    0.1832511000E+03    0.1766753653E+03    0.2876313427E+02    0.3652111286E-01    0.4054841579E-01
        14    0.2009755333E+03    0.1999612862E+03    0.4709875586E+02    0.3708179164E-01    0.4117092246E-01
        15    0.1616570333E+03    0.1543116165E+03    0.1216917937E+02    0.2768193988E-01    0.3329295917E-01
        16    0.1669711667E+03    0.1586639006E+03    0.1547225174E+02    0.2829026461E-01    0.3402458891E-01
        17    0.1706844000E+03    0.1734106909E+03    0.2163798010E+02    0.4323752283E+00    0.2092491760E+00
        18    0.1991815333E+03    0.2014250329E+03    0.4337360773E+02    0.4487585352E+00    0.2171779223E+00
        19    0.1909834333E+03    0.1896002999E+03    0.3935911022E+02    0.4871959938E-01    0.4407851947E-01
        20    0.1730631333E+03    0.1706016590E+03    0.2160363538E+02    0.8396013132E-01    0.6687422419E-01
        21    0.1512805667E+03    0.1466206852E+03    0.1273201478E+02    0.0000000000E+00    0.0000000000E+00
        22    0.1839162333E+03    0.1836907108E+03    0.3166322879E+02    0.8656233216E-01    0.6894687653E-01
        23    0.1709626667E+03    0.1664576205E+03    0.2004411459E+02    0.6967057385E-01    0.5549259514E-01
        24    0.1785912667E+03    0.1792542574E+03    0.2998467843E+02    0.7133890474E-01    0.5682142028E-01
        25    0.1928013333E+03    0.1925800807E+03    0.4024007450E+02    0.8283094017E-01    0.6230955573E-01
        26    0.1867098667E+03    0.1881909769E+03    0.3677311342E+02    0.8272307989E-01    0.6222841786E-01
        27    0.1737680667E+03    0.1724038283E+03    0.2342751052E+02    0.8068297106E-01    0.6426396684E-01
        28    0.1572136333E+03    0.1481964407E+03    0.1398087559E+02    0.0000000000E+00    0.0000000000E+00
        29    0.1860203333E+03    0.1856976343E+03    0.3367918857E+02    0.8303822984E-01    0.6613992988E-01
        30    0.1708858333E+03    0.1678580091E+03    0.2176892584E+02    0.4543024575E-01    0.4401946565E-01
        31    0.1549359333E+03    0.1486330227E+03    0.1432688746E+02    0.0000000000E+00    0.0000000000E+00
        32    0.1731041667E+03    0.1768724921E+03    0.2869625775E+02    0.4669542404E-01    0.4524535539E-01
        33    0.1713224000E+03    0.1692824513E+03    0.2245936734E+02    0.6820882678E-01    0.5432831395E-01
        34    0.1816521000E+03    0.1823860883E+03    0.3265426332E+02    0.6978586060E-01    0.5558442100E-01
        35    0.1676957000E+03    0.1644766759E+03    0.2035616061E+02    0.3804510911E-01    0.3686366529E-01
        36    0.1734750667E+03    0.1732645635E+03    0.2717887255E+02    0.3887334883E-01    0.3766618505E-01
        37    0.1717847667E+03    0.1855340085E+03    0.3579462937E+02    0.3077076029E+00    0.1455454119E+00
        38    0.1608787333E+03    0.1684289930E+03    0.2492540671E+02    0.2116484806E-01    0.2545487873E-01
        39    0.1564298667E+03    0.1536220373E+03    0.1828091757E+02    0.0000000000E+00    0.0000000000E+00
        40    0.1612523333E+03    0.1740766250E+03    0.2930072294E+02    0.2158350921E-01    0.2595840082E-01
        41    0.1600181667E+03    0.1673817456E+03    0.2469408215E+02    0.1867586442E-01    0.2246138798E-01
        42    0.1622793333E+03    0.1729898166E+03    0.2906026512E+02    0.1900214211E-01    0.2285380086E-01
        43    0.1858246333E+03    0.1772824701E+03    0.3130030119E+02    0.2688044133E-01    0.2984463578E-01
        44    0.2034949000E+03    0.2005797821E+03    0.4972960290E+02    0.2704418443E-01    0.3002643537E-01
        45    0.1582014333E+03    0.1597866583E+03    0.1690628351E+02    0.2602776388E-01    0.3130348827E-01
        46    0.1536179667E+03    0.1459324473E+03    0.1218655366E+02    0.0000000000E+00    0.0000000000E+00
        47    0.1608522333E+03    0.1646802016E+03    0.2059581167E+02    0.2681285766E-01    0.3224771745E-01
        48    0.1759193333E+03    0.1748898417E+03    0.2448249083E+02    0.3737186159E+00    0.1808621478E+00
        49    0.1560547000E+03    0.1436356384E+03    0.1036622396E+02    0.0000000000E+00    0.0000000000E+00
        50    0.1987726333E+03    0.2030875201E+03    0.4644209937E+02    0.3873421140E+00    0.1874552770E+00
        51    0.1635587333E+03    0.1545351678E+03    0.1399084357E+02    0.2084492311E-01    0.2507010626E-01
        52    0.1675417667E+03    0.1590358011E+03    0.1744674447E+02    0.2130667479E-01    0.2562545317E-01
        53    0.1769676000E+03    0.1719351845E+03    0.2387256183E+02    0.3129727044E+00    0.1514639975E+00
        54    0.1981880667E+03    0.1999436161E+03    0.4581631516E+02    0.3218912278E+00    0.1557801414E+00
        55    0.1906729667E+03    0.1831472177E+03    0.3286126312E+02    0.5778357778E-01    0.5227905382E-01
        56    0.1916486333E+03    0.1830619571E+03    0.3080128715E+02    0.1004359992E+00    0.7555295735E-01
        57    0.1847231333E+03    0.1787876647E+03    0.2743572609E+02    0.1002314714E+00    0.7539910139E-01
        58    0.1703275667E+03    0.1672563936E+03    0.1895178646E+02    0.4009518482E+00    0.1896498538E+00
        59    0.1836433333E+03    0.1742462786E+03    0.2797949717E+02    0.3116845455E-01    0.3460550229E-01
        60    0.2026154000E+03    0.1974184177E+03    0.4627829666E+02    0.3147894894E-01    0.3495023591E-01
        61    0.1474437667E+03    0.1443710007E+03    0.1779174536E+02    0.1123754952E+01    0.4120434825E+00
        62    0.1444144000E+03    0.1453730626E+03    0.1858592681E+02    0.1123754952E+01    0.4120434825E+00
        63    0.1424446000E+03    0.1458821305E+03    0.1898938723E+02    0.1123754952E+01    0.4120434825E+00
        64    0.1425005000E+03    0.1463965564E+03    0.1939709413E+02    0.1123754952E+01    0.4120434825E+00
        65    0.1435520000E+03    0.1474414823E+03    0.2022524732E+02    0.1123754952E+01    0.4120434825E+00
        66    0.1451082333E+03    0.1485078402E+03    0.2107038638E+02    0.1123754952E+01    0.4120434825E+00
        67    0.1438216667E+03    0.1495956300E+03    0.2193251132E+02    0.1123754952E+01    0.4120434825E+00
        68    0.1484104333E+03    0.1507048519E+03    0.2281162213E+02    0.1123754952E+01    0.4120434825E+00
        69    0.1513720667E+03    0.1512674998E+03    0.2325754723E+02    0.1123754952E+01    0.4120434825E+00
        70    0.1539085667E+03    0.1518355057E+03    0.2370771881E+02    0.1123754952E+01    0.4120434825E+00
        71    0.1581912000E+03    0.1529875916E+03    0.2462080136E+02    0.1123754952E+01    0.4120434825E+00
        72    0.1667517667E+03    0.1656474638E+03    0.3154980594E+02    0.6139065421E+00    0.2250990654E+00
        73    0.1681840000E+03    0.1651806033E+03    0.3117979688E+02    0.6139065421E+00    0.2250990654E+00
        74    0.1664457333E+03    0.1649115997E+03    0.3096659877E+02    0.6139065421E+00    0.2250990654E+00
        75    0.1665557000E+03    0.1646188804E+03    0.3073460494E+02    0.6139065421E+00    0.2250990654E+00
        76    0.1636810000E+03    0.1639622953E+03    0.3021423014E+02    0.6139065421E+00    0.2250990654E+00
        77    0.1594275000E+03    0.1632108478E+03    0.2961867246E+02    0.6139065421E+00    0.2250990654E+00
        78    0.1582353333E+03    0.1623645380E+03    0.2894793191E+02    0.6139065421E+00    0.2250990654E+00
        79    0.1592605667E+03    0.1614233659E+03    0.2820200849E+02    0.6139065421E+00    0.2250990654E+00
        80    0.1604323000E+03    0.1609172065E+03    0.2780085320E+02    0.6139065421E+00    0.2250990654E+00
        81    0.1603847333E+03    0.1603873315E+03    0.2738090219E+02    0.6139065421E+00    0.2250990654E+00
        82    0.1618017000E+03    0.1592564348E+03    0.2648461302E+02    0.6139065421E+00    0.2250990654E+00
        83    0.1440166667E+03    0.1410071638E+03    0.1340595508E+02    0.8413197172E+00    0.3084838963E+00
        84    0.1453615000E+03    0.1425039063E+03    0.1459219435E+02    0.8413197172E+00    0.3084838963E+00
        85    0.1460779667E+03    0.1432714270E+03    0.1520049081E+02    0.8413197172E+00    0.3084838963E+00
        86    0.1470341667E+03    0.1440517140E+03    0.1581890516E+02    0.8413197172E+00    0.3084838963E+00
        87    0.1457263333E+03    0.1456505868E+03    0.1708608753E+02    0.8413197172E+00    0.3084838963E+00
        88    0.1435833000E+03    0.1473005248E+03    0.1839374145E+02    0.8413197172E+00    0.3084838963E+00
        89    0.1445851667E+03    0.1490015279E+03    0.1974186692E+02    0.8413197172E+00    0.3084838963E+00
        90    0.1490260000E+03    0.1507535962E+03    0.2113046394E+02    0.8413197172E+00    0.3084838963E+00
        91    0.1516397333E+03    0.1516487798E+03    0.2183993928E+02    0.8413197172E+00    0.3084838963E+00
        92    0.1536641667E+03    0.1525567296E+03    0.2255953250E+02    0.8413197172E+00    0.3084838963E+00
        93    0.1577903667E+03    0.1544109282E+03    0.2402907262E+02    0.8413197172E+00    0.3084838963E+00
        94    0.2001243000E+03    0.1970319975E+03    0.5268536513E+02    0.0000000000E+00    0.0000000000E+00
        95    0.1944439000E+03    0.1932525337E+03    0.4968996123E+02    0.0000000000E+00    0.0000000000E+00
        96    0.1912783000E+03    0.1913821829E+03    0.4820761975E+02    0.0000000000E+00    0.0000000000E+00
        97    0.1883374667E+03    0.1895247529E+03    0.4673551858E+02    0.0000000000E+00    0.0000000000E+00
        98    0.1835913333E+03    0.1858486552E+03    0.4382203718E+02    0.0000000000E+00    0.0000000000E+00
        99    0.1784214667E+03    0.1822242405E+03    0.4094951703E+02    0.0000000000E+00    0.0000000000E+00
       100    0.1746948000E+03    0.1786515088E+03    0.3811795812E+02    0.0000000000E+00    0.0000000000E+00
       101    0.1720329333E+03    0.1751304602E+03    0.3532736045E+02    0.0000000000E+00    0.0000000000E+00
       102    0.1702934000E+03    0.1733893170E+03    0.3394742209E+02    0.0000000000E+00    0.0000000000E+00
       103    0.1691501333E+03    0.1716610946E+03    0.3257772404E+02    0.0000000000E+00    0.0000000000E+00
       104    0.1641192000E+03    0.1682434120E+03    0.2986904886E+02    0.0000000000E+00    0.0000000000E+00
       105    0.1472152667E+03    0.1460384648E+03    0.1227057755E+02    0.0000000000E+00    0.0000000000E+00
       106    0.1537301667E+03    0.1472735136E+03    0.1324941213E+02    0.0000000000E+00    0.0000000000E+00
       107    0.1525362667E+03    0.1478851153E+03    0.1373413548E+02    0.0000000000E+00    0.0000000000E+00
       108    0.1473256667E+03    0.1484927687E+03    0.1421572955E+02    0.0000000000E+00    0.0000000000E+00
       109    0.1476696000E+03    0.1496962303E+03    0.1516952981E+02    0.0000000000E+00    0.0000000000E+00
       110    0.1490033667E+03    0.1508838983E+03    0.1611081290E+02    0.0000000000E+00    0.0000000000E+00
       111    0.1496825000E+03    0.1520557728E+03    0.1703957884E+02    0.0000000000E+00    0.0000000000E+00
       112    0.1510296000E+03    0.1532118536E+03    0.1795582761E+02    0.0000000000E+00    0.0000000000E+00
       113    0.1522688667E+03    0.1537839714E+03    0.1840925806E+02    0.0000000000E+00    0.0000000000E+00
       114    0.1535181333E+03    0.1543521409E+03    0.1885955923E+02    0.0000000000E+00    0.0000000000E+00
       115    0.1558496000E+03    0.1554766346E+03    0.1975077368E+02    0.0000000000E+00    0.0000000000E+00
       116    0.1418090000E+03    0.1444043634E+03    0.1097547490E+02    0.0000000000E+00    0.0000000000E+00
       117    0.1408940000E+03    0.1440197908E+03    0.1067068287E+02    0.0000000000E+00    0.0000000000E+00
       118    0.1434891667E+03    0.1438269406E+03    0.1051783994E+02    0.0000000000E+00    0.0000000000E+00
       119    0.1428621667E+03    0.1436337144E+03    0.1036469907E+02    0.0000000000E+00    0.0000000000E+00
       120    0.1396084667E+03    0.1432461343E+03    0.1005752350E+02    0.0000000000E+00    0.0000000000E+00
       121    0.1360778667E+03    0.1428570505E+03    0.9749156161E+01    0.0000000000E+00    0.0000000000E+00
       122    0.1390718667E+03    0.1424664630E+03    0.9439597058E+01    0.0000000000E+00    0.0000000000E+00
       123    0.1358025333E+03    0.1420743717E+03    0.9128846187E+01    0.0000000000E+00    0.0000000000E+00
       124    0.1362171000E+03    0.1418777622E+03    0.8973023839E+01    0.0000000000E+00    0.0000000000E+00
       125    0.1382688000E+03    0.1416807767E+03    0.8816903549E+01    0.0000000000E+00    0.0000000000E+00
       126    0.1382624000E+03    0.1412856780E+03    0.8503769144E+01    0.0000000000E+00    0.0000000000E+00
       127    0.1592046333E+03    0.1558175813E+03    0.2002099014E+02    0.0000000000E+00    0.0000000000E+00
       128    0.1567264333E+03    0.1542964829E+03    0.1881544766E+02    0.0000000000E+00    0.0000000000E+00
       129    0.1540433667E+03    0.1535258012E+03    0.1820464589E+02    0.0000000000E+00    0.0000000000E+00
       130    0.1521711000E+03    0.1527483643E+03    0.1758849042E+02    0.0000000000E+00    0.0000000000E+00
       131    0.1486229333E+03    0.1511732256E+03    0.1634011841E+02    0.0000000000E+00    0.0000000000E+00
       132    0.1459988000E+03    0.1495710666E+03    0.1507033165E+02    0.0000000000E+00    0.0000000000E+00
       133    0.1461454000E+03    0.1479418875E+03    0.1377913011E+02    0.0000000000E+00    0.0000000000E+00
       134    0.1413109667E+03    0.1462856882E+03    0.1246651382E+02    0.0000000000E+00    0.0000000000E+00
       135    0.1411087000E+03    0.1454474560E+03    0.1180217514E+02    0.0000000000E+00    0.0000000000E+00
       136    0.1421805667E+03    0.1446024688E+03    0.1113248276E+02    0.0000000000E+00    0.0000000000E+00
       137    0.1439435333E+03    0.1428922292E+03    0.9777036941E+01    0.0000000000E+00    0.0000000000E+00
       138    0.1512255333E+03    0.1497671385E+03    0.2239887728E+02    0.1178021532E+01    0.4319412283E+00
       139    0.1537537333E+03    0.1538917526E+03    0.2566782914E+02    0.1178021532E+01    0.4319412283E+00
       140    0.1540077000E+03    0.1560276441E+03    0.2736062424E+02    0.1178021532E+01    0.4319412283E+00
       141    0.1554750000E+03    0.1582125920E+03    0.2909229880E+02    0.1178021532E+01    0.4319412283E+00
       142    0.1556473000E+03    0.1627296566E+03    0.3267228625E+02    0.1178021532E+01    0.4319412283E+00
       143    0.1591252000E+03    0.1674429465E+03    0.3640779152E+02    0.1178021532E+01    0.4319412283E+00
       144    0.1694642000E+03    0.1723524617E+03    0.4029881458E+02    0.1178021532E+01    0.4319412283E+00
       145    0.1816082000E+03    0.1774582021E+03    0.4434535544E+02    0.1178021532E+01    0.4319412283E+00
       146    0.1826803000E+03    0.1800846567E+03    0.4642694505E+02    0.1178021532E+01    0.4319412283E+00
       147    0.1856998000E+03    0.1827601677E+03    0.4854741411E+02    0.1178021532E+01    0.4319412283E+00
       148    0.1920459000E+03    0.1882583586E+03    0.5290499058E+02    0.1178021532E+01    0.4319412283E+00
       149    0.1684538333E+03    0.1736039363E+03    0.3795218923E+02    0.6297547932E+00    0.2309100908E+00
       150    0.1747238667E+03    0.1760628478E+03    0.3990099298E+02    0.6297547932E+00    0.2309100908E+00
       151    0.1779657000E+03    0.1773120524E+03    0.4089104670E+02    0.6297547932E+00    0.2309100908E+00
       152    0.1797637667E+03    0.1785744228E+03    0.4189153498E+02    0.6297547932E+00    0.2309100908E+00
       153    0.1834372667E+03    0.1811386612E+03    0.4392381523E+02    0.6297547932E+00    0.2309100908E+00
       154    0.1830096667E+03    0.1837555630E+03    0.4599783373E+02    0.6297547932E+00    0.2309100908E+00
       155    0.1851899000E+03    0.1864251282E+03    0.4811359048E+02    0.6297547932E+00    0.2309100908E+00
       156    0.1919865000E+03    0.1891473568E+03    0.5027108549E+02    0.6297547932E+00    0.2309100908E+00
       157    0.1901772333E+03    0.1905282199E+03    0.5136548483E+02    0.6297547932E+00    0.2309100908E+00
       158    0.1907893333E+03    0.1919222489E+03    0.5247031874E+02    0.6297547932E+00    0.2309100908E+00
       159    0.1969100333E+03    0.1947498043E+03    0.5471129024E+02    0.6297547932E+00    0.2309100908E+00
       160    0.1488808333E+03    0.1458486581E+03    0.1742605895E+02    0.8713716275E+00    0.3195029301E+00
       161    0.1531141000E+03    0.1505293086E+03    0.2113569595E+02    0.8713716275E+00    0.3195029301E+00
       162    0.1553749667E+03    0.1529574815E+03    0.2306013791E+02    0.8713716275E+00    0.3195029301E+00
       163    0.1586468333E+03    0.1554442196E+03    0.2503099552E+02    0.8713716275E+00    0.3195029301E+00
       164    0.1637659667E+03    0.1605933912E+03    0.2911195766E+02    0.8713716275E+00    0.3195029301E+00
       165    0.1666397667E+03    0.1659768234E+03    0.3337858237E+02    0.8713716275E+00    0.3195029301E+00
       166    0.1724003000E+03    0.1715945161E+03    0.3783086965E+02    0.8713716275E+00    0.3195029301E+00
       167    0.1828245667E+03    0.1774464693E+03    0.4246881951E+02    0.8713716275E+00    0.3195029301E+00
       168    0.1844319000E+03    0.1804602936E+03    0.4485741790E+02    0.8713716275E+00    0.3195029301E+00
       169    0.1854390333E+03    0.1835326831E+03    0.4729243194E+02    0.8713716275E+00    0.3195029301E+00
       170    0.1935337333E+03    0.1898531575E+03    0.5230170694E+02    0.8713716275E+00    0.3195029301E+00
