	 Y 	 Y_pred 	 diff
    0.1139947988E+03    0.1054265554E+03    0.8568243388E+01
    0.3443617784E+03    0.3381921063E+03    0.6169672070E+01
    0.2605553334E+03    0.2700661360E+03   -0.9510802542E+01
    0.1770777058E+03    0.1881215442E+03   -0.1104383838E+02
    0.1854096194E+03    0.1814853735E+03    0.3924245939E+01
    0.9846246946E+02    0.8845455474E+02    0.1000791473E+02
    0.1336360451E+03    0.1082619925E+03    0.2537405262E+02
    0.1161810959E+03    0.1318847573E+03   -0.1570366136E+02
    0.1374857342E+03    0.1452973259E+03   -0.7811591671E+01
    0.2563639819E+03    0.2511701039E+03    0.5193877996E+01
    0.2589913668E+03    0.2601784281E+03   -0.1187061341E+01
    0.2636269676E+03    0.2691498240E+03   -0.5522856400E+01
    0.7419914298E+02    0.8608844271E+02   -0.1188929973E+02
    0.1365911272E+03    0.1394800138E+03   -0.2888886607E+01
    0.1664174620E+03    0.1659291878E+03    0.4882741891E+00
    0.2489758592E+03    0.2586128527E+03   -0.9636993464E+01
    0.3559526572E+03    0.3648885322E+03   -0.8935874989E+01
    0.3429812803E+03    0.3480542991E+03   -0.5073018849E+01
    0.9507898511E+02    0.1018379617E+03   -0.6758976589E+01
    0.1152563537E+03    0.1061944822E+03    0.9061871465E+01
    0.1575849665E+03    0.1460398194E+03    0.1154514711E+02
    0.1621881784E+03    0.1532756952E+03    0.8912483234E+01
    0.8311168116E+02    0.7695723980E+02    0.6154441354E+01
    0.6625141588E+02    0.7185453284E+02   -0.5603116960E+01
    0.1388089549E+03    0.1401137867E+03   -0.1304831826E+01
    0.1291537303E+03    0.1359641039E+03   -0.6810373575E+01
    0.1106958100E+03    0.1189796199E+03   -0.8283809943E+01
    0.1672786173E+03    0.1805601499E+03   -0.1328153259E+02
    0.3348078087E+03    0.3143786795E+03    0.2042912921E+02
    0.2062694130E+03    0.2255441292E+03   -0.1927471625E+02
    0.3243674594E+03    0.3160640297E+03    0.8303429674E+01
    0.1243448504E+03    0.1330797516E+03   -0.8734901165E+01
    0.2786727984E+03    0.2827891384E+03   -0.4116340019E+01
    0.3525696231E+03    0.3559963839E+03   -0.3426760725E+01
    0.1533371356E+03    0.1595261928E+03   -0.6189057111E+01
    0.1354613601E+03    0.1290933292E+03    0.6368030905E+01
    0.3189353197E+03    0.3020283288E+03    0.1690699091E+02
    0.1784743125E+03    0.1764583931E+03    0.2015919424E+01
    0.1618420223E+03    0.1897300168E+03   -0.2788799447E+02
    0.1750833160E+03    0.2109770150E+03   -0.3589369899E+02
    0.1640343275E+03    0.1616117326E+03    0.2422594847E+01
    0.1653253369E+03    0.1594346397E+03    0.5890697225E+01
    0.1777252035E+03    0.1654928300E+03    0.1223237354E+02
    0.1234999985E+03    0.1136245692E+03    0.9875429306E+01
    0.3280589644E+03    0.3069859098E+03    0.2107305454E+02
    0.2730061052E+03    0.2569200002E+03    0.1608610500E+02
    0.7539411855E+02    0.7994027693E+02   -0.4546158382E+01
    0.1810345920E+03    0.1598416739E+03    0.2119291806E+02
    0.2137989748E+03    0.1867666176E+03    0.2703235713E+02
    0.2362153392E+03    0.2138777370E+03    0.2233760227E+02
    0.2716754675E+03    0.2965517349E+03   -0.2487626735E+02
    0.1557274398E+03    0.1810259690E+03   -0.2529852923E+02
    0.1275768211E+03    0.1234873603E+03    0.4089460753E+01
    0.2269835653E+03    0.2132789710E+03    0.1370459431E+02
    0.3560854796E+03    0.3667811077E+03   -0.1069562812E+02
    0.3356323513E+03    0.3383196361E+03   -0.2687284793E+01
    0.6678121200E+02    0.7256556373E+02   -0.5784351731E+01
    0.9736886424E+02    0.1135979285E+03   -0.1622906429E+02
    0.9411222420E+02    0.1037078336E+03   -0.9595609439E+01
    0.1356927131E+03    0.1480572259E+03   -0.1236451283E+02
    0.2781444213E+03    0.2842710759E+03   -0.6126654599E+01
    0.2994904688E+03    0.3017172175E+03   -0.2226748675E+01
    0.1815617150E+03    0.1463218943E+03    0.3523982073E+02
    0.2580894811E+03    0.2705297041E+03   -0.1244022306E+02
    0.3451406716E+03    0.3208657057E+03    0.2427496594E+02
    0.8919480068E+02    0.8523754423E+02    0.3957256444E+01
    0.1207847205E+03    0.1167247843E+03    0.4059936174E+01
    0.3075347098E+03    0.2964597325E+03    0.1107497733E+02
    0.2635678493E+03    0.2475525315E+03    0.1601531779E+02
    0.1415692716E+03    0.1416454583E+03   -0.7618668104E-01
    0.1215912466E+03    0.1322018360E+03   -0.1061058950E+02
    0.3022450560E+03    0.2971482011E+03    0.5096854884E+01
    0.1198075480E+03    0.1032040216E+03    0.1660352638E+02
    0.1135857840E+03    0.1038030028E+03    0.9782781225E+01
    0.2788580290E+03    0.2535600014E+03    0.2529802753E+02
    0.1177067906E+03    0.9579433167E+02    0.2191245895E+02
    0.1299731940E+03    0.1566137057E+03   -0.2664051164E+02
    0.1858012828E+03    0.1599538658E+03    0.2584741699E+02
    0.3431197118E+03    0.3502055036E+03   -0.7085791744E+01
    0.2754221649E+03    0.2563362443E+03    0.1908592052E+02
    0.1012461757E+03    0.8578844921E+02    0.1545772645E+02
    0.3342069804E+03    0.3100906031E+03    0.2411637732E+02
    0.2925690386E+03    0.2841920842E+03    0.8376954457E+01
    0.3044292394E+03    0.3001428848E+03    0.4286354549E+01
    0.3466922574E+03    0.3492318816E+03   -0.2539624128E+01
    0.2133581471E+03    0.2159005996E+03   -0.2542452586E+01
    0.2477361032E+03    0.2330130940E+03    0.1472300921E+02
    0.3269858934E+03    0.3211902962E+03    0.5795597268E+01
    0.7685966542E+02    0.8671677148E+02   -0.9857106053E+01
    0.9037831757E+02    0.9429543034E+02   -0.3917112760E+01
    0.1250793226E+03    0.1093386674E+03    0.1574065514E+02
    0.1376933148E+03    0.1168041892E+03    0.2088912556E+02
    0.1532934530E+03    0.1316253320E+03    0.2166812096E+02
    0.7247803067E+02    0.8007029759E+02   -0.7592266919E+01
    0.6514082646E+02    0.7820344481E+02   -0.1306261836E+02
    0.6708569690E+02    0.7858314541E+02   -0.1149744851E+02
    0.6606186028E+02    0.7887452187E+02   -0.1281266159E+02
    0.1593068290E+03    0.1443799650E+03    0.1492686407E+02
    0.1193451659E+03    0.1340049843E+03   -0.1465981840E+02
    0.2698899312E+03    0.2486910742E+03    0.2119885703E+02
    0.1851328402E+03    0.1729704777E+03    0.1216236250E+02
    0.2324792831E+03    0.2455468873E+03   -0.1306760419E+02
    0.1746566799E+03    0.1806376666E+03   -0.5980986696E+01
    0.1096500264E+03    0.1063344214E+03    0.3315605018E+01
    0.3054724589E+03    0.2890446476E+03    0.1642781133E+02
    0.1777489072E+03    0.1892619821E+03   -0.1151307489E+02
    0.1079419546E+03    0.1150654239E+03   -0.7123469280E+01
    0.1169255214E+03    0.1164944306E+03    0.4310908530E+00
    0.1562825046E+03    0.1585099100E+03   -0.2227405338E+01
    0.1900791570E+03    0.2026474877E+03   -0.1256833072E+02
    0.1653278390E+03    0.1652453600E+03    0.8247907850E-01
    0.1252586322E+03    0.1066670683E+03    0.1859156390E+02
    0.1635212792E+03    0.1297357473E+03    0.3378553187E+02
    0.8308542094E+02    0.1179784882E+03   -0.3489306725E+02
    0.1656333067E+03    0.1643811940E+03    0.1252112736E+01
    0.1638021596E+03    0.1715908074E+03   -0.7788647892E+01
    0.2787418701E+03    0.2966067236E+03   -0.1786485355E+02
    0.2556213033E+03    0.2772822913E+03   -0.2166098797E+02
    0.3579410584E+03    0.3808426887E+03   -0.2290163036E+02
    0.3545054002E+03    0.3675434155E+03   -0.1303801535E+02
    0.3498113830E+03    0.3609088744E+03   -0.1109749142E+02
    0.3316835756E+03    0.3412183304E+03   -0.9534754838E+01
    0.3292392192E+03    0.3379884505E+03   -0.8749231262E+01
    0.7030410540E+02    0.8153425084E+02   -0.1123014543E+02
    0.7365959505E+02    0.7630958723E+02   -0.2649992174E+01
    0.7019308169E+02    0.7205710831E+02   -0.1864026620E+01
    0.1235282770E+03    0.1258265187E+03   -0.2298241757E+01
    0.7726231874E+02    0.8869554038E+02   -0.1143322163E+02
    0.9923806785E+02    0.1199551560E+03   -0.2071708814E+02
    0.1879236927E+03    0.1817769971E+03    0.6146695558E+01
    0.2927787662E+03    0.3026064336E+03   -0.9827667404E+01
    0.3548500077E+03    0.3648738359E+03   -0.1002382822E+02
    0.1693828405E+03    0.1796280176E+03   -0.1024517712E+02
    0.2053585443E+03    0.2160723716E+03   -0.1071382733E+02
    0.2357175677E+03    0.2518176311E+03   -0.1610006342E+02
    0.3365297414E+03    0.3188339382E+03    0.1769580317E+02
    0.2935234994E+03    0.2733052805E+03    0.2021821890E+02
    0.1587309654E+03    0.1563106576E+03    0.2420307821E+01
    0.2592711134E+03    0.2295437055E+03    0.2972740788E+02
    0.1737380718E+03    0.1775515880E+03   -0.3813516202E+01
    0.1557885917E+03    0.1737149278E+03   -0.1792633609E+02
    0.1956337281E+03    0.1940620319E+03    0.1571696227E+01
    0.2590247442E+03    0.2543851892E+03    0.4639554946E+01
    0.1509485565E+03    0.1582785570E+03   -0.7330000480E+01
    0.1464641946E+03    0.1512540811E+03   -0.4789886559E+01
    0.3048441671E+03    0.3064303517E+03   -0.1586184539E+01
    0.1196200687E+03    0.1063629584E+03    0.1325711036E+02
    0.2499290681E+03    0.2409758447E+03    0.8953223450E+01
    0.2494959393E+03    0.2360690972E+03    0.1342684213E+02
    0.2531818108E+03    0.2378267428E+03    0.1535506800E+02
    0.2540849331E+03    0.2517713991E+03    0.2313533958E+01
    0.2565445535E+03    0.2659057928E+03   -0.9361239290E+01
    0.1614262859E+03    0.1679272481E+03   -0.6500962230E+01
    0.1765848111E+03    0.2013461418E+03   -0.2476133065E+02
    0.1199555727E+03    0.1098264173E+03    0.1012915543E+02
    0.1835905845E+03    0.1862027228E+03   -0.2612138282E+01
    0.2427378609E+03    0.2408635742E+03    0.1874286638E+01
    0.2752750396E+03    0.2984842848E+03   -0.2320924518E+02
    0.3207503283E+03    0.3327761708E+03   -0.1202584251E+02
    0.1448486749E+03    0.1320779325E+03    0.1277074237E+02
    0.1533473073E+03    0.1477165645E+03    0.5630742813E+01
    0.6475675694E+02    0.8222392320E+02   -0.1746716625E+02
    0.1468949451E+03    0.1558868903E+03   -0.8991945174E+01
    0.6947861574E+02    0.8079730435E+02   -0.1131868861E+02
    0.7451208676E+02    0.6650862352E+02    0.8003463243E+01
    0.8219213345E+02    0.9483160906E+02   -0.1263947560E+02
    0.2253661327E+03    0.2091550163E+03    0.1621111639E+02
    0.3536124748E+03    0.3696144125E+03   -0.1600193773E+02
    0.1904213831E+03    0.1899033557E+03    0.5180273814E+00
    0.1408027874E+03    0.1552093140E+03   -0.1440652656E+02
