	 Y 	 Y_pred 	 diff
    0.1139947988E+03    0.1118927807E+03    0.2102018171E+01
    0.3443617784E+03    0.3325301377E+03    0.1183164073E+02
    0.2605553334E+03    0.2567156875E+03    0.3839645932E+01
    0.1770777058E+03    0.1829225116E+03   -0.5844805778E+01
    0.1854096194E+03    0.1837259287E+03    0.1683690710E+01
    0.9846246946E+02    0.8915404413E+02    0.9308425332E+01
    0.1336360451E+03    0.1165508712E+03    0.1708517389E+02
    0.1161810959E+03    0.1285836087E+03   -0.1240251273E+02
    0.1374857342E+03    0.1393674227E+03   -0.1881688435E+01
    0.2563639819E+03    0.2513917853E+03    0.4972196636E+01
    0.2589913668E+03    0.2618977406E+03   -0.2906373811E+01
    0.2636269676E+03    0.2728532835E+03   -0.9226315932E+01
    0.7419914298E+02    0.8020816589E+02   -0.6009022909E+01
    0.1365911272E+03    0.1336151703E+03    0.2975956900E+01
    0.1664174620E+03    0.1603408552E+03    0.6076606761E+01
    0.2489758592E+03    0.2539851483E+03   -0.5009289048E+01
    0.3559526572E+03    0.3710543085E+03   -0.1510165133E+02
    0.3429812803E+03    0.3584232017E+03   -0.1544192139E+02
    0.9507898511E+02    0.9984597655E+02   -0.4766991444E+01
    0.1152563537E+03    0.1038631899E+03    0.1139316379E+02
    0.1575849665E+03    0.1434810391E+03    0.1410392741E+02
    0.1621881784E+03    0.1513144045E+03    0.1087377391E+02
    0.8311168116E+02    0.7883459052E+02    0.4277090635E+01
    0.6625141588E+02    0.7199517901E+02   -0.5743763125E+01
    0.1388089549E+03    0.1412061823E+03   -0.2397227388E+01
    0.1291537303E+03    0.1370414981E+03   -0.7887767814E+01
    0.1106958100E+03    0.1182525956E+03   -0.7556785609E+01
    0.1672786173E+03    0.1875175513E+03   -0.2023893405E+02
    0.3348078087E+03    0.3120505570E+03    0.2275725171E+02
    0.2062694130E+03    0.2138289813E+03   -0.7559568313E+01
    0.3243674594E+03    0.2998359611E+03    0.2453149833E+02
    0.1243448504E+03    0.1482133320E+03   -0.2386848158E+02
    0.2786727984E+03    0.2948783112E+03   -0.1620551286E+02
    0.3525696231E+03    0.3525462365E+03    0.2338667555E-01
    0.1533371356E+03    0.1629509160E+03   -0.9613780311E+01
    0.1354613601E+03    0.1303788698E+03    0.5082490212E+01
    0.3189353197E+03    0.3038855729E+03    0.1504974683E+02
    0.1784743125E+03    0.1843417106E+03   -0.5867398029E+01
    0.1618420223E+03    0.1946548585E+03   -0.3281283618E+02
    0.1750833160E+03    0.2181490755E+03   -0.4306575947E+02
    0.1640343275E+03    0.1631506243E+03    0.8837031254E+00
    0.1653253369E+03    0.1636852940E+03    0.1640042950E+01
    0.1777252035E+03    0.1661558333E+03    0.1156937021E+02
    0.1234999985E+03    0.1138107820E+03    0.9689216520E+01
    0.3280589644E+03    0.3084960877E+03    0.1956287663E+02
    0.2730061052E+03    0.2588030648E+03    0.1420304043E+02
    0.7539411855E+02    0.7442384762E+02    0.9702709356E+00
    0.1810345920E+03    0.1603152246E+03    0.2071936743E+02
    0.2137989748E+03    0.1863471577E+03    0.2745181704E+02
    0.2362153392E+03    0.2112474272E+03    0.2496791206E+02
    0.2716754675E+03    0.2799422424E+03   -0.8266774862E+01
    0.1557274398E+03    0.1865760838E+03   -0.3084864396E+02
    0.1275768211E+03    0.1163105227E+03    0.1126629833E+02
    0.2269835653E+03    0.2115635560E+03    0.1542000930E+02
    0.3560854796E+03    0.3709286654E+03   -0.1484318579E+02
    0.3356323513E+03    0.3432388607E+03   -0.7606509485E+01
    0.6678121200E+02    0.7650184043E+02   -0.9720628426E+01
    0.9736886424E+02    0.1131982130E+03   -0.1582934879E+02
    0.9411222420E+02    0.1016466197E+03   -0.7534395507E+01
    0.1356927131E+03    0.1464634983E+03   -0.1077078521E+02
    0.2781444213E+03    0.2826829765E+03   -0.4538555220E+01
    0.2994904688E+03    0.2975778959E+03    0.1912572974E+01
    0.1815617150E+03    0.1236840400E+03    0.5787767506E+02
    0.2580894811E+03    0.2737208644E+03   -0.1563138338E+02
    0.3451406716E+03    0.3202117262E+03    0.2492894546E+02
    0.8919480068E+02    0.6506979543E+02    0.2412500525E+02
    0.1207847205E+03    0.1093769888E+03    0.1140773169E+02
    0.3075347098E+03    0.3012770814E+03    0.6257628427E+01
    0.2635678493E+03    0.2432161031E+03    0.2035174616E+02
    0.1415692716E+03    0.1469463110E+03   -0.5377039387E+01
    0.1215912466E+03    0.1353543841E+03   -0.1376313754E+02
    0.3022450560E+03    0.2827916278E+03    0.1945342824E+02
    0.1198075480E+03    0.9409406695E+02    0.2571348101E+02
    0.1135857840E+03    0.1024395724E+03    0.1114621160E+02
    0.2788580290E+03    0.2461363426E+03    0.3272168632E+02
    0.1177067906E+03    0.9739786368E+02    0.2030892694E+02
    0.1299731940E+03    0.1621308302E+03   -0.3215763616E+02
    0.1858012828E+03    0.1612235526E+03    0.2457773020E+02
    0.3431197118E+03    0.3391186746E+03    0.4001037206E+01
    0.2754221649E+03    0.2544257139E+03    0.2099645099E+02
    0.1012461757E+03    0.7949959626E+02    0.2174657939E+02
    0.3342069804E+03    0.3045803184E+03    0.2962666205E+02
    0.2925690386E+03    0.2746308364E+03    0.1793820220E+02
    0.3044292394E+03    0.2824997803E+03    0.2192945913E+02
    0.3466922574E+03    0.3396755572E+03    0.7016700257E+01
    0.2133581471E+03    0.2187917671E+03   -0.5433620032E+01
    0.2477361032E+03    0.2332519816E+03    0.1448412161E+02
    0.3269858934E+03    0.3194032898E+03    0.7582603653E+01
    0.7685966542E+02    0.8727777509E+02   -0.1041810967E+02
    0.9037831757E+02    0.9569577728E+02   -0.5317459702E+01
    0.1250793226E+03    0.1122695600E+03    0.1280976261E+02
    0.1376933148E+03    0.1204300716E+03    0.1726324319E+02
    0.1532934530E+03    0.1365093740E+03    0.1678407899E+02
    0.7247803067E+02    0.7857153272E+02   -0.6093502050E+01
    0.6514082646E+02    0.7124194609E+02   -0.6101119634E+01
    0.6708569690E+02    0.6789805809E+02   -0.8123611887E+00
    0.6606186028E+02    0.6670344058E+02   -0.6415802962E+00
    0.1593068290E+03    0.1526868227E+03    0.6620006376E+01
    0.1193451659E+03    0.1264759669E+03   -0.7130800946E+01
    0.2698899312E+03    0.2401010909E+03    0.2978884033E+02
    0.1851328402E+03    0.1797926559E+03    0.5340184300E+01
    0.2324792831E+03    0.2530107157E+03   -0.2053143258E+02
    0.1746566799E+03    0.1791141066E+03   -0.4457426704E+01
    0.1096500264E+03    0.1055798563E+03    0.4070170139E+01
    0.3054724589E+03    0.2878609903E+03    0.1761146864E+02
    0.1777489072E+03    0.1937955006E+03   -0.1604659336E+02
    0.1079419546E+03    0.1104360408E+03   -0.2494086134E+01
    0.1169255214E+03    0.1134951009E+03    0.3430420558E+01
    0.1562825046E+03    0.1637422738E+03   -0.7459769174E+01
    0.1900791570E+03    0.1957005726E+03   -0.5621415593E+01
    0.1653278390E+03    0.1584759514E+03    0.6851887653E+01
    0.1252586322E+03    0.9779680864E+02    0.2746182358E+02
    0.1635212792E+03    0.1219926489E+03    0.4152863026E+02
    0.8308542094E+02    0.1240239367E+03   -0.4093851575E+02
    0.1656333067E+03    0.1675240289E+03   -0.1890722223E+01
    0.1638021596E+03    0.1779377507E+03   -0.1413559118E+02
    0.2787418701E+03    0.3019354669E+03   -0.2319359684E+02
    0.2556213033E+03    0.2729052813E+03   -0.1728397797E+02
    0.3579410584E+03    0.3730934509E+03   -0.1515239254E+02
    0.3545054002E+03    0.3626906998E+03   -0.8185299626E+01
    0.3498113830E+03    0.3574068873E+03   -0.7595504356E+01
    0.3316835756E+03    0.3413348237E+03   -0.9651248172E+01
    0.3292392192E+03    0.3386390609E+03   -0.9399841720E+01
    0.7030410540E+02    0.7486627326E+02   -0.4562167853E+01
    0.7365959505E+02    0.6373176977E+02    0.9927825284E+01
    0.7019308169E+02    0.5533620653E+02    0.1485687516E+02
    0.1235282770E+03    0.1295218198E+03   -0.5993542803E+01
    0.7726231874E+02    0.8781309312E+02   -0.1055077438E+02
    0.9923806785E+02    0.1311544511E+03   -0.3191638321E+02
    0.1879236927E+03    0.1804990596E+03    0.7424633096E+01
    0.2927787662E+03    0.2947959925E+03   -0.2017226259E+01
    0.3548500077E+03    0.3512782356E+03    0.3571772059E+01
    0.1693828405E+03    0.1838540429E+03   -0.1447120234E+02
    0.2053585443E+03    0.2202884232E+03   -0.1492987890E+02
    0.2357175677E+03    0.2556007715E+03   -0.1988320384E+02
    0.3365297414E+03    0.3210268616E+03    0.1550287973E+02
    0.2935234994E+03    0.2715524903E+03    0.2197100907E+02
    0.1587309654E+03    0.1509653919E+03    0.7765573557E+01
    0.2592711134E+03    0.2289498976E+03    0.3032121573E+02
    0.1737380718E+03    0.1805908016E+03   -0.6852729792E+01
    0.1557885917E+03    0.1691563169E+03   -0.1336772514E+02
    0.1956337281E+03    0.2024638789E+03   -0.6830150730E+01
    0.2590247442E+03    0.2571984273E+03    0.1826316873E+01
    0.1509485565E+03    0.1562896192E+03   -0.5341062723E+01
    0.1464641946E+03    0.1414896394E+03    0.4974555183E+01
    0.3048441671E+03    0.2980967878E+03    0.6747379308E+01
    0.1196200687E+03    0.1073047532E+03    0.1231531554E+02
    0.2499290681E+03    0.2467124230E+03    0.3216645108E+01
    0.2494959393E+03    0.2374480941E+03    0.1204784524E+02
    0.2531818108E+03    0.2284766314E+03    0.2470517944E+02
    0.2540849331E+03    0.2422549399E+03    0.1182999321E+02
    0.2565445535E+03    0.2563890312E+03    0.1555222994E+00
    0.1614262859E+03    0.1794821888E+03   -0.1805590292E+02
    0.1765848111E+03    0.2034656352E+03   -0.2688082409E+02
    0.1199555727E+03    0.1148239244E+03    0.5131648256E+01
    0.1835905845E+03    0.1861513932E+03   -0.2560808760E+01
    0.2427378609E+03    0.2365000125E+03    0.6237848421E+01
    0.2752750396E+03    0.2892105293E+03   -0.1393548975E+02
    0.3207503283E+03    0.3242293877E+03   -0.3479059381E+01
    0.1448486749E+03    0.1286510856E+03    0.1619758928E+02
    0.1533473073E+03    0.1420851002E+03    0.1126220717E+02
    0.6475675694E+02    0.7001731373E+02   -0.5260556786E+01
    0.1468949451E+03    0.1458566776E+03    0.1038267546E+01
    0.6947861574E+02    0.8971789369E+02   -0.2023927796E+02
    0.7451208676E+02    0.7991855409E+02   -0.5406467329E+01
    0.8219213345E+02    0.1002677772E+03   -0.1807564370E+02
    0.2253661327E+03    0.2167431562E+03    0.8622976436E+01
    0.3536124748E+03    0.3472531313E+03    0.6359343508E+01
    0.1904213831E+03    0.2104155217E+03   -0.1999413854E+02
    0.1408027874E+03    0.1639089651E+03   -0.2310617771E+02
