	 Y 	 Y_pred 	 diff
    0.1859265000E+03    0.1833672824E+03    0.2559217611E+01
    0.1689561667E+03    0.1598548812E+03    0.9101285511E+01
    0.1804731333E+03    0.1738437307E+03    0.6629402593E+01
    0.1790078333E+03    0.1802676841E+03   -0.1259850744E+01
    0.1726537667E+03    0.1764948602E+03   -0.3841093517E+01
    0.1687353667E+03    0.1610493763E+03    0.7685990413E+01
    0.1793259000E+03    0.1731397376E+03    0.6186162384E+01
    0.1611783000E+03    0.1573331525E+03    0.3845147463E+01
    0.1691650000E+03    0.1657787274E+03    0.3386272598E+01
    0.1712258333E+03    0.1635746602E+03    0.7651173170E+01
    0.1561954667E+03    0.1563844629E+03   -0.1889962556E+00
    0.1592324667E+03    0.1543054055E+03    0.4927061123E+01
    0.1832511000E+03    0.1774938241E+03    0.5757275884E+01
    0.2009755333E+03    0.1952239485E+03    0.5751584804E+01
    0.1616570333E+03    0.1484689116E+03    0.1318812177E+02
    0.1669711667E+03    0.1583974573E+03    0.8573709366E+01
    0.1706844000E+03    0.1693011166E+03    0.1383283422E+01
    0.1991815333E+03    0.1962924395E+03    0.2889093829E+01
    0.1909834333E+03    0.1890276417E+03    0.1955791647E+01
    0.1730631333E+03    0.1535598284E+03    0.1950330498E+02
    0.1512805667E+03    0.1585005660E+03   -0.7219999302E+01
    0.1839162333E+03    0.1794310454E+03    0.4485187942E+01
    0.1709626667E+03    0.1664982718E+03    0.4464394860E+01
    0.1785912667E+03    0.1793410787E+03   -0.7498120221E+00
    0.1928013333E+03    0.1882527231E+03    0.4548610260E+01
    0.1867098667E+03    0.1849157025E+03    0.1794164140E+01
    0.1737680667E+03    0.1563399151E+03    0.1742815160E+02
    0.1572136333E+03    0.1611715454E+03   -0.3957912116E+01
    0.1860203333E+03    0.1817621990E+03    0.4258134300E+01
    0.1708858333E+03    0.1534841279E+03    0.1740170544E+02
    0.1549359333E+03    0.1621070205E+03   -0.7171087124E+01
    0.1731041667E+03    0.1755978109E+03   -0.2493644274E+01
    0.1713224000E+03    0.1703793281E+03    0.9430718568E+00
    0.1816521000E+03    0.1808964295E+03    0.7556704521E+00
    0.1676957000E+03    0.1666367097E+03    0.1058990331E+01
    0.1734750667E+03    0.1739340668E+03   -0.4590000951E+00
    0.1717847667E+03    0.1781617383E+03   -0.6376971633E+01
    0.1608787333E+03    0.1574395852E+03    0.3439148125E+01
    0.1564298667E+03    0.1686732393E+03   -0.1224337260E+02
    0.1612523333E+03    0.1750493502E+03   -0.1379701683E+02
    0.1600181667E+03    0.1716264614E+03   -0.1160829474E+02
    0.1622793333E+03    0.1684901886E+03   -0.6210855220E+01
    0.1858246333E+03    0.1808422028E+03    0.4982430540E+01
    0.2034949000E+03    0.1977860685E+03    0.5708831456E+01
    0.1582014333E+03    0.1453396630E+03    0.1286177034E+02
    0.1536179667E+03    0.1569271033E+03   -0.3309136636E+01
    0.1608522333E+03    0.1637715370E+03   -0.2919303641E+01
    0.1759193333E+03    0.1589816319E+03    0.1693770141E+02
    0.1560547000E+03    0.1495336906E+03    0.6521009408E+01
    0.1987726333E+03    0.1942337262E+03    0.4538907107E+01
    0.1635587333E+03    0.1520351609E+03    0.1152357247E+02
    0.1675417667E+03    0.1616899681E+03    0.5851798533E+01
    0.1769676000E+03    0.1728432155E+03    0.4124384473E+01
    0.1981880667E+03    0.1987976425E+03   -0.6095758618E+00
    0.1906729667E+03    0.1821767165E+03    0.8496250120E+01
    0.1916486333E+03    0.1798351038E+03    0.1181352954E+02
    0.1847231333E+03    0.1742766932E+03    0.1044644011E+02
    0.1703275667E+03    0.1609750102E+03    0.9352556502E+01
    0.1836433333E+03    0.1705645730E+03    0.1307876032E+02
    0.2026154000E+03    0.1997388739E+03    0.2876526107E+01
    0.1474437667E+03    0.1418774141E+03    0.5566352572E+01
    0.1444144000E+03    0.1438407779E+03    0.5736220757E+00
    0.1424446000E+03    0.1448400926E+03   -0.2395492558E+01
    0.1425005000E+03    0.1458511623E+03   -0.3350662338E+01
    0.1435520000E+03    0.1479085673E+03   -0.4356567336E+01
    0.1451082333E+03    0.1500129929E+03   -0.4904759584E+01
    0.1438216667E+03    0.1521644391E+03   -0.8342772417E+01
    0.1484104333E+03    0.1543629058E+03   -0.5952472501E+01
    0.1513720667E+03    0.1554797719E+03   -0.4107705262E+01
    0.1539085667E+03    0.1566083932E+03   -0.2699826502E+01
    0.1581912000E+03    0.1589009011E+03   -0.7097010874E+00
    0.1667517667E+03    0.1591356116E+03    0.7616155100E+01
    0.1681840000E+03    0.1600823714E+03    0.8101628648E+01
    0.1664457333E+03    0.1604976351E+03    0.5948098213E+01
    0.1665557000E+03    0.1608727954E+03    0.5682904634E+01
    0.1636810000E+03    0.1614985085E+03    0.2182491522E+01
    0.1594275000E+03    0.1619505265E+03   -0.2523026458E+01
    0.1582353333E+03    0.1622191996E+03   -0.3983866243E+01
    0.1592605667E+03    0.1622941498E+03   -0.3033583154E+01
    0.1604323000E+03    0.1622555195E+03   -0.1823219528E+01
    0.1603847333E+03    0.1621642009E+03   -0.1779467539E+01
    0.1618017000E+03    0.1618172998E+03   -0.1559983710E-01
    0.1440166667E+03    0.1438968936E+03    0.1197730949E+00
    0.1453615000E+03    0.1462085589E+03   -0.8470588792E+00
    0.1460779667E+03    0.1473707551E+03   -0.1292788386E+01
    0.1470341667E+03    0.1485369963E+03   -0.1502829587E+01
    0.1457263333E+03    0.1508810621E+03   -0.5154728811E+01
    0.1435833000E+03    0.1532397147E+03   -0.9656414652E+01
    0.1445851667E+03    0.1556120025E+03   -0.1102683581E+02
    0.1490260000E+03    0.1579970553E+03   -0.8971055271E+01
    0.1516397333E+03    0.1591941166E+03   -0.7554383261E+01
    0.1536641667E+03    0.1603940752E+03   -0.6729908565E+01
    0.1577903667E+03    0.1628023297E+03   -0.5011963008E+01
    0.2001243000E+03    0.2005448242E+03   -0.4205242471E+00
    0.1944439000E+03    0.1968540462E+03   -0.2410146247E+01
    0.1912783000E+03    0.1949895750E+03   -0.3711275021E+01
    0.1883374667E+03    0.1931119359E+03   -0.4774469277E+01
    0.1835913333E+03    0.1893157434E+03   -0.5724410060E+01
    0.1784214667E+03    0.1854625187E+03   -0.7041051987E+01
    0.1746948000E+03    0.1815490933E+03   -0.6854293271E+01
    0.1720329333E+03    0.1775720597E+03   -0.5539126327E+01
    0.1702934000E+03    0.1755585539E+03   -0.5265153909E+01
    0.1691501333E+03    0.1735277481E+03   -0.4377614784E+01
    0.1641192000E+03    0.1694122011E+03   -0.5293001116E+01
    0.1472152667E+03    0.1422695337E+03    0.4945732989E+01
    0.1537301667E+03    0.1444496538E+03    0.9280512888E+01
    0.1525362667E+03    0.1454938771E+03    0.7042389525E+01
    0.1473256667E+03    0.1465086958E+03    0.8169708302E+00
    0.1476696000E+03    0.1484533864E+03   -0.7837864084E+00
    0.1490033667E+03    0.1502899628E+03   -0.1286596182E+01
    0.1496825000E+03    0.1520242170E+03   -0.2341716985E+01
    0.1510296000E+03    0.1536615342E+03   -0.2631934202E+01
    0.1522688667E+03    0.1544454220E+03   -0.2176555292E+01
    0.1535181333E+03    0.1552069285E+03   -0.1688795145E+01
    0.1558496000E+03    0.1566650739E+03   -0.8154738627E+00
    0.1418090000E+03    0.1444654527E+03   -0.2656452672E+01
    0.1408940000E+03    0.1442155239E+03   -0.3321523893E+01
    0.1434891667E+03    0.1440851838E+03   -0.5960170868E+00
    0.1428621667E+03    0.1439511073E+03   -0.1088940611E+01
    0.1396084667E+03    0.1436712580E+03   -0.4062791303E+01
    0.1360778667E+03    0.1433749471E+03   -0.7297080455E+01
    0.1390718667E+03    0.1430610524E+03   -0.3989185689E+01
    0.1358025333E+03    0.1427283469E+03   -0.6925813553E+01
    0.1362171000E+03    0.1425545252E+03   -0.6337425196E+01
    0.1382688000E+03    0.1423754871E+03   -0.4106687093E+01
    0.1382624000E+03    0.1420009983E+03   -0.3738598269E+01
    0.1592046333E+03    0.1609802621E+03   -0.1775628776E+01
    0.1567264333E+03    0.1596826265E+03   -0.2956193172E+01
    0.1540433667E+03    0.1589754884E+03   -0.4932121707E+01
    0.1521711000E+03    0.1582265900E+03   -0.6055490007E+01
    0.1486229333E+03    0.1565938756E+03   -0.7970942256E+01
    0.1459988000E+03    0.1547632819E+03   -0.8764481901E+01
    0.1461454000E+03    0.1527100740E+03   -0.6564674034E+01
    0.1413109667E+03    0.1504052154E+03   -0.9094248689E+01
    0.1411087000E+03    0.1491479315E+03   -0.8039231511E+01
    0.1421805667E+03    0.1478143898E+03   -0.5633823179E+01
    0.1439435333E+03    0.1448967451E+03   -0.9532117680E+00
    0.1512255333E+03    0.1499345893E+03    0.1290944030E+01
    0.1537537333E+03    0.1553509237E+03   -0.1597190323E+01
    0.1540077000E+03    0.1581246294E+03   -0.4116929382E+01
    0.1554750000E+03    0.1609403787E+03   -0.5465378704E+01
    0.1556473000E+03    0.1666933366E+03   -0.1104603663E+02
    0.1591252000E+03    0.1726008791E+03   -0.1347567909E+02
    0.1694642000E+03    0.1786547248E+03   -0.9190524782E+01
    0.1816082000E+03    0.1848471735E+03   -0.3238973526E+01
    0.1826803000E+03    0.1879931142E+03   -0.5312814211E+01
    0.1856998000E+03    0.1911710562E+03   -0.5471256201E+01
    0.1920459000E+03    0.1976196897E+03   -0.5573789726E+01
    0.1684538333E+03    0.1659217499E+03    0.2532083463E+01
    0.1747238667E+03    0.1698012155E+03    0.4922651167E+01
    0.1779657000E+03    0.1717758431E+03    0.6189856936E+01
    0.1797637667E+03    0.1737737338E+03    0.5990032871E+01
    0.1834372667E+03    0.1778393048E+03    0.5597961907E+01
    0.1830096667E+03    0.1819979284E+03    0.1011738275E+01
    0.1851899000E+03    0.1862496047E+03   -0.1059704690E+01
    0.1919865000E+03    0.1905943337E+03    0.1392166344E+01
    0.1901772333E+03    0.1928015929E+03   -0.2624359556E+01
    0.1907893333E+03    0.1950321153E+03   -0.4242781956E+01
    0.1969100333E+03    0.1995629496E+03   -0.2652916257E+01
    0.1488808333E+03    0.1407516043E+03    0.8129229038E+01
    0.1531141000E+03    0.1468957536E+03    0.6218346438E+01
    0.1553749667E+03    0.1499531040E+03    0.5421862656E+01
    0.1586468333E+03    0.1530014919E+03    0.5645341422E+01
    0.1637659667E+03    0.1590736207E+03    0.4692345959E+01
    0.1666397667E+03    0.1651161731E+03    0.1523593569E+01
    0.1724003000E+03    0.1711325617E+03    0.1267738257E+01
    0.1828245667E+03    0.1771256937E+03    0.5698872939E+01
    0.1844319000E+03    0.1801143313E+03    0.4317568688E+01
    0.1854390333E+03    0.1830980608E+03    0.2340972498E+01
    0.1935337333E+03    0.1890518112E+03    0.4481922177E+01
