	 Y 	 Y_pred 	 diff
    0.1859265000E+03    0.1774557847E+03    0.8470715329E+01
    0.1689561667E+03    0.1532839052E+03    0.1567226148E+02
    0.1804731333E+03    0.1710805570E+03    0.9392576372E+01
    0.1790078333E+03    0.1752214312E+03    0.3786402111E+01
    0.1726537667E+03    0.1703322542E+03    0.2321512420E+01
    0.1687353667E+03    0.1534218850E+03    0.1531348166E+02
    0.1793259000E+03    0.1708922653E+03    0.8433634716E+01
    0.1611783000E+03    0.1500609108E+03    0.1111738917E+02
    0.1691650000E+03    0.1628255016E+03    0.6339498360E+01
    0.1712258333E+03    0.1566493362E+03    0.1457649716E+02
    0.1561954667E+03    0.1469912471E+03    0.9204219561E+01
    0.1592324667E+03    0.1535984819E+03    0.5633984757E+01
    0.1832511000E+03    0.1700554866E+03    0.1319561344E+02
    0.2009755333E+03    0.1916055662E+03    0.9369967120E+01
    0.1616570333E+03    0.1456888556E+03    0.1596817771E+02
    0.1669711667E+03    0.1530714497E+03    0.1389971700E+02
    0.1706844000E+03    0.1621494944E+03    0.8534905564E+01
    0.1991815333E+03    0.1902434524E+03    0.8938080910E+01
    0.1909834333E+03    0.1806316977E+03    0.1035173561E+02
    0.1730631333E+03    0.1581762887E+03    0.1488684465E+02
    0.1512805667E+03    0.1487285249E+03    0.2552041772E+01
    0.1839162333E+03    0.1739415874E+03    0.9974645972E+01
    0.1709626667E+03    0.1583045097E+03    0.1265815698E+02
    0.1785912667E+03    0.1748254072E+03    0.3765859498E+01
    0.1928013333E+03    0.1800504118E+03    0.1275092158E+02
    0.1867098667E+03    0.1756086300E+03    0.1110123664E+02
    0.1737680667E+03    0.1603408305E+03    0.1342723619E+02
    0.1572136333E+03    0.1513399759E+03    0.5873657473E+01
    0.1860203333E+03    0.1755951321E+03    0.1042520125E+02
    0.1708858333E+03    0.1574383752E+03    0.1344745813E+02
    0.1549359333E+03    0.1513302569E+03    0.3605676426E+01
    0.1731041667E+03    0.1683141784E+03    0.4789988308E+01
    0.1713224000E+03    0.1605768504E+03    0.1074554961E+02
    0.1816521000E+03    0.1762738628E+03    0.5378237249E+01
    0.1676957000E+03    0.1576938255E+03    0.1000187446E+02
    0.1734750667E+03    0.1690933757E+03    0.4381691002E+01
    0.1717847667E+03    0.1687177339E+03    0.3067032761E+01
    0.1608787333E+03    0.1607870290E+03    0.9170436161E-01
    0.1564298667E+03    0.1580660995E+03   -0.1636232819E+01
    0.1612523333E+03    0.1660651982E+03   -0.4812864830E+01
    0.1600181667E+03    0.1610439455E+03   -0.1025778804E+01
    0.1622793333E+03    0.1663927002E+03   -0.4113366877E+01
    0.1858246333E+03    0.1719323872E+03    0.1389224611E+02
    0.2034949000E+03    0.1928169972E+03    0.1067790285E+02
    0.1582014333E+03    0.1496209626E+03    0.8580470701E+01
    0.1536179667E+03    0.1461990282E+03    0.7418938424E+01
    0.1608522333E+03    0.1558717994E+03    0.4980433884E+01
    0.1759193333E+03    0.1642634528E+03    0.1165588057E+02
    0.1560547000E+03    0.1451882786E+03    0.1086642139E+02
    0.1987726333E+03    0.1910902535E+03    0.7682379810E+01
    0.1635587333E+03    0.1487462133E+03    0.1481252004E+02
    0.1675417667E+03    0.1558116984E+03    0.1173006828E+02
    0.1769676000E+03    0.1643350276E+03    0.1263257242E+02
    0.1981880667E+03    0.1915131749E+03    0.6674891813E+01
    0.1906729667E+03    0.1779554242E+03    0.1271754245E+02
    0.1916486333E+03    0.1759150441E+03    0.1573358922E+02
    0.1847231333E+03    0.1707978093E+03    0.1392532405E+02
    0.1703275667E+03    0.1563010967E+03    0.1402647000E+02
    0.1836433333E+03    0.1701801848E+03    0.1346314857E+02
    0.2026154000E+03    0.1920065507E+03    0.1060884932E+02
    0.1474437667E+03    0.1463828622E+03    0.1060904459E+01
    0.1444144000E+03    0.1490787307E+03   -0.4664330743E+01
    0.1424446000E+03    0.1503858410E+03   -0.7941240994E+01
    0.1425005000E+03    0.1516667786E+03   -0.9166278582E+01
    0.1435520000E+03    0.1541530912E+03   -0.1060109116E+02
    0.1451082333E+03    0.1565433094E+03   -0.1143507602E+02
    0.1438216667E+03    0.1588426692E+03   -0.1502100256E+02
    0.1484104333E+03    0.1610560376E+03   -0.1264560425E+02
    0.1513720667E+03    0.1621319028E+03   -0.1075983610E+02
    0.1539085667E+03    0.1631879438E+03   -0.9279377182E+01
    0.1581912000E+03    0.1652426087E+03   -0.7051408708E+01
    0.1667517667E+03    0.1625626361E+03    0.4189130583E+01
    0.1681840000E+03    0.1632748393E+03    0.4909160680E+01
    0.1664457333E+03    0.1636110784E+03    0.2834654920E+01
    0.1665557000E+03    0.1639344218E+03    0.2621278187E+01
    0.1636810000E+03    0.1645433853E+03   -0.8623853310E+00
    0.1594275000E+03    0.1651035415E+03   -0.5676041515E+01
    0.1582353333E+03    0.1656165261E+03   -0.7381192793E+01
    0.1592605667E+03    0.1660838116E+03   -0.6823244932E+01
    0.1604323000E+03    0.1663007354E+03   -0.5868435376E+01
    0.1603847333E+03    0.1665067181E+03   -0.6121984733E+01
    0.1618017000E+03    0.1668864230E+03   -0.5084723040E+01
    0.1440166667E+03    0.1443665934E+03   -0.3499267661E+00
    0.1453615000E+03    0.1476349956E+03   -0.2273495649E+01
    0.1460779667E+03    0.1491840195E+03   -0.3106052797E+01
    0.1470341667E+03    0.1506799208E+03   -0.3645754088E+01
    0.1457263333E+03    0.1535223328E+03   -0.7795999442E+01
    0.1435833000E+03    0.1561807005E+03   -0.1259740046E+02
    0.1445851667E+03    0.1586713540E+03   -0.1408618733E+02
    0.1490260000E+03    0.1610087826E+03   -0.1198278263E+02
    0.1516397333E+03    0.1621241244E+03   -0.1048439103E+02
    0.1536641667E+03    0.1632058842E+03   -0.9541717528E+01
    0.1577903667E+03    0.1652741754E+03   -0.7483808734E+01
    0.2001243000E+03    0.1973466772E+03    0.2777622783E+01
    0.1944439000E+03    0.1946805618E+03   -0.2366617584E+00
    0.1912783000E+03    0.1932946705E+03   -0.2016370476E+01
    0.1883374667E+03    0.1918719159E+03   -0.3534449244E+01
    0.1835913333E+03    0.1889105474E+03   -0.5319214041E+01
    0.1784214667E+03    0.1857852834E+03   -0.7363816734E+01
    0.1746948000E+03    0.1824838500E+03   -0.7789050001E+01
    0.1720329333E+03    0.1789927328E+03   -0.6959799497E+01
    0.1702934000E+03    0.1771714414E+03   -0.6878041389E+01
    0.1691501333E+03    0.1752970165E+03   -0.6146883120E+01
    0.1641192000E+03    0.1713801979E+03   -0.7260997936E+01
    0.1472152667E+03    0.1457048558E+03    0.1510410878E+01
    0.1537301667E+03    0.1477580130E+03    0.5972153661E+01
    0.1525362667E+03    0.1487562919E+03    0.3779974748E+01
    0.1473256667E+03    0.1497363915E+03   -0.2410724843E+01
    0.1476696000E+03    0.1516440035E+03   -0.3974403545E+01
    0.1490033667E+03    0.1534845794E+03   -0.4481212697E+01
    0.1496825000E+03    0.1552615916E+03   -0.5579091572E+01
    0.1510296000E+03    0.1569782770E+03   -0.5948676998E+01
    0.1522688667E+03    0.1578149491E+03   -0.5546082422E+01
    0.1535181333E+03    0.1586376564E+03   -0.5119523034E+01
    0.1558496000E+03    0.1602425520E+03   -0.4392952041E+01
    0.1418090000E+03    0.1434977500E+03   -0.1688750007E+01
    0.1408940000E+03    0.1433861975E+03   -0.2492197461E+01
    0.1434891667E+03    0.1433159602E+03    0.1732064323E+00
    0.1428621667E+03    0.1432356854E+03   -0.3735187740E+00
    0.1396084667E+03    0.1430437496E+03   -0.3435282956E+01
    0.1360778667E+03    0.1428076920E+03   -0.6729825306E+01
    0.1390718667E+03    0.1425245524E+03   -0.3452685700E+01
    0.1358025333E+03    0.1421910760E+03   -0.6388542643E+01
    0.1362171000E+03    0.1420043546E+03   -0.5787254629E+01
    0.1382688000E+03    0.1418036757E+03   -0.3534875653E+01
    0.1382624000E+03    0.1413583884E+03   -0.3095988407E+01
    0.1592046333E+03    0.1604856455E+03   -0.1281012146E+01
    0.1567264333E+03    0.1590515755E+03   -0.2325142168E+01
    0.1540433667E+03    0.1582837492E+03   -0.4240382540E+01
    0.1521711000E+03    0.1574795388E+03   -0.5308438832E+01
    0.1486229333E+03    0.1557535049E+03   -0.7130571527E+01
    0.1459988000E+03    0.1538548233E+03   -0.7856023277E+01
    0.1461454000E+03    0.1517616661E+03   -0.5616266143E+01
    0.1413109667E+03    0.1494483210E+03   -0.8137354358E+01
    0.1411087000E+03    0.1481997632E+03   -0.7091063181E+01
    0.1421805667E+03    0.1468842867E+03   -0.4703719992E+01
    0.1439435333E+03    0.1440331036E+03   -0.8957030281E-01
    0.1512255333E+03    0.1516460948E+03   -0.4205614585E+00
    0.1537537333E+03    0.1590116909E+03   -0.5257957617E+01
    0.1540077000E+03    0.1624533721E+03   -0.8445672128E+01
    0.1554750000E+03    0.1657459818E+03   -0.1027098182E+02
    0.1556473000E+03    0.1719155683E+03   -0.1626826826E+02
    0.1591252000E+03    0.1775785860E+03   -0.1845338596E+02
    0.1694642000E+03    0.1827859666E+03   -0.1332176660E+02
    0.1816082000E+03    0.1875824840E+03   -0.5974284011E+01
    0.1826803000E+03    0.1898391947E+03   -0.7158894698E+01
    0.1856998000E+03    0.1920076264E+03   -0.6307826355E+01
    0.1920459000E+03    0.1960963269E+03   -0.4050426944E+01
    0.1684538333E+03    0.1666841236E+03    0.1769709706E+01
    0.1747238667E+03    0.1712864974E+03    0.3437369225E+01
    0.1779657000E+03    0.1734866538E+03    0.4479046178E+01
    0.1797637667E+03    0.1756225910E+03    0.4141175710E+01
    0.1834372667E+03    0.1797106257E+03    0.3726640938E+01
    0.1830096667E+03    0.1835673388E+03   -0.5576721795E+00
    0.1851899000E+03    0.1872081246E+03   -0.2018224621E+01
    0.1919865000E+03    0.1906471607E+03    0.1339339267E+01
    0.1901772333E+03    0.1922951485E+03   -0.2117915129E+01
    0.1907893333E+03    0.1938975208E+03   -0.3108187429E+01
    0.1969100333E+03    0.1969712748E+03   -0.6124144105E-01
    0.1488808333E+03    0.1505639029E+03   -0.1683069539E+01
    0.1531141000E+03    0.1590022265E+03   -0.5888126473E+01
    0.1553749667E+03    0.1628161954E+03   -0.7441228686E+01
    0.1586468333E+03    0.1663920732E+03   -0.7745239823E+01
    0.1637659667E+03    0.1729097327E+03   -0.9143766072E+01
    0.1666397667E+03    0.1786945424E+03   -0.1205477575E+02
    0.1724003000E+03    0.1838580495E+03   -0.1145774955E+02
    0.1828245667E+03    0.1884905804E+03   -0.5666013715E+01
    0.1844319000E+03    0.1906313606E+03   -0.6199460585E+01
    0.1854390333E+03    0.1926660325E+03   -0.7226999201E+01
    0.1935337333E+03    0.1964454271E+03   -0.2911693801E+01
