     Index       y_measurement           y_fitting        descriptor_1
         1    0.4067373667E+03    0.4242669698E+03    0.8113973802E+03
         2    0.2857956333E+03    0.3142924885E+03    0.4760124560E+03
         3    0.3071145667E+03    0.3293391504E+03    0.5218996789E+03
         4    0.3819834000E+03    0.3898217565E+03    0.7063511448E+03
         5    0.3764530667E+03    0.3864122925E+03    0.6959534342E+03
         6    0.2785538000E+03    0.3141597239E+03    0.4756075688E+03
         7    0.3041485333E+03    0.3292063857E+03    0.5214947916E+03
         8    0.2586766667E+03    0.2896249061E+03    0.4007846834E+03
         9    0.2725297000E+03    0.3005602504E+03    0.4341337803E+03
        10    0.2541748667E+03    0.3061450870E+03    0.4511656406E+03
        11    0.2338034333E+03    0.2683924742E+03    0.3360329568E+03
        12    0.4148450000E+03    0.4550229486E+03    0.9051926998E+03
        13    0.2451061333E+03    0.2689094604E+03    0.3376095894E+03
        14    0.2466809333E+03    0.2764919234E+03    0.3607335338E+03
        15    0.3836031333E+03    0.4162181596E+03    0.7868512349E+03
        16    0.4372498667E+03    0.4497012100E+03    0.8889631994E+03
        17    0.4187009000E+03    0.4281303987E+03    0.8231795299E+03
        18    0.2869700333E+03    0.3162839585E+03    0.4820857649E+03
        19    0.2344907333E+03    0.2394463949E+03    0.2477572175E+03
        20    0.3091172667E+03    0.3313306203E+03    0.5279729878E+03
        21    0.3023439333E+03    0.3169477818E+03    0.4841102012E+03
        22    0.3266636333E+03    0.3319944436E+03    0.5299974241E+03
        23    0.3781231333E+03    0.3892535125E+03    0.7046181930E+03
        24    0.2956743000E+03    0.3158414096E+03    0.4807361407E+03
        25    0.2309024667E+03    0.2391422358E+03    0.2468296352E+03
        26    0.3124557667E+03    0.3308880714E+03    0.5266233636E+03
        27    0.2616502000E+03    0.2907574953E+03    0.4042386970E+03
        28    0.2359238667E+03    0.2388684926E+03    0.2459948112E+03
        29    0.2859014667E+03    0.3016928397E+03    0.4375877939E+03
        30    0.3027135333E+03    0.3163724683E+03    0.4823556898E+03
        31    0.3238940333E+03    0.3314191301E+03    0.5282429126E+03
        32    0.2779039000E+03    0.2915776461E+03    0.4067398792E+03
        33    0.2942082000E+03    0.3025129905E+03    0.4400889762E+03
        34    0.2794223333E+03    0.2683580085E+03    0.3359278479E+03
        35    0.2552500667E+03    0.2376822721E+03    0.2423772405E+03
        36    0.2961311333E+03    0.2759404716E+03    0.3590517924E+03
        37    0.2801430000E+03    0.2690817891E+03    0.3381351336E+03
        38    0.2908341667E+03    0.2766642521E+03    0.3612590780E+03
        39    0.4175716333E+03    0.4601304268E+03    0.9207687787E+03
        40    0.4715966000E+03    0.4820196192E+03    0.9875234025E+03
        41    0.2449100333E+03    0.2700812956E+03    0.3411832899E+03
        42    0.2220599667E+03    0.2392030676E+03    0.2470151517E+03
        43    0.2527308000E+03    0.2776637586E+03    0.3643072344E+03
        44    0.3850257000E+03    0.4213050076E+03    0.8023643987E+03
        45    0.2249314667E+03    0.2405717835E+03    0.2511892718E+03
        46    0.4458766000E+03    0.4547880581E+03    0.9044763633E+03
        47    0.2500072667E+03    0.2713220623E+03    0.3449672081E+03
        48    0.3817229000E+03    0.4207254933E+03    0.8005970762E+03
        49    0.4540849667E+03    0.4542085437E+03    0.9027090408E+03
        50    0.4109789667E+03    0.4231079411E+03    0.8078627353E+03
        51    0.3771303667E+03    0.3889693905E+03    0.7037517172E+03
        52    0.3714014333E+03    0.3855599265E+03    0.6933540065E+03
        53    0.2889783333E+03    0.3059107582E+03    0.4504510171E+03
        54    0.4162779667E+03    0.4534907051E+03    0.9005198761E+03
        55    0.4713814667E+03    0.4753798975E+03    0.9672745000E+03
        56    0.2587401333E+03    0.2773900601E+03    0.3634725466E+03
        57    0.2808691333E+03    0.2932534566E+03    0.4118505335E+03
        58    0.3007642333E+03    0.3019271685E+03    0.4383024175E+03
        59    0.3446522333E+03    0.3312846835E+03    0.5278328962E+03
        60    0.3739319333E+03    0.3539807834E+03    0.5970483147E+03
        61    0.4037782333E+03    0.3795364073E+03    0.6749843129E+03
        62    0.4238937333E+03    0.4083019929E+03    0.7627096073E+03
        63    0.4241497333E+03    0.4240094078E+03    0.8106119035E+03
        64    0.4298645000E+03    0.4406700606E+03    0.8614212522E+03
        65    0.4552735000E+03    0.4770801894E+03    0.9724598144E+03
        66    0.2913401333E+03    0.2779278966E+03    0.3651127656E+03
        67    0.3010334667E+03    0.2944422590E+03    0.4154759784E+03
        68    0.3113269333E+03    0.3034893605E+03    0.4430665742E+03
        69    0.3186861333E+03    0.3131060427E+03    0.4723941979E+03
        70    0.3487913667E+03    0.3341886967E+03    0.5366891529E+03
        71    0.3853828667E+03    0.3579925720E+03    0.6092829113E+03
        72    0.4130206000E+03    0.3848568618E+03    0.6912098974E+03
        73    0.4433844000E+03    0.4493346177E+03    0.8878452170E+03
        74    0.4657620000E+03    0.4878529831E+03    0.1005313187E+04
        75    0.2892323000E+03    0.2772287092E+03    0.3629804809E+03
        76    0.3043565333E+03    0.2928968158E+03    0.4107629001E+03
        77    0.3150956000E+03    0.3014585109E+03    0.4368731704E+03
        78    0.3554397667E+03    0.3304134796E+03    0.5251760192E+03
        79    0.3840882333E+03    0.3527772468E+03    0.5933779357E+03
        80    0.4160088000E+03    0.3779402709E+03    0.6701166376E+03
        81    0.4356066667E+03    0.4062439888E+03    0.7564333918E+03
        82    0.4401088000E+03    0.4216913505E+03    0.8035426137E+03
        83    0.4442737333E+03    0.4380706935E+03    0.8534940628E+03
        84    0.4648353333E+03    0.4738483513E+03    0.9626038028E+03
        85    0.5172851333E+03    0.4942130165E+03    0.1024709135E+04
        86    0.5151889667E+03    0.4915672883E+03    0.1016640560E+04
        87    0.5145655000E+03    0.4902444241E+03    0.1012606272E+04
        88    0.5133680667E+03    0.4889215598E+03    0.1008571984E+04
        89    0.5106567333E+03    0.4862758313E+03    0.1000503408E+04
        90    0.5065376667E+03    0.4836301027E+03    0.9924348320E+03
        91    0.5038068667E+03    0.4809843743E+03    0.9843662561E+03
        92    0.5020189333E+03    0.4783386458E+03    0.9762976803E+03
        93    0.5003844000E+03    0.4770157815E+03    0.9722633923E+03
        94    0.4993860000E+03    0.4756929173E+03    0.9682291044E+03
        95    0.4951073333E+03    0.4730471888E+03    0.9601605285E+03
        96    0.2713804000E+03    0.2404501199E+03    0.2508182389E+03
        97    0.2536501333E+03    0.2399634653E+03    0.2493341073E+03
        98    0.2560003000E+03    0.2397201381E+03    0.2485920415E+03
        99    0.2607602000E+03    0.2389901562E+03    0.2463658441E+03
       100    0.2631706000E+03    0.2385035017E+03    0.2448817125E+03
       101    0.2673784667E+03    0.2380168471E+03    0.2433975809E+03
       102    0.2694989667E+03    0.2375301925E+03    0.2419134493E+03
       103    0.2652660667E+03    0.2372868653E+03    0.2411713835E+03
       104    0.2675822667E+03    0.2370435380E+03    0.2404293177E+03
       105    0.2374204333E+03    0.2378221853E+03    0.2428039283E+03
       106    0.2283086667E+03    0.2378951835E+03    0.2430265480E+03
       107    0.2257176333E+03    0.2379681817E+03    0.2432491678E+03
       108    0.2310318667E+03    0.2381141780E+03    0.2436944072E+03
       109    0.2355563000E+03    0.2382601744E+03    0.2441396467E+03
       110    0.2320685333E+03    0.2384061707E+03    0.2445848862E+03
       111    0.2410007667E+03    0.2385521671E+03    0.2450301257E+03
       112    0.2430929000E+03    0.2386251653E+03    0.2452527454E+03
       113    0.2456903000E+03    0.2386981635E+03    0.2454753652E+03
       114    0.2426874667E+03    0.2388441598E+03    0.2459206046E+03
       115    0.2717586000E+03    0.2381628435E+03    0.2438428204E+03
       116    0.2659497000E+03    0.2387954944E+03    0.2457721915E+03
       117    0.2586609333E+03    0.2400607962E+03    0.2496309336E+03
       118    0.2534079333E+03    0.2406934472E+03    0.2515603047E+03
       119    0.2502162667E+03    0.2413260981E+03    0.2534896757E+03
       120    0.2534641000E+03    0.2419587490E+03    0.2554190468E+03
       121    0.2541741667E+03    0.2422750745E+03    0.2563837323E+03
       122    0.2546677000E+03    0.2425913999E+03    0.2573484179E+03
       123    0.2478107667E+03    0.2432240509E+03    0.2592777890E+03
       124    0.2566177333E+03    0.2892224623E+03    0.3995573662E+03
       125    0.2826566667E+03    0.3075190858E+03    0.4553558716E+03
       126    0.3005005000E+03    0.3175490890E+03    0.4859439846E+03
       127    0.3151633333E+03    0.3282150863E+03    0.5184716642E+03
       128    0.3904840000E+03    0.3780515150E+03    0.6704558944E+03
       129    0.4207588667E+03    0.4079121647E+03    0.7615207633E+03
       130    0.4441880000E+03    0.4416220586E+03    0.8643245236E+03
       131    0.4642795333E+03    0.4600680776E+03    0.9205786346E+03
       132    0.5036133333E+03    0.5225653177E+03    0.1111174052E+04
       133    0.2946690000E+03    0.2897602988E+03    0.4011975853E+03
       134    0.3090159667E+03    0.3087078882E+03    0.4589813164E+03
       135    0.3192131333E+03    0.3191112811E+03    0.4907081413E+03
       136    0.3324828333E+03    0.3301858311E+03    0.5244817685E+03
       137    0.3933250000E+03    0.3820633036E+03    0.6826904910E+03
       138    0.4207501667E+03    0.4132326192E+03    0.7777463478E+03
       139    0.4555497333E+03    0.4484820721E+03    0.8852452417E+03
       140    0.4822870667E+03    0.4677949354E+03    0.9441429342E+03
       141    0.5019539333E+03    0.4883251247E+03    0.1006753059E+04
       142    0.5099616667E+03    0.5333381113E+03    0.1144027424E+04
       143    0.2921547667E+03    0.2890611114E+03    0.3990653005E+03
       144    0.3085777333E+03    0.3071624451E+03    0.4542682381E+03
       145    0.3183324000E+03    0.3170804314E+03    0.4845147376E+03
       146    0.3316307000E+03    0.3276238628E+03    0.5166686329E+03
       147    0.3590403667E+03    0.3507415717E+03    0.5871698158E+03
       148    0.3920042333E+03    0.3768479784E+03    0.6667855154E+03
       149    0.4221508000E+03    0.4063160283E+03    0.7566530880E+03
       150    0.4555808667E+03    0.4395640545E+03    0.8580483082E+03
       151    0.4795982333E+03    0.4577500202E+03    0.9135093448E+03
       152    0.4991327333E+03    0.4770612004E+03    0.9724019044E+03
       153    0.5097796667E+03    0.5193334799E+03    0.1101318041E+04
