     Index       y_measurement           y_fitting        descriptor_1        descriptor_2
         1    0.4067373667E+03    0.4178534541E+03    0.2808990203E+02    0.3357712786E+00
         2    0.2857956333E+03    0.3096942830E+03    0.2363827687E+02    0.3357712786E+00
         3    0.3071145667E+03    0.3256701794E+03    0.2462817848E+02    0.4713022794E+00
         4    0.3819834000E+03    0.3869569102E+03    0.2681825922E+02    0.3357712786E+00
         5    0.3764530667E+03    0.3706456105E+03    0.2647928143E+02    0.4713022794E+00
         6    0.2785538000E+03    0.2982577340E+03    0.2349993452E+02    0.4713022794E+00
         7    0.3041485333E+03    0.3311813779E+03    0.2452264471E+02    0.3357712786E+00
         8    0.2586766667E+03    0.2788441100E+03    0.2236854260E+02    0.3357712786E+00
         9    0.2725297000E+03    0.2954752974E+03    0.2305305055E+02    0.3357712786E+00
        10    0.2541748667E+03    0.2623779763E+03    0.2244152816E+02    0.6418907535E+00
        11    0.2338034333E+03    0.2263706947E+03    0.2095953714E+02    0.6418907535E+00
        12    0.4148450000E+03    0.4160591121E+03    0.2876675055E+02    0.6418907535E+00
        13    0.2451061333E+03    0.2725636399E+03    0.2154696405E+02    0.1061567080E+00
        14    0.2466809333E+03    0.2484290045E+03    0.2186741509E+02    0.6418907535E+00
        15    0.3836031333E+03    0.3798138477E+03    0.2727496461E+02    0.6418907535E+00
        16    0.4372498667E+03    0.4257537303E+03    0.2916576254E+02    0.6418907535E+00
        17    0.4187009000E+03    0.4272188886E+03    0.2847536545E+02    0.3357712786E+00
        18    0.2869700333E+03    0.3300812264E+03    0.2365394891E+02    0.0000000000E+00
        19    0.2344907333E+03    0.2283670556E+03    0.2029100333E+02    0.3357712786E+00
        20    0.3091172667E+03    0.3353437254E+03    0.2469395899E+02    0.3357712786E+00
        21    0.3023439333E+03    0.3197978584E+03    0.2405412076E+02    0.3357712786E+00
        22    0.3266636333E+03    0.3346860790E+03    0.2499925571E+02    0.4713022794E+00
        23    0.3781231333E+03    0.3841715367E+03    0.2703598275E+02    0.4713022794E+00
        24    0.2956743000E+03    0.3342000376E+03    0.2382347132E+02    0.0000000000E+00
        25    0.2309024667E+03    0.2322506913E+03    0.2045084637E+02    0.3357712786E+00
        26    0.3124557667E+03    0.3390576591E+03    0.2484681742E+02    0.3357712786E+00
        27    0.2616502000E+03    0.3040575347E+03    0.2258286340E+02    0.0000000000E+00
        28    0.2359238667E+03    0.2217211161E+03    0.2034983333E+02    0.4713022794E+00
        29    0.2859014667E+03    0.2929765378E+03    0.2328257056E+02    0.4713022794E+00
        30    0.3027135333E+03    0.3124231072E+03    0.2408295426E+02    0.4713022794E+00
        31    0.3238940333E+03    0.3438692177E+03    0.2504485199E+02    0.3357712786E+00
        32    0.2779039000E+03    0.2928313987E+03    0.2294423272E+02    0.3357712786E+00
        33    0.2942082000E+03    0.3084236915E+03    0.2358598175E+02    0.3357712786E+00
        34    0.2794223333E+03    0.2842111997E+03    0.2176602611E+02    0.0000000000E+00
        35    0.2552500667E+03    0.2187402310E+03    0.2064548181E+02    0.6418907535E+00
        36    0.2961311333E+03    0.2543190457E+03    0.2210983795E+02    0.6418907535E+00
        37    0.2801430000E+03    0.2484941003E+03    0.2187009431E+02    0.6418907535E+00
        38    0.2908341667E+03    0.2885644529E+03    0.2220552699E+02    0.1061567080E+00
        39    0.4175716333E+03    0.4214161009E+03    0.2898723399E+02    0.6418907535E+00
        40    0.4715966000E+03    0.4907944806E+03    0.3052892916E+02    0.1061567080E+00
        41    0.2449100333E+03    0.2671366455E+03    0.2106327003E+02    0.0000000000E+00
        42    0.2220599667E+03    0.2021339682E+03    0.1996199971E+02    0.6418907535E+00
        43    0.2527308000E+03    0.2378453351E+03    0.2143181145E+02    0.6418907535E+00
        44    0.3850257000E+03    0.4194346660E+03    0.2733156603E+02    0.0000000000E+00
        45    0.2249314667E+03    0.2468519956E+03    0.2048872182E+02    0.1061567080E+00
        46    0.4458766000E+03    0.4598744563E+03    0.2925631994E+02    0.1061567080E+00
        47    0.2500072667E+03    0.2778953493E+03    0.2176640704E+02    0.1061567080E+00
        48    0.3817229000E+03    0.3853293405E+03    0.2750197177E+02    0.6418907535E+00
        49    0.4540849667E+03    0.4302516302E+03    0.2935088752E+02    0.6418907535E+00
        50    0.4109789667E+03    0.4243586232E+03    0.2835764238E+02    0.3357712786E+00
        51    0.3771303667E+03    0.3879801058E+03    0.2719273619E+02    0.4713022794E+00
        52    0.3714014333E+03    0.3887219538E+03    0.2689090505E+02    0.3357712786E+00
        53    0.2889783333E+03    0.2798397216E+03    0.2316022029E+02    0.6418907535E+00
        54    0.4162779667E+03    0.4521719922E+03    0.2893930121E+02    0.1061567080E+00
        55    0.4713814667E+03    0.4568653651E+03    0.3044625808E+02    0.6418907535E+00
        56    0.2587401333E+03    0.2573764458E+03    0.2066155883E+02    0.0000000000E+00
        57    0.2808691333E+03    0.2801289527E+03    0.2159800861E+02    0.0000000000E+00
        58    0.3007642333E+03    0.2916826176E+03    0.2207353542E+02    0.0000000000E+00
        59    0.3446522333E+03    0.3270717704E+03    0.2353008544E+02    0.0000000000E+00
        60    0.3739319333E+03    0.3512874206E+03    0.2452675541E+02    0.0000000000E+00
        61    0.4037782333E+03    0.3760170332E+03    0.2554457909E+02    0.0000000000E+00
        62    0.4238937333E+03    0.4012746836E+03    0.2658413580E+02    0.0000000000E+00
        63    0.4241497333E+03    0.4141060903E+03    0.2711225202E+02    0.0000000000E+00
        64    0.4298645000E+03    0.4270750672E+03    0.2764603037E+02    0.0000000000E+00
        65    0.4552735000E+03    0.4534335313E+03    0.2873089447E+02    0.0000000000E+00
        66    0.2913401333E+03    0.2814981473E+03    0.2165436205E+02    0.0000000000E+00
        67    0.3010334667E+03    0.3033671565E+03    0.2255444875E+02    0.0000000000E+00
        68    0.3113269333E+03    0.3143130831E+03    0.2300496221E+02    0.0000000000E+00
        69    0.3186861333E+03    0.3252681810E+03    0.2345585314E+02    0.0000000000E+00
        70    0.3487913667E+03    0.3472107954E+03    0.2435896929E+02    0.0000000000E+00
        71    0.3853828667E+03    0.3692052277E+03    0.2526421817E+02    0.0000000000E+00
        72    0.4130206000E+03    0.3912624171E+03    0.2617205001E+02    0.0000000000E+00
        73    0.4433844000E+03    0.4356127598E+03    0.2799742551E+02    0.0000000000E+00
        74    0.4657620000E+03    0.4579319446E+03    0.2891604058E+02    0.0000000000E+00
        75    0.2892323000E+03    0.2753500272E+03    0.2151265191E+02    0.4539992976E-01
        76    0.3043565333E+03    0.2970794366E+03    0.2240699295E+02    0.4539992976E-01
        77    0.3150956000E+03    0.3080156641E+03    0.2285710721E+02    0.4539992976E-01
        78    0.3554397667E+03    0.3411081399E+03    0.2421913039E+02    0.4539992976E-01
        79    0.3840882333E+03    0.3634045579E+03    0.2513680842E+02    0.4539992976E-01
        80    0.4160088000E+03    0.3858873312E+03    0.2606215648E+02    0.4539992976E-01
        81    0.4356066667E+03    0.4085553409E+03    0.2699512852E+02    0.4539992976E-01
        82    0.4401088000E+03    0.4199584880E+03    0.2746446030E+02    0.4539992976E-01
        83    0.4442737333E+03    0.4314075701E+03    0.2793568268E+02    0.4539992976E-01
        84    0.4648353333E+03    0.4544430922E+03    0.2888378083E+02    0.4539992976E-01
        85    0.5172851333E+03    0.5301936501E+03    0.3200152929E+02    0.4539992976E-01
        86    0.5151889667E+03    0.5242085712E+03    0.3175519486E+02    0.4539992976E-01
        87    0.5145655000E+03    0.5212276967E+03    0.3163250775E+02    0.4539992976E-01
        88    0.5133680667E+03    0.5182549270E+03    0.3151015422E+02    0.4539992976E-01
        89    0.5106567333E+03    0.5123347592E+03    0.3126649141E+02    0.4539992976E-01
        90    0.5065376667E+03    0.5064503172E+03    0.3102429900E+02    0.4539992976E-01
        91    0.5038068667E+03    0.5006040844E+03    0.3078367921E+02    0.4539992976E-01
        92    0.5020189333E+03    0.4947988114E+03    0.3054474525E+02    0.4539992976E-01
        93    0.5003844000E+03    0.4919124760E+03    0.3042594919E+02    0.4539992976E-01
        94    0.4993860000E+03    0.4890375512E+03    0.3030762277E+02    0.4539992976E-01
        95    0.4951073333E+03    0.4833237028E+03    0.3007245167E+02    0.4539992976E-01
        96    0.2713804000E+03    0.2381916303E+03    0.1987194842E+02    0.0000000000E+00
        97    0.2536501333E+03    0.2411447798E+03    0.1999349442E+02    0.0000000000E+00
        98    0.2560003000E+03    0.2425655121E+03    0.2005196905E+02    0.0000000000E+00
        99    0.2607602000E+03    0.2466085493E+03    0.2021837275E+02    0.0000000000E+00
       100    0.2631706000E+03    0.2491246909E+03    0.2032193234E+02    0.0000000000E+00
       101    0.2673784667E+03    0.2515005673E+03    0.2041971888E+02    0.0000000000E+00
       102    0.2694989667E+03    0.2537387648E+03    0.2051183882E+02    0.0000000000E+00
       103    0.2652660667E+03    0.2548070245E+03    0.2055580635E+02    0.0000000000E+00
       104    0.2675822667E+03    0.2558418050E+03    0.2059839594E+02    0.0000000000E+00
       105    0.2374204333E+03    0.2345401791E+03    0.1983299641E+02    0.4539992976E-01
       106    0.2283086667E+03    0.2352043484E+03    0.1986033235E+02    0.4539992976E-01
       107    0.2257176333E+03    0.2359235177E+03    0.1988993199E+02    0.4539992976E-01
       108    0.2310318667E+03    0.2375385173E+03    0.1995640229E+02    0.4539992976E-01
       109    0.2355563000E+03    0.2394105324E+03    0.2003345086E+02    0.4539992976E-01
       110    0.2320685333E+03    0.2415685780E+03    0.2012227190E+02    0.4539992976E-01
       111    0.2410007667E+03    0.2440460164E+03    0.2022423854E+02    0.4539992976E-01
       112    0.2430929000E+03    0.2454163260E+03    0.2028063787E+02    0.4539992976E-01
       113    0.2456903000E+03    0.2468814014E+03    0.2034093758E+02    0.4539992976E-01
       114    0.2426874667E+03    0.2501195311E+03    0.2047421282E+02    0.4539992976E-01
       115    0.2717586000E+03    0.2569417686E+03    0.2075500310E+02    0.4539992976E-01
       116    0.2659497000E+03    0.2568656713E+03    0.2075187108E+02    0.4539992976E-01
       117    0.2586609333E+03    0.2565038744E+03    0.2073698021E+02    0.4539992976E-01
       118    0.2534079333E+03    0.2562197441E+03    0.2072528595E+02    0.4539992976E-01
       119    0.2502162667E+03    0.2558680631E+03    0.2071081143E+02    0.4539992976E-01
       120    0.2534641000E+03    0.2554499968E+03    0.2069360462E+02    0.4539992976E-01
       121    0.2541741667E+03    0.2552164921E+03    0.2068399401E+02    0.4539992976E-01
       122    0.2546677000E+03    0.2549669300E+03    0.2067372251E+02    0.4539992976E-01
       123    0.2478107667E+03    0.2544205188E+03    0.2065123327E+02    0.4539992976E-01
       124    0.2566177333E+03    0.2619792110E+03    0.2096233462E+02    0.4539992976E-01
       125    0.2826566667E+03    0.2918239812E+03    0.2219068843E+02    0.4539992976E-01
       126    0.3005005000E+03    0.3068296817E+03    0.2280829444E+02    0.4539992976E-01
       127    0.3151633333E+03    0.3218860610E+03    0.2342798629E+02    0.4539992976E-01
       128    0.3904840000E+03    0.3825497377E+03    0.2592478750E+02    0.4539992976E-01
       129    0.4207588667E+03    0.4130992544E+03    0.2718214733E+02    0.4539992976E-01
       130    0.4441880000E+03    0.4437616813E+03    0.2844415433E+02    0.4539992976E-01
       131    0.4642795333E+03    0.4591281753E+03    0.2907660991E+02    0.4539992976E-01
       132    0.5036133333E+03    0.5053367923E+03    0.3097846844E+02    0.4539992976E-01
       133    0.2946690000E+03    0.2854154730E+03    0.2192692646E+02    0.4539992976E-01
       134    0.3090159667E+03    0.3137808630E+03    0.2309439180E+02    0.4539992976E-01
       135    0.3192131333E+03    0.3279227616E+03    0.2367644537E+02    0.4539992976E-01
       136    0.3324828333E+03    0.3420363258E+03    0.2425733275E+02    0.4539992976E-01
       137    0.3933250000E+03    0.3981907546E+03    0.2656854192E+02    0.4539992976E-01
       138    0.4207501667E+03    0.4260769214E+03    0.2771628335E+02    0.4539992976E-01
       139    0.4555497333E+03    0.4538275455E+03    0.2885844610E+02    0.4539992976E-01
       140    0.4822870667E+03    0.4676501837E+03    0.2942735952E+02    0.4539992976E-01
       141    0.5019539333E+03    0.4814367459E+03    0.2999478812E+02    0.4539992976E-01
       142    0.5099616667E+03    0.5088988342E+03    0.3112507529E+02    0.4539992976E-01
       143    0.2921547667E+03    0.2840005952E+03    0.2175735803E+02    0.0000000000E+00
       144    0.3085777333E+03    0.3116253687E+03    0.2289434101E+02    0.0000000000E+00
       145    0.3183324000E+03    0.3254953587E+03    0.2346520334E+02    0.0000000000E+00
       146    0.3316307000E+03    0.3394056943E+03    0.2403772622E+02    0.0000000000E+00
       147    0.3590403667E+03    0.3673523301E+03    0.2518795644E+02    0.0000000000E+00
       148    0.3920042333E+03    0.3954739214E+03    0.2634538749E+02    0.0000000000E+00
       149    0.4221508000E+03    0.4237774945E+03    0.2751030857E+02    0.0000000000E+00
       150    0.4555808667E+03    0.4522688198E+03    0.2868295717E+02    0.0000000000E+00
       151    0.4795982333E+03    0.4665864166E+03    0.2927224214E+02    0.0000000000E+00
       152    0.4991327333E+03    0.4809526791E+03    0.2986353010E+02    0.0000000000E+00
       153    0.5097796667E+03    0.5098330696E+03    0.3105219188E+02    0.0000000000E+00
