     Index       y_measurement           y_fitting        descriptor_1
         1    0.4067373667E+03    0.4264450770E+03    0.8113973802E+03
         2    0.2857956333E+03    0.3153884150E+03    0.4760124560E+03
         3    0.3071145667E+03    0.3305831403E+03    0.5218996789E+03
         4    0.3764530667E+03    0.3882178987E+03    0.6959534342E+03
         5    0.2785538000E+03    0.3152543439E+03    0.4756075688E+03
         6    0.3041485333E+03    0.3304490692E+03    0.5214947916E+03
         7    0.2586766667E+03    0.2904780963E+03    0.4007846834E+03
         8    0.2338034333E+03    0.2690367312E+03    0.3360329568E+03
         9    0.2403534000E+03    0.2766938079E+03    0.3591569013E+03
        10    0.4670846000E+03    0.4796082919E+03    0.9719473236E+03
        11    0.4372498667E+03    0.4521295975E+03    0.8889631994E+03
        12    0.4187009000E+03    0.4303465231E+03    0.8231795299E+03
        13    0.2869700333E+03    0.3173994815E+03    0.4820857649E+03
        14    0.3091172667E+03    0.3325942069E+03    0.5279729878E+03
        15    0.3023439333E+03    0.3180698371E+03    0.4841102012E+03
        16    0.3266636333E+03    0.3332645624E+03    0.5299974241E+03
        17    0.3849960667E+03    0.3945300913E+03    0.7150159037E+03
        18    0.3781231333E+03    0.3910870771E+03    0.7046181930E+03
        19    0.2956743000E+03    0.3169525779E+03    0.4807361407E+03
        20    0.2309024667E+03    0.2394986619E+03    0.2468296352E+03
        21    0.3124557667E+03    0.3321473032E+03    0.5266233636E+03
        22    0.2359238667E+03    0.2392222250E+03    0.2459948112E+03
        23    0.2859014667E+03    0.3026647819E+03    0.4375877939E+03
        24    0.3027135333E+03    0.3174888623E+03    0.4823556898E+03
        25    0.3238940333E+03    0.3326835876E+03    0.5282429126E+03
        26    0.2779039000E+03    0.2924500519E+03    0.4067398792E+03
        27    0.2942082000E+03    0.3034930032E+03    0.4400889762E+03
        28    0.3058423333E+03    0.3079496229E+03    0.4535477189E+03
        29    0.2794223333E+03    0.2690019263E+03    0.3359278479E+03
        30    0.2552500667E+03    0.2380243318E+03    0.2423772405E+03
        31    0.2801430000E+03    0.2697328291E+03    0.3381351336E+03
        32    0.2908341667E+03    0.2773899058E+03    0.3612590780E+03
        33    0.4175716333E+03    0.4626614408E+03    0.9207687787E+03
        34    0.2449100333E+03    0.2707421710E+03    0.3411832899E+03
        35    0.2220599667E+03    0.2395600923E+03    0.2470151517E+03
        36    0.2527308000E+03    0.2783992477E+03    0.3643072344E+03
        37    0.4458766000E+03    0.4572665017E+03    0.9044763633E+03
        38    0.2500072667E+03    0.2719951472E+03    0.3449672081E+03
        39    0.2591231667E+03    0.2796522239E+03    0.3680911525E+03
        40    0.3817229000E+03    0.4228687513E+03    0.8005970762E+03
        41    0.3771303667E+03    0.3908001593E+03    0.7037517172E+03
        42    0.3714014333E+03    0.3873571452E+03    0.6933540065E+03
        43    0.2889783333E+03    0.3069242060E+03    0.4504510171E+03
        44    0.2587401333E+03    0.2781228559E+03    0.3634725466E+03
        45    0.2808691333E+03    0.2941423528E+03    0.4118505335E+03
        46    0.3007642333E+03    0.3029014166E+03    0.4383024175E+03
        47    0.3199497667E+03    0.3122001566E+03    0.4663840936E+03
        48    0.3446522333E+03    0.3325478181E+03    0.5278328962E+03
        49    0.3739319333E+03    0.3554672542E+03    0.5970483147E+03
        50    0.4037782333E+03    0.3812743528E+03    0.6749843129E+03
        51    0.4238937333E+03    0.4103230001E+03    0.7627096073E+03
        52    0.4241497333E+03    0.4261849806E+03    0.8106119035E+03
        53    0.4298645000E+03    0.4430095790E+03    0.8614212522E+03
        54    0.4552735000E+03    0.4797779940E+03    0.9724598144E+03
        55    0.2913401333E+03    0.2786659848E+03    0.3651127656E+03
        56    0.3010334667E+03    0.2953428534E+03    0.4154759784E+03
        57    0.3113269333E+03    0.3044789811E+03    0.4430665742E+03
        58    0.3186861333E+03    0.3141902941E+03    0.4723941979E+03
        59    0.3487913667E+03    0.3354804076E+03    0.5366891529E+03
        60    0.4355697667E+03    0.4172505181E+03    0.7836303253E+03
        61    0.4394029000E+03    0.4339878729E+03    0.8341762031E+03
        62    0.4433844000E+03    0.4517593978E+03    0.8878452170E+03
        63    0.4657620000E+03    0.4906567951E+03    0.1005313187E+04
        64    0.2892323000E+03    0.2779599173E+03    0.3629804809E+03
        65    0.3043565333E+03    0.2937822026E+03    0.4107629001E+03
        66    0.3150956000E+03    0.3024281472E+03    0.4368731704E+03
        67    0.3256563000E+03    0.3116031153E+03    0.4645810623E+03
        68    0.3554397667E+03    0.3316680412E+03    0.5251760192E+03
        69    0.3840882333E+03    0.3542518744E+03    0.5933779357E+03
        70    0.4160088000E+03    0.3796625100E+03    0.6701166376E+03
        71    0.4356066667E+03    0.4082447447E+03    0.7564333918E+03
        72    0.4401088000E+03    0.4238441129E+03    0.8035426137E+03
        73    0.4442737333E+03    0.4403846334E+03    0.8534940628E+03
        74    0.4648353333E+03    0.4765143537E+03    0.9626038028E+03
        75    0.5172851333E+03    0.4970794131E+03    0.1024709135E+04
        76    0.5151889667E+03    0.4944076502E+03    0.1016640560E+04
        77    0.5145655000E+03    0.4930717686E+03    0.1012606272E+04
        78    0.5133680667E+03    0.4917358869E+03    0.1008571984E+04
        79    0.5106567333E+03    0.4890641237E+03    0.1000503408E+04
        80    0.5065376667E+03    0.4863923604E+03    0.9924348320E+03
        81    0.5038068667E+03    0.4837205972E+03    0.9843662561E+03
        82    0.5020189333E+03    0.4810488340E+03    0.9762976803E+03
        83    0.5003844000E+03    0.4797129524E+03    0.9722633923E+03
        84    0.4951073333E+03    0.4757053075E+03    0.9601605285E+03
        85    0.2560003000E+03    0.2400822509E+03    0.2485920415E+03
        86    0.2569182667E+03    0.2398365292E+03    0.2478499757E+03
        87    0.2673784667E+03    0.2383621991E+03    0.2433975809E+03
        88    0.2652660667E+03    0.2376250340E+03    0.2411713835E+03
        89    0.2675822667E+03    0.2373793123E+03    0.2404293177E+03
        90    0.2647965333E+03    0.2368878690E+03    0.2389451862E+03
        91    0.2603128667E+03    0.2380181887E+03    0.2423586888E+03
        92    0.2283086667E+03    0.2382393382E+03    0.2430265480E+03
        93    0.2257176333E+03    0.2383130548E+03    0.2432491678E+03
        94    0.2310318667E+03    0.2384604878E+03    0.2436944072E+03
        95    0.2355563000E+03    0.2386079208E+03    0.2441396467E+03
        96    0.2410007667E+03    0.2389027868E+03    0.2450301257E+03
        97    0.2426874667E+03    0.2391976528E+03    0.2459206046E+03
        98    0.2659497000E+03    0.2391485085E+03    0.2457721915E+03
        99    0.2640742333E+03    0.2394679467E+03    0.2467368770E+03
       100    0.2584595333E+03    0.2397873849E+03    0.2477015625E+03
       101    0.2586609333E+03    0.2404262613E+03    0.2496309336E+03
       102    0.2534079333E+03    0.2410651377E+03    0.2515603047E+03
       103    0.2502162667E+03    0.2417040141E+03    0.2534896757E+03
       104    0.2534641000E+03    0.2423428905E+03    0.2554190468E+03
       105    0.2541741667E+03    0.2426623286E+03    0.2563837323E+03
       106    0.2546677000E+03    0.2429817669E+03    0.2573484179E+03
       107    0.2478107667E+03    0.2436206433E+03    0.2592777890E+03
       108    0.2566177333E+03    0.2900716924E+03    0.3995573662E+03
       109    0.2826566667E+03    0.3085483600E+03    0.4553558716E+03
       110    0.3151633333E+03    0.3294480151E+03    0.5184716642E+03
       111    0.3468133333E+03    0.3530759445E+03    0.5898266928E+03
       112    0.3904840000E+03    0.3797748488E+03    0.6704558944E+03
       113    0.4441880000E+03    0.4439709449E+03    0.8643245236E+03
       114    0.4642795333E+03    0.4625984781E+03    0.9205786346E+03
       115    0.4874887333E+03    0.4823837638E+03    0.9803290938E+03
       116    0.5036133333E+03    0.5257107092E+03    0.1111174052E+04
       117    0.2946690000E+03    0.2906148214E+03    0.4011975853E+03
       118    0.3192131333E+03    0.3202546258E+03    0.4907081413E+03
       119    0.3324828333E+03    0.3314381526E+03    0.5244817685E+03
       120    0.3586237000E+03    0.3560085339E+03    0.5986829494E+03
       121    0.4207501667E+03    0.4153021452E+03    0.7777463478E+03
       122    0.4555497333E+03    0.4508984630E+03    0.8852452417E+03
       123    0.4822870667E+03    0.4704013704E+03    0.9441429342E+03
       124    0.5019539333E+03    0.4911335828E+03    0.1006753059E+04
       125    0.5099616667E+03    0.5365895101E+03    0.1144027424E+04
       126    0.2921547667E+03    0.2899087537E+03    0.3990653005E+03
       127    0.3085777333E+03    0.3081882098E+03    0.4542682381E+03
       128    0.3183324000E+03    0.3182037920E+03    0.4845147376E+03
       129    0.3316307000E+03    0.3288509739E+03    0.5166686329E+03
       130    0.3590403667E+03    0.3521961676E+03    0.5871698158E+03
       131    0.3920042333E+03    0.3785594690E+03    0.6667855154E+03
       132    0.4221508000E+03    0.4083174931E+03    0.7566530880E+03
       133    0.4555808667E+03    0.4418926895E+03    0.8580483082E+03
       134    0.4795982333E+03    0.4602576104E+03    0.9135093448E+03
       135    0.4991327333E+03    0.4797588181E+03    0.9724019044E+03
       136    0.5097796667E+03    0.5224470691E+03    0.1101318041E+04
