     Index       y_measurement           y_fitting        descriptor_1        descriptor_2        descriptor_3
         1    0.4311771491E+00    0.4160914577E+00    0.1144857904E+02    0.2174422852E+01    0.1445394175E+00
         2    0.2780862305E+00    0.2896381953E+00    0.1184593486E+02    0.3130691640E+01    0.6467107962E-01
         3    0.4041564535E+00    0.3750258062E+00    0.1158049796E+02    0.2379580694E+01    0.1297228778E+00
         4    0.4080844591E+00    0.3735789646E+00    0.1158275306E+02    0.2416607240E+01    0.1303929482E+00
         5    0.2714353627E+00    0.2883062604E+00    0.1185431043E+02    0.3079996286E+01    0.6329163926E-01
         6    0.2872237083E+00    0.2956547503E+00    0.1184775879E+02    0.2869843926E+01    0.5041484515E-01
         7    0.2527832565E+00    0.2476846473E+00    0.1199399542E+02    0.3044695603E+01    0.6639475264E-01
         8    0.2511563255E+00    0.2535364426E+00    0.1198970048E+02    0.2880745293E+01    0.5299416498E-01
         9    0.2186514932E+00    0.2374291165E+00    0.1200427661E+02    0.3251262457E+01    0.9689481735E-01
        10    0.2151500840E+00    0.2037845881E+00    0.1215508495E+02    0.2873469583E+01    0.6594773071E-01
        11    0.2188755888E+00    0.2074725921E+00    0.1215259286E+02    0.2755059285E+01    0.5963512573E-01
        12    0.4440869345E+00    0.4527560313E+00    0.1132427813E+02    0.2048785493E+01    0.1652880295E+00
        13    0.4565628182E+00    0.4590526737E+00    0.1131384466E+02    0.1905206863E+01    0.1609027987E+00
        14    0.2267002756E+00    0.2105479343E+00    0.1211286111E+02    0.3118169201E+01    0.7440875843E-01
        15    0.2092739035E+00    0.2152491191E+00    0.1211100503E+02    0.3006707083E+01    0.5560911479E-01
        16    0.4412176146E+00    0.4031349450E+00    0.1144809854E+02    0.3320620659E+01    0.6027281809E-01
        17    0.4373163477E+00    0.4150598826E+00    0.1143579997E+02    0.2978616664E+01    0.4412973942E-01
        18    0.2680617680E+00    0.3148154750E+00    0.1172849695E+02    0.3721956466E+01    0.4472087726E-01
        19    0.2364462509E+00    0.1943666295E+00    0.1216703996E+02    0.2405525224E+01    0.2057625602E+00
        20    0.2877592344E+00    0.3226015476E+00    0.1172101807E+02    0.3464501278E+01    0.3883190500E-01
        21    0.3052002036E+00    0.3024676027E+00    0.1171649092E+02    0.4457244419E+01    0.6057880406E-01
        22    0.3162345360E+00    0.3114857821E+00    0.1171012993E+02    0.4178538115E+01    0.4391983680E-01
        23    0.3810698261E+00    0.4176542693E+00    0.1138568980E+02    0.3587620313E+01    0.4752230141E-01
        24    0.3893930302E+00    0.4157703703E+00    0.1138803384E+02    0.3638059868E+01    0.4961908892E-01
        25    0.2746515510E+00    0.3313140637E+00    0.1166122480E+02    0.3900448002E+01    0.4277097640E-01
        26    0.2796253592E+00    0.3392718569E+00    0.1165365494E+02    0.3635968308E+01    0.3679202854E-01
        27    0.2320546000E+00    0.2918969750E+00    0.1180142740E+02    0.3803839935E+01    0.4424123402E-01
        28    0.3020090589E+00    0.3176049680E+00    0.1165759434E+02    0.4594328419E+01    0.5584717712E-01
        29    0.2681246117E+00    0.2777409397E+00    0.1179611386E+02    0.4512405694E+01    0.6347332679E-01
        30    0.2821058033E+00    0.2849482703E+00    0.1179163481E+02    0.4291068605E+01    0.4824536053E-01
        31    0.3155324828E+00    0.3172694080E+00    0.1159284724E+02    0.5716821861E+01    0.3418011674E-01
        32    0.3001533759E+00    0.3013057356E+00    0.1173621603E+02    0.4327619146E+01    0.4068633678E-01
        33    0.2820478834E+00    0.2736809190E+00    0.1188788029E+02    0.2803405761E+01    0.1579631743E+00
        34    0.3337535518E+00    0.3055042762E+00    0.1173341038E+02    0.4178186337E+01    0.3605451493E-01
        35    0.3033097908E+00    0.2872167974E+00    0.1174120816E+02    0.4892869201E+01    0.5685820299E-01
        36    0.3195628020E+00    0.2920443070E+00    0.1173852971E+02    0.4734816478E+01    0.4754408162E-01
        37    0.4433412280E+00    0.4665362291E+00    0.1126169020E+02    0.2800131748E+01    0.7252236210E-01
        38    0.4489842999E+00    0.4746361189E+00    0.1125111169E+02    0.2626995103E+01    0.5698734083E-01
        39    0.2294035237E+00    0.2159668773E+00    0.1208546609E+02    0.3386370567E+01    0.5049216546E-01
        40    0.1983230862E+00    0.1768614114E+00    0.1223948346E+02    0.2282645566E+01    0.1928975396E+00
        41    0.2315906063E+00    0.2200447357E+00    0.1208281573E+02    0.3238371736E+01    0.4630497242E-01
        42    0.4269733901E+00    0.4108416993E+00    0.1139140504E+02    0.3872903233E+01    0.4411675417E-01
        43    0.2011678056E+00    0.1767465453E+00    0.1220840736E+02    0.2359878599E+01    0.2653730006E+00
        44    0.4469048804E+00    0.4232039925E+00    0.1137820999E+02    0.3476893665E+01    0.3608903722E-01
        45    0.2431243250E+00    0.2137289939E+00    0.1204634724E+02    0.4021469836E+01    0.6423373208E-01
        46    0.4234910986E+00    0.3981363112E+00    0.1138523360E+02    0.4615985245E+01    0.4589224329E-01
        47    0.4522062284E+00    0.4118660874E+00    0.1137275909E+02    0.4176599035E+01    0.3091202290E-01
        48    0.4210826770E+00    0.4190357356E+00    0.1143272816E+02    0.2593524752E+01    0.8485175812E-01
        49    0.3691071406E+00    0.3781919980E+00    0.1155664885E+02    0.2887923605E+01    0.7381362095E-01
        50    0.3793562733E+00    0.3762364152E+00    0.1155853970E+02    0.2929786944E+01    0.7937417900E-01
        51    0.4463194501E+00    0.4537389509E+00    0.1131613790E+02    0.2396381071E+01    0.1156966240E+00
        52    0.4555457409E+00    0.4635510818E+00    0.1130629846E+02    0.2240557923E+01    0.7897535401E-01
        53    0.1426577999E+00    0.1733072587E+00    0.1218537226E+02    0.3983741046E+01    0.6771611683E-01
        54    0.1532933446E+00    0.2108778616E+00    0.1206559070E+02    0.3853431760E+01    0.6841402477E-01
        55    0.2124254665E+00    0.2292797505E+00    0.1200679840E+02    0.3791422513E+01    0.6876840137E-01
        56    0.2458956862E+00    0.2474357966E+00    0.1194871383E+02    0.3731377360E+01    0.6912646834E-01
        57    0.3168200734E+00    0.2830378799E+00    0.1183459775E+02    0.3616817529E+01    0.6985390641E-01
        58    0.3606096115E+00    0.3177364428E+00    0.1172310789E+02    0.3509082539E+01    0.7059681739E-01
        59    0.3855424304E+00    0.3515798152E+00    0.1161411822E+02    0.3407580151E+01    0.7135570027E-01
        60    0.3978840001E+00    0.3846127268E+00    0.1150751060E+02    0.3311784725E+01    0.7213107571E-01
        61    0.3956483535E+00    0.4008383432E+00    0.1145506514E+02    0.3265878798E+01    0.7252511707E-01
        62    0.3933726165E+00    0.4168766670E+00    0.1140317415E+02    0.3221228112E+01    0.7292348725E-01
        63    0.3988790197E+00    0.4484101995E+00    0.1130100468E+02    0.3135492002E+01    0.7373350261E-01
        64    0.2907721873E+00    0.2536239542E+00    0.1168053059E+02    0.7711325446E+01    0.2926599207E-01
        65    0.2766077859E+00    0.2762808364E+00    0.1162360959E+02    0.7399470373E+01    0.2974134477E-01
        66    0.2595940232E+00    0.2981563700E+00    0.1156775330E+02    0.7111858450E+01    0.3023239425E-01
        67    0.2860637736E+00    0.3193248185E+00    0.1151288710E+02    0.6845768508E+01    0.3073993106E-01
        68    0.3369956056E+00    0.3398513553E+00    0.1145894154E+02    0.6598871939E+01    0.3126479974E-01
        69    0.3829514472E+00    0.3597935003E+00    0.1140585193E+02    0.6369164371E+01    0.3180790350E-01
        70    0.3834132326E+00    0.3792022971E+00    0.1135355791E+02    0.6154911136E+01    0.3237020944E-01
        71    0.3842960836E+00    0.3887211016E+00    0.1132769150E+02    0.6053100575E+01    0.3265888430E-01
        72    0.3898202890E+00    0.3981232433E+00    0.1130200316E+02    0.5954603377E+01    0.3295275425E-01
        73    0.1342891712E+00    0.1677300438E+00    0.1212451683E+02    0.5235737545E+01    0.6106240274E-01
        74    0.2160994330E+00    0.2040789126E+00    0.1201168250E+02    0.5075890719E+01    0.5945246192E-01
        75    0.2259092688E+00    0.2218642780E+00    0.1195634342E+02    0.4999572362E+01    0.5867891246E-01
        76    0.2378831299E+00    0.2394001618E+00    0.1190169907E+02    0.4925514974E+01    0.5792523412E-01
        77    0.2813862858E+00    0.2737513971E+00    0.1179442614E+02    0.4783792774E+01    0.5647450473E-01
        78    0.3009395713E+00    0.3071857354E+00    0.1168973238E+02    0.4649998042E+01    0.5509466652E-01
        79    0.3605672677E+00    0.3397522524E+00    0.1158749485E+02    0.4523483721E+01    0.5378064716E-01
        80    0.3718718209E+00    0.3714964138E+00    0.1148759824E+02    0.4403671309E+01    0.5252784699E-01
        81    0.3770097654E+00    0.3870734088E+00    0.1143849372E+02    0.4346114076E+01    0.5192308255E-01
        82    0.3835882870E+00    0.4024603980E+00    0.1138993437E+02    0.4290042010E+01    0.5133208516E-01
        83    0.3997269348E+00    0.4326834280E+00    0.1129440157E+02    0.4182129231E+01    0.5018955306E-01
        84    0.4484240400E+00    0.4663727929E+00    0.1118647918E+02    0.1094871043E+01    0.5884068233E+00
        85    0.4533916717E+00    0.4642318340E+00    0.1118809502E+02    0.1104309587E+01    0.6023111347E+00
        86    0.4572457538E+00    0.4631338967E+00    0.1118890172E+02    0.1109090148E+01    0.6095126605E+00
        87    0.4592785290E+00    0.4620167831E+00    0.1118970760E+02    0.1113912279E+01    0.6168884801E+00
        88    0.4595310313E+00    0.4597222081E+00    0.1119131692E+02    0.1123683439E+01    0.6321889387E+00
        89    0.4578862221E+00    0.4573421330E+00    0.1119292297E+02    0.1133627540E+01    0.6482676841E+00
        90    0.4527502248E+00    0.4548699604E+00    0.1119452575E+02    0.1143749215E+01    0.6651856497E+00
        91    0.4509489184E+00    0.4522983892E+00    0.1119612527E+02    0.1154053262E+01    0.6830102999E+00
        92    0.4487305421E+00    0.4496193275E+00    0.1119772152E+02    0.1164544655E+01    0.7018165298E+00
        93    0.4477070965E+00    0.4468237706E+00    0.1119931450E+02    0.1175228551E+01    0.7216877163E+00
        94    0.1422823761E+00    0.1733433261E+00    0.1225141600E+02    0.2638754713E+01    0.1287877949E+00
        95    0.1702090010E+00    0.1897817388E+00    0.1219458276E+02    0.2655455693E+01    0.1279382255E+00
        96    0.1796044697E+00    0.1980030005E+00    0.1216615238E+02    0.2663885711E+01    0.1275176302E+00
        97    0.2246052236E+00    0.2062256192E+00    0.1213771284E+02    0.2672369423E+01    0.1270997912E+00
        98    0.2431527848E+00    0.2226749087E+00    0.1208080625E+02    0.2689499996E+01    0.1262722746E+00
        99    0.2672206022E+00    0.2391295488E+00    0.1202386299E+02    0.2706851609E+01    0.1254554639E+00
       100    0.2793822363E+00    0.2555894788E+00    0.1196688306E+02    0.2724428568E+01    0.1246491525E+00
       101    0.2945343546E+00    0.2720546348E+00    0.1190986646E+02    0.2742235290E+01    0.1238531394E+00
       102    0.2956445844E+00    0.2802891545E+00    0.1188134440E+02    0.2751226226E+01    0.1234589333E+00
       103    0.3018347465E+00    0.2885249533E+00    0.1185281318E+02    0.2760276312E+01    0.1230672285E+00
       104    0.3104478013E+00    0.3050003592E+00    0.1179572324E+02    0.2778556288E+01    0.1222912288E+00
       105    0.1609983312E+00    0.1393950687E+00    0.1230957461E+02    0.1868241944E+01    0.4260070666E+00
       106    0.1464057447E+00    0.1381586694E+00    0.1230912596E+02    0.1864752078E+01    0.4394452880E+00
       107    0.1354515406E+00    0.1377050299E+00    0.1230822264E+02    0.1863012029E+01    0.4464874210E+00
       108    0.1321953933E+00    0.1373596039E+00    0.1230686664E+02    0.1861275225E+01    0.4537589309E+00
       109    0.1444167407E+00    0.1369884325E+00    0.1230279664E+02    0.1857811313E+01    0.4690364181E+00
       110    0.1364241452E+00    0.1370343962E+00    0.1229691596E+02    0.1854360271E+01    0.4853784960E+00
       111    0.1333490388E+00    0.1374851825E+00    0.1228922460E+02    0.1850922025E+01    0.5029004583E+00
       112    0.1509255145E+00    0.1383266340E+00    0.1227972256E+02    0.1847496506E+01    0.5217348706E+00
       113    0.1360308813E+00    0.1388888426E+00    0.1227429254E+02    0.1845788497E+01    0.5316912062E+00
       114    0.1320689701E+00    0.1395423870E+00    0.1226840985E+02    0.1844083643E+01    0.5420349304E+00
       115    0.2966245313E+00    0.2819957040E+00    0.1180199688E+02    0.3311534677E+01    0.2242454139E+00
       116    0.2769316302E+00    0.2639298269E+00    0.1186245833E+02    0.3283323700E+01    0.2324465121E+00
       117    0.2639498902E+00    0.2551921996E+00    0.1189158699E+02    0.3269397695E+01    0.2367761990E+00
       118    0.2484917914E+00    0.2466502439E+00    0.1191998095E+02    0.3255589322E+01    0.2412702419E+00
       119    0.2399862202E+00    0.2301493081E+00    0.1197456476E+02    0.3228319566E+01    0.2507903070E+00
       120    0.2176879084E+00    0.2144180831E+00    0.1202620974E+02    0.3201502854E+01    0.2610925216E+00
       121    0.1909003345E+00    0.1994460431E+00    0.1207491591E+02    0.3175127989E+01    0.2722774045E+00
       122    0.1864659655E+00    0.1852207417E+00    0.1212068326E+02    0.3149184140E+01    0.2844634702E+00
       123    0.1513056224E+00    0.1783835913E+00    0.1214246488E+02    0.3136370558E+01    0.2909749167E+00
       124    0.1346825959E+00    0.1717273509E+00    0.1216351179E+02    0.3123660827E+01    0.2977914440E+00
       125    0.1458560428E+00    0.1589480806E+00    0.1220340150E+02    0.3098547908E+01    0.3124297212E+00
       126    0.1545919717E+00    0.1744999586E+00    0.1218326140E+02    0.3754877808E+01    0.1036571322E+00
       127    0.2098434920E+00    0.2326062447E+00    0.1200174938E+02    0.3515740338E+01    0.1012509273E+00
       128    0.2335975515E+00    0.2514049583E+00    0.1194274425E+02    0.3442656021E+01    0.1004734931E+00
       129    0.2777107383E+00    0.2882026691E+00    0.1182687244E+02    0.3305239079E+01    0.9895389910E-01
       130    0.3556845611E+00    0.3239893551E+00    0.1171373772E+02    0.3178371316E+01    0.9747958596E-01
       131    0.4029868256E+00    0.3588257457E+00    0.1160321066E+02    0.3060882882E+01    0.9604855944E-01
       132    0.3891821346E+00    0.3927669721E+00    0.1149516991E+02    0.2951770734E+01    0.9465894075E-01
       133    0.4103677372E+00    0.4094177849E+00    0.1144204602E+02    0.2900080740E+01    0.9397910174E-01
       134    0.4480318505E+00    0.4258633155E+00    0.1138950154E+02    0.2850169930E+01    0.9330895828E-01
       135    0.4593358219E+00    0.4581608088E+00    0.1128609850E+02    0.2755330650E+01    0.9199694004E-01
       136    0.3179402455E+00    0.2601429405E+00    0.1167824039E+02    0.7422468903E+01    0.2665954807E-01
       137    0.3102337429E+00    0.2848465742E+00    0.1161919448E+02    0.7040691197E+01    0.2642839592E-01
       138    0.3029599096E+00    0.3084704575E+00    0.1156137324E+02    0.6696266030E+01    0.2620121774E-01
       139    0.3140799395E+00    0.3311387148E+00    0.1150469703E+02    0.6383967289E+01    0.2597791190E-01
       140    0.3409530845E+00    0.3529559101E+00    0.1144909167E+02    0.6099500353E+01    0.2575838025E-01
       141    0.3660323783E+00    0.3740110127E+00    0.1139448798E+02    0.5839303413E+01    0.2554252790E-01
       142    0.4298996304E+00    0.4043289546E+00    0.1131432052E+02    0.5488128523E+01    0.2522544825E-01
       143    0.4491178787E+00    0.4141301775E+00    0.1128803159E+02    0.5380272249E+01    0.2512149722E-01
       144    0.1592238765E+00    0.1750353917E+00    0.1212314046E+02    0.4995799367E+01    0.3975376380E-01
       145    0.2102269710E+00    0.2127533778E+00    0.1200887626E+02    0.4790454010E+01    0.3746447651E-01
       146    0.2116025279E+00    0.2311720839E+00    0.1195280256E+02    0.4693984177E+01    0.3641593996E-01
       147    0.2338955183E+00    0.2493112924E+00    0.1189741064E+02    0.4601323051E+01    0.3542449731E-01
       148    0.2688141384E+00    0.2847897459E+00    0.1178860427E+02    0.4426558960E+01    0.3359520396E-01
       149    0.3424241728E+00    0.3527886589E+00    0.1157845643E+02    0.4114045610E+01    0.3045034042E-01
       150    0.3826141023E+00    0.3854320024E+00    0.1147687864E+02    0.3973772219E+01    0.2908883057E-01
       151    0.4122722955E+00    0.4014386515E+00    0.1142691569E+02    0.3907162490E+01    0.2845273458E-01
       152    0.4440677561E+00    0.4172435860E+00    0.1137748619E+02    0.3842749016E+01    0.2784386276E-01
       153    0.4524044644E+00    0.4482715908E+00    0.1128017826E+02    0.3720090215E+01    0.2670108755E-01
