	 Y 	 Y_pred 	 diff
    0.4067373667E+03    0.4103058941E+03   -0.3568527447E+01
    0.2857956333E+03    0.2953716014E+03   -0.9575968110E+01
    0.3071145667E+03    0.3082308167E+03   -0.1116250079E+01
    0.3819834000E+03    0.3747814017E+03    0.7201998272E+01
    0.3764530667E+03    0.3692782644E+03    0.7174802227E+01
    0.2785538000E+03    0.2979019952E+03   -0.1934819522E+02
    0.3041485333E+03    0.3106165806E+03   -0.6468047287E+01
    0.2586766667E+03    0.2733205207E+03   -0.1464385402E+02
    0.2725297000E+03    0.2807239850E+03   -0.8194285028E+01
    0.2541748667E+03    0.2836170980E+03   -0.2944223138E+02
    0.2338034333E+03    0.2576317746E+03   -0.2382834123E+02
    0.2403534000E+03    0.2607477021E+03   -0.2039430214E+02
    0.4148450000E+03    0.4357306247E+03   -0.2088562468E+02
    0.4670846000E+03    0.4718357252E+03   -0.4751125167E+01
    0.2451061333E+03    0.2479394643E+03   -0.2833330946E+01
    0.2466809333E+03    0.2512368085E+03   -0.4555875188E+01
    0.3836031333E+03    0.3879765114E+03   -0.4373378093E+01
    0.4372498667E+03    0.4262808157E+03    0.1096905097E+02
    0.4187009000E+03    0.4229213735E+03   -0.4220473502E+01
    0.2869700333E+03    0.3110920690E+03   -0.2412203566E+02
    0.2344907333E+03    0.2422588569E+03   -0.7768123597E+01
    0.3091172667E+03    0.3235078020E+03   -0.1439053536E+02
    0.3023439333E+03    0.3039478230E+03   -0.1603889697E+01
    0.3266636333E+03    0.3167865904E+03    0.9877042972E+01
    0.3849960667E+03    0.3912651280E+03   -0.6269061338E+01
    0.3781231333E+03    0.3857748285E+03   -0.7651695180E+01
    0.2956743000E+03    0.3152338326E+03   -0.1955953264E+02
    0.2309024667E+03    0.2449860260E+03   -0.1408355932E+02
    0.3124557667E+03    0.3276400151E+03   -0.1518424844E+02
    0.2616502000E+03    0.2904961616E+03   -0.2884596155E+02
    0.2359238667E+03    0.2465264802E+03   -0.1060261354E+02
    0.2859014667E+03    0.2976401794E+03   -0.1173871270E+02
    0.3027135333E+03    0.3106165806E+03   -0.7903047287E+01
    0.3238940333E+03    0.3233011906E+03    0.5928427590E+00
    0.2779039000E+03    0.2844213261E+03   -0.6517426060E+01
    0.2942082000E+03    0.2918072432E+03    0.2400956810E+01
    0.3058423333E+03    0.3050491766E+03    0.7931567530E+00
    0.2794223333E+03    0.2779031088E+03    0.1519224566E+01
    0.2552500667E+03    0.2560244543E+03   -0.7743876818E+00
    0.2961311333E+03    0.2809710831E+03    0.1516005021E+02
    0.2801430000E+03    0.2762914284E+03    0.3851571568E+01
    0.2908341667E+03    0.2793930107E+03    0.1144115598E+02
    0.4175716333E+03    0.4429630299E+03   -0.2539139658E+02
    0.4715966000E+03    0.4790397012E+03   -0.7443101157E+01
    0.2449100333E+03    0.2625281878E+03   -0.1761815445E+02
    0.2220599667E+03    0.2426967467E+03   -0.2063678005E+02
    0.2527308000E+03    0.2656078541E+03   -0.1287705410E+02
    0.3850257000E+03    0.3979465323E+03   -0.1292083230E+02
    0.2249314667E+03    0.2345098181E+03   -0.9578351427E+01
    0.4458766000E+03    0.4357930169E+03    0.1008358312E+02
    0.2500072667E+03    0.2512368085E+03   -0.1229541855E+01
    0.2591231667E+03    0.2545314709E+03    0.4591695761E+01
    0.3817229000E+03    0.3943732138E+03   -0.1265031384E+02
    0.4540849667E+03    0.4326471960E+03    0.2143777062E+02
    0.4109789667E+03    0.4033682128E+03    0.7610753902E+01
    0.3771303667E+03    0.3655650537E+03    0.1156531299E+02
    0.3714014333E+03    0.3598720332E+03    0.1152940010E+02
    0.2889783333E+03    0.2705476950E+03    0.1843063831E+02
    0.4162779667E+03    0.4316606229E+03   -0.1538265620E+02
    0.4713814667E+03    0.4681761065E+03    0.3205360176E+01
    0.2587401333E+03    0.2894509701E+03   -0.3071083679E+02
    0.2808691333E+03    0.3050874853E+03   -0.2421835196E+02
    0.3007642333E+03    0.3135242574E+03   -0.1276002407E+02
    0.3199497667E+03    0.3223969096E+03   -0.2447142966E+01
    0.3446522333E+03    0.3415240510E+03    0.3128182378E+01
    0.3739319333E+03    0.3626235230E+03    0.1130841034E+02
    0.4037782333E+03    0.3858602466E+03    0.1791798669E+02
    0.4238937333E+03    0.4114099704E+03    0.1248376290E+02
    0.4241497333E+03    0.4251102220E+03   -0.9604887139E+00
    0.4298645000E+03    0.4394598109E+03   -0.9595310900E+01
    0.4552735000E+03    0.4702088134E+03   -0.1493531340E+02
    0.2913401333E+03    0.3109250011E+03   -0.1958486773E+02
    0.3010334667E+03    0.3266373184E+03   -0.2560385172E+02
    0.3113269333E+03    0.3349727433E+03   -0.2364580996E+02
    0.3186861333E+03    0.3436382068E+03   -0.2495207344E+02
    0.3487913667E+03    0.3619906489E+03   -0.1319928227E+02
    0.3853828667E+03    0.3817569305E+03    0.3625936137E+01
    0.4130206000E+03    0.4029982026E+03    0.1002239736E+02
    0.4355697667E+03    0.4257740039E+03    0.9795762743E+01
    0.4394029000E+03    0.4377553907E+03    0.1647509268E+01
    0.4433844000E+03    0.4501417400E+03   -0.6757340014E+01
    0.4657620000E+03    0.4761561181E+03   -0.1039411809E+02
    0.2892323000E+03    0.2758615217E+03    0.1337077827E+02
    0.3043565333E+03    0.2916193120E+03    0.1273722134E+02
    0.3150956000E+03    0.3002031029E+03    0.1489249707E+02
    0.3256563000E+03    0.3092869488E+03    0.1636935119E+02
    0.3554397667E+03    0.3290502129E+03    0.2638955381E+02
    0.3840882333E+03    0.3511086589E+03    0.3297957440E+02
    0.4160088000E+03    0.3756763267E+03    0.4033247326E+02
    0.4356066667E+03    0.4029824724E+03    0.3262419427E+02
    0.4401088000E+03    0.4177384624E+03    0.2237033755E+02
    0.4442737333E+03    0.4332723210E+03    0.1100141238E+02
    0.4648353333E+03    0.4668078400E+03   -0.1972506640E+01
    0.5172851333E+03    0.5294355029E+03   -0.1215036961E+02
    0.5151889667E+03    0.5228598007E+03   -0.7670834076E+01
    0.5145655000E+03    0.5195703877E+03   -0.5004887717E+01
    0.5133680667E+03    0.5162799327E+03   -0.2911866081E+01
    0.5106567333E+03    0.5096958950E+03    0.9608383317E+00
    0.5065376667E+03    0.5031076835E+03    0.3429983128E+01
    0.5038068667E+03    0.4965152944E+03    0.7291572277E+01
    0.5020189333E+03    0.4899187236E+03    0.1210020975E+02
    0.5003844000E+03    0.4866188688E+03    0.1376553119E+02
    0.4993860000E+03    0.4833179671E+03    0.1606803287E+02
    0.4951073333E+03    0.4767130210E+03    0.1839431229E+02
    0.2713804000E+03    0.2437015852E+03    0.2767881484E+02
    0.2536501333E+03    0.2458146630E+03    0.7835470376E+01
    0.2560003000E+03    0.2468707220E+03    0.9129578028E+01
    0.2569182667E+03    0.2479264613E+03    0.8991805406E+01
    0.2607602000E+03    0.2500369812E+03    0.1072321876E+02
    0.2631706000E+03    0.2521462240E+03    0.1102437596E+02
    0.2673784667E+03    0.2542541908E+03    0.1312427582E+02
    0.2694989667E+03    0.2563608828E+03    0.1313808388E+02
    0.2652660667E+03    0.2574137511E+03    0.7852315611E+01
    0.2675822667E+03    0.2584663010E+03    0.9115965625E+01
    0.2647965333E+03    0.2605704468E+03    0.4226086580E+01
    0.2603128667E+03    0.2403401847E+03    0.1997268196E+02
    0.2374204333E+03    0.2390716155E+03   -0.1651182125E+01
    0.2283086667E+03    0.2384290832E+03   -0.1012041650E+02
    0.2257176333E+03    0.2377809567E+03   -0.1206332336E+02
    0.2310318667E+03    0.2364676264E+03   -0.5435759724E+01
    0.2355563000E+03    0.2351310219E+03    0.4252781251E+00
    0.2320685333E+03    0.2337705189E+03   -0.1701985606E+01
    0.2410007667E+03    0.2323854708E+03    0.8615295820E+01
    0.2430929000E+03    0.2316835339E+03    0.1140936615E+02
    0.2456903000E+03    0.2309752073E+03    0.1471509268E+02
    0.2426874667E+03    0.2295390334E+03    0.1314843324E+02
    0.2717586000E+03    0.2594888279E+03    0.1226977205E+02
    0.2659497000E+03    0.2562475388E+03    0.9702161184E+01
    0.2640742333E+03    0.2546051188E+03    0.9469114539E+01
    0.2584595333E+03    0.2529479206E+03    0.5511612774E+01
    0.2586609333E+03    0.2495883844E+03    0.9072548958E+01
    0.2534079333E+03    0.2461672832E+03    0.7240650102E+01
    0.2502162667E+03    0.2426829092E+03    0.7533357496E+01
    0.2534641000E+03    0.2391334905E+03    0.1433060953E+02
    0.2541741667E+03    0.2373338175E+03    0.1684034912E+02
    0.2546677000E+03    0.2355171886E+03    0.1915051136E+02
    0.2478107667E+03    0.2318320952E+03    0.1597867144E+02
    0.2566177333E+03    0.2918427825E+03   -0.3522504912E+02
    0.2826566667E+03    0.3104848228E+03   -0.2782815610E+02
    0.3005005000E+03    0.3206847014E+03   -0.2018420140E+02
    0.3151633333E+03    0.3315114994E+03   -0.1634816605E+02
    0.3468133333E+03    0.3551768617E+03   -0.8363528362E+01
    0.3904840000E+03    0.3817569305E+03    0.8727069471E+01
    0.4207588667E+03    0.4115511937E+03    0.9207672926E+01
    0.4441880000E+03    0.4448841796E+03   -0.6961796452E+00
    0.4642795333E+03    0.4629863611E+03    0.1293172222E+01
    0.4874887333E+03    0.4821071113E+03    0.5381622007E+01
    0.5036133333E+03    0.5235996451E+03   -0.1998631173E+02
    0.2946690000E+03    0.3133037632E+03   -0.1863476322E+02
    0.3090159667E+03    0.3320083515E+03   -0.2299238482E+02
    0.3192131333E+03    0.3421003914E+03   -0.2288725806E+02
    0.3324828333E+03    0.3527137380E+03   -0.2023090468E+02
    0.3586237000E+03    0.3755930648E+03   -0.1696936483E+02
    0.3933250000E+03    0.4008311931E+03   -0.7506193065E+01
    0.4207501667E+03    0.4286253014E+03   -0.7875134774E+01
    0.4555497333E+03    0.4591855077E+03   -0.3635774383E+01
    0.4822870667E+03    0.4755722556E+03    0.6714811027E+01
    0.5019539333E+03    0.4927355138E+03    0.9218419549E+01
    0.5099616667E+03    0.5295132752E+03   -0.1955160857E+02
    0.2921547667E+03    0.2784564739E+03    0.1369829281E+02
    0.3085777333E+03    0.2974221416E+03    0.1115559176E+02
    0.3183324000E+03    0.3078666553E+03    0.1046574470E+02
    0.3316307000E+03    0.3189978121E+03    0.1263288794E+02
    0.3590403667E+03    0.3434649116E+03    0.1557545505E+02
    0.3920042333E+03    0.3711275847E+03    0.2087664862E+02
    0.4221508000E+03    0.4023139522E+03    0.1983684781E+02
    0.4555808667E+03    0.4373774084E+03    0.1820345830E+02
    0.4795982333E+03    0.4564807192E+03    0.2311751408E+02
    0.4991327333E+03    0.4766979575E+03    0.2243477583E+02
    0.5097796667E+03    0.5206835896E+03   -0.1090392297E+02
