	 Y 	 Y_pred 	 diff
    0.1770777058E+03    0.1831966995E+03   -0.6118993699E+01
    0.9846246946E+02    0.8935580221E+02    0.9106667257E+01
    0.1161810959E+03    0.1288743026E+03   -0.1269320663E+02
    0.2636269676E+03    0.2732308149E+03   -0.9603847320E+01
    0.7419914298E+02    0.8041654667E+02   -0.6217403690E+01
    0.1664174620E+03    0.1606057701E+03    0.5811691832E+01
    0.2489758592E+03    0.2543182070E+03   -0.5342347784E+01
    0.3559526572E+03    0.3716783531E+03   -0.1572569591E+02
    0.3429812803E+03    0.3589577850E+03   -0.1597650470E+02
    0.9507898511E+02    0.1000380024E+03   -0.4959017281E+01
    0.1575849665E+03    0.1435969250E+03    0.1398804151E+02
    0.6625141588E+02    0.7219712872E+02   -0.5945712837E+01
    0.1106958100E+03    0.1183915864E+03   -0.7695776415E+01
    0.3243674594E+03    0.3004583622E+03    0.2390909716E+02
    0.1243448504E+03    0.1484978375E+03   -0.2415298707E+02
    0.2786727984E+03    0.2954026854E+03   -0.1672988702E+02
    0.3525696231E+03    0.3531994891E+03   -0.6298659534E+00
    0.1139947988E+03    0.1019241175E+03    0.1207068132E+02
    0.3443617784E+03    0.3320157684E+03    0.1234600998E+02
    0.2605553334E+03    0.2732070171E+03   -0.1265168368E+02
    0.1854096194E+03    0.1869457350E+03   -0.1536115582E+01
    0.1336360451E+03    0.1141937188E+03    0.1944232630E+02
    0.1374857342E+03    0.1319659848E+03    0.5519749484E+01
    0.2563639819E+03    0.2561029091E+03    0.2610728127E+00
    0.2589913668E+03    0.2640942729E+03   -0.5102906097E+01
    0.1365911272E+03    0.1343138550E+03    0.2277272152E+01
    0.1152563537E+03    0.9794710271E+02    0.1730925094E+02
    0.1621881784E+03    0.1487453737E+03    0.1344280468E+02
    0.8311168116E+02    0.7252862202E+02    0.1058305914E+02
    0.1388089549E+03    0.1395015909E+03   -0.6926359878E+00
    0.1291537303E+03    0.1360225408E+03   -0.6868810483E+01
    0.1672786173E+03    0.1870971843E+03   -0.1981856702E+02
    0.3348078087E+03    0.3120161899E+03    0.2279161875E+02
    0.2062694130E+03    0.2289102063E+03   -0.2264079338E+02
    0.1533371356E+03    0.1641561066E+03   -0.1081897093E+02
    0.3189353197E+03    0.3053416863E+03    0.1359363338E+02
    0.1750833160E+03    0.2154748217E+03   -0.4039150567E+02
    0.1640343275E+03    0.1564579275E+03    0.7576400000E+01
    0.1810345920E+03    0.1613167413E+03    0.1971785064E+02
    0.2137989748E+03    0.1877057465E+03    0.2609322827E+02
    0.2716754675E+03    0.2838955798E+03   -0.1222011228E+02
    0.1275768211E+03    0.1165676290E+03    0.1100919212E+02
    0.2269835653E+03    0.2135536514E+03    0.1342991394E+02
    0.3560854796E+03    0.3722095679E+03   -0.1612408829E+02
    0.3356323513E+03    0.3439213736E+03   -0.8289022315E+01
    0.6678121200E+02    0.7831446777E+02   -0.1153325577E+02
    0.9736886424E+02    0.1131770426E+03   -0.1580817837E+02
    0.9411222420E+02    0.1019396745E+03   -0.7827450333E+01
    0.2781444213E+03    0.2829903027E+03   -0.4845881357E+01
    0.1815617150E+03    0.1313723668E+03    0.5018934826E+02
    0.3451406716E+03    0.3204357037E+03    0.2470496790E+02
    0.1354613601E+03    0.1337277851E+03    0.1733574981E+01
    0.1784743125E+03    0.1829777576E+03   -0.4503445121E+01
    0.1618420223E+03    0.1964664508E+03   -0.3462442841E+02
    0.1653253369E+03    0.1560743832E+03    0.9250953715E+01
    0.1777252035E+03    0.1610254554E+03    0.1669974809E+02
    0.1234999985E+03    0.1187907266E+03    0.4709271907E+01
    0.3280589644E+03    0.3076641124E+03    0.2039485195E+02
    0.2730061052E+03    0.2605954108E+03    0.1241069438E+02
    0.7539411855E+02    0.8541291628E+02   -0.1001879773E+02
    0.2362153392E+03    0.2192857593E+03    0.1692957994E+02
    0.1557274398E+03    0.1882025067E+03   -0.3247506695E+02
    0.1356927131E+03    0.1550048020E+03   -0.1931208892E+02
    0.2994904688E+03    0.2960838555E+03    0.3406613303E+01
    0.2580894811E+03    0.2763706133E+03   -0.1828113223E+02
    0.8919480068E+02    0.6582807119E+02    0.2336672949E+02
    0.1207847205E+03    0.1069875270E+03    0.1379719345E+02
    0.3075347098E+03    0.2880437758E+03    0.1949093408E+02
    0.2635678493E+03    0.2408512396E+03    0.2271660976E+02
    0.1415692716E+03    0.1384553016E+03    0.3113970012E+01
    0.1299731940E+03    0.1577005719E+03   -0.2772737788E+02
    0.1858012828E+03    0.1621708489E+03    0.2363043392E+02
    0.3431197118E+03    0.3363786560E+03    0.6741055817E+01
    0.2925690386E+03    0.2778708714E+03    0.1469816719E+02
    0.2477361032E+03    0.2399261963E+03    0.7809906926E+01
    0.3269858934E+03    0.3328963262E+03   -0.5910432719E+01
    0.7685966542E+02    0.8438907918E+02   -0.7529413752E+01
    0.9037831757E+02    0.9264888175E+02   -0.2270564177E+01
    0.1250793226E+03    0.1093376349E+03    0.1574168762E+02
    0.7247803067E+02    0.7425206295E+02   -0.1774032286E+01
    0.6606186028E+02    0.6963083991E+02   -0.3568979633E+01
    0.1593068290E+03    0.1502680890E+03    0.9038740019E+01
    0.1193451659E+03    0.1380770334E+03   -0.1873186746E+02
    0.2698899312E+03    0.2453717863E+03    0.2451814493E+02
    0.1851328402E+03    0.1820158052E+03    0.3117035077E+01
    0.1215912466E+03    0.1307151806E+03   -0.9123934054E+01
    0.3022450560E+03    0.2869844302E+03    0.1526062577E+02
    0.1198075480E+03    0.9437283258E+02    0.2543471538E+02
    0.1135857840E+03    0.1062895154E+03    0.7296268579E+01
    0.2788580290E+03    0.2440215576E+03    0.3483647136E+02
    0.1177067906E+03    0.9213382312E+02    0.2557296750E+02
    0.2754221649E+03    0.2512636525E+03    0.2415851231E+02
    0.1012461757E+03    0.7968098259E+02    0.2156519306E+02
    0.3342069804E+03    0.3077495556E+03    0.2645742476E+02
    0.3044292394E+03    0.2908940508E+03    0.1353518858E+02
    0.3466922574E+03    0.3348428927E+03    0.1184936471E+02
    0.2133581471E+03    0.2167360890E+03   -0.3377941965E+01
    0.1376933148E+03    0.1175154629E+03    0.2017785186E+02
    0.1532934530E+03    0.1351597096E+03    0.1813374336E+02
    0.6514082646E+02    0.6671855274E+02   -0.1577726287E+01
    0.6708569690E+02    0.6662523487E+02    0.4604620344E+00
    0.2324792831E+03    0.2511071267E+03   -0.1862784362E+02
    0.1746566799E+03    0.1887854026E+03   -0.1412872268E+02
    0.3054724589E+03    0.2855712883E+03    0.1990117062E+02
    0.1079419546E+03    0.1084002287E+03   -0.4582740352E+00
    0.1169255214E+03    0.1094265326E+03    0.7498988875E+01
    0.1562825046E+03    0.1664502356E+03   -0.1016773101E+02
    0.1900791570E+03    0.2057986272E+03   -0.1571947028E+02
    0.1252586322E+03    0.1030474331E+03    0.2221119908E+02
    0.1635212792E+03    0.1348439536E+03    0.2867732557E+02
    0.1638021596E+03    0.1792999377E+03   -0.1549777811E+02
    0.2787418701E+03    0.2965363785E+03   -0.1779450838E+02
    0.3292392192E+03    0.3424144186E+03   -0.1317519935E+02
    0.7019308169E+02    0.5786307794E+02    0.1233000375E+02
    0.9923806785E+02    0.1311763666E+03   -0.3193829872E+02
    0.1879236927E+03    0.1874560201E+03    0.4676726103E+00
    0.2927787662E+03    0.2858757614E+03    0.6903004770E+01
    0.3548500077E+03    0.3465944932E+03    0.8255514456E+01
    0.2053585443E+03    0.2331175591E+03   -0.2775901483E+02
    0.1096500264E+03    0.1081046803E+03    0.1545346163E+01
    0.1777489072E+03    0.2002277621E+03   -0.2247885493E+02
    0.1653278390E+03    0.1731972225E+03   -0.7869383482E+01
    0.8308542094E+02    0.1236921221E+03   -0.4060670118E+02
    0.1656333067E+03    0.1537676178E+03    0.1186568891E+02
    0.2556213033E+03    0.2591512819E+03   -0.3529978563E+01
    0.3579410584E+03    0.4025731844E+03   -0.4463212602E+02
    0.3545054002E+03    0.3823912712E+03   -0.2788587100E+02
    0.3498113830E+03    0.3721527782E+03   -0.2234139525E+02
    0.3316835756E+03    0.3408156868E+03   -0.9132111267E+01
    0.7030410540E+02    0.8030646537E+02   -0.1000235997E+02
    0.7365959505E+02    0.7405871972E+02   -0.3991246634E+00
    0.1235282770E+03    0.1305569110E+03   -0.7028633994E+01
    0.7726231874E+02    0.9338849029E+02   -0.1612617154E+02
    0.1693828405E+03    0.1808196471E+03   -0.1143680655E+02
    0.2357175677E+03    0.2519565409E+03   -0.1623897327E+02
    0.3365297414E+03    0.3231936718E+03    0.1333606961E+02
    0.1587309654E+03    0.1610902043E+03   -0.2359238877E+01
    0.2592711134E+03    0.2354115281E+03    0.2385958525E+02
    0.1737380718E+03    0.1761999696E+03   -0.2461897801E+01
    0.1557885917E+03    0.1776722529E+03   -0.2188366118E+02
    0.1509485565E+03    0.1555944272E+03   -0.4645870724E+01
    0.1464641946E+03    0.1373177592E+03    0.9146435418E+01
    0.1196200687E+03    0.1127962309E+03    0.6823837836E+01
    0.2499290681E+03    0.2452767482E+03    0.4652319940E+01
    0.2494959393E+03    0.2384767426E+03    0.1101919668E+02
    0.2565445535E+03    0.2693609606E+03   -0.1281640716E+02
    0.1199555727E+03    0.1171469114E+03    0.2808661292E+01
    0.1835905845E+03    0.1932845498E+03   -0.9693965280E+01
    0.1533473073E+03    0.1394319168E+03    0.1391539050E+02
    0.6475675694E+02    0.7378756122E+02   -0.9030804275E+01
    0.8219213345E+02    0.9953189195E+02   -0.1733975850E+02
    0.3536124748E+03    0.3479772831E+03    0.5635191716E+01
    0.1408027874E+03    0.1551722385E+03   -0.1436945108E+02
    0.2935234994E+03    0.2718752264E+03    0.2164827297E+02
    0.1956337281E+03    0.2025563312E+03   -0.6922603108E+01
    0.2590247442E+03    0.2576077176E+03    0.1417026592E+01
    0.3048441671E+03    0.2988788734E+03    0.5965293750E+01
    0.2531818108E+03    0.2288433075E+03    0.2433850330E+02
    0.2540849331E+03    0.2427244013E+03    0.1136053172E+02
    0.1614262859E+03    0.1799236461E+03   -0.1849736020E+02
    0.1765848111E+03    0.2038644942E+03   -0.2727968308E+02
    0.2427378609E+03    0.2370739810E+03    0.5663879919E+01
    0.2752750396E+03    0.2901006866E+03   -0.1482564703E+02
    0.3207503283E+03    0.3252423773E+03   -0.4492049062E+01
    0.1448486749E+03    0.1288238994E+03    0.1602477546E+02
    0.1468949451E+03    0.1462810457E+03    0.6138994426E+00
    0.6947861574E+02    0.8954506314E+02   -0.2006644740E+02
    0.7451208676E+02    0.7965441779E+02   -0.5142331030E+01
    0.2253661327E+03    0.2165971370E+03    0.8768995660E+01
    0.1904213831E+03    0.2106862301E+03   -0.2026484698E+02
