	 Y 	 Y_pred 	 diff
    0.1770777058E+03    0.1866648809E+03   -0.9587175089E+01
    0.9846246946E+02    0.8691501933E+02    0.1154745013E+02
    0.1161810959E+03    0.1299276217E+03   -0.1374652579E+02
    0.2636269676E+03    0.2669171308E+03   -0.3290163208E+01
    0.7419914298E+02    0.8244773722E+02   -0.8248594247E+01
    0.1664174620E+03    0.1517548869E+03    0.1466257511E+02
    0.2489758592E+03    0.2333764389E+03    0.1559942038E+02
    0.3559526572E+03    0.3650970914E+03   -0.9144434189E+01
    0.3429812803E+03    0.3413857168E+03    0.1595563467E+01
    0.9507898511E+02    0.9821058761E+02   -0.3131602503E+01
    0.1575849665E+03    0.1402029894E+03    0.1738197716E+02
    0.6625141588E+02    0.7060374007E+02   -0.4352324189E+01
    0.1106958100E+03    0.1137863134E+03   -0.3090503406E+01
    0.3243674594E+03    0.3278608711E+03   -0.3493411709E+01
    0.1243448504E+03    0.1415117656E+03   -0.1716691522E+02
    0.2786727984E+03    0.2893932435E+03   -0.1072044511E+02
    0.3525696231E+03    0.3552679695E+03   -0.2698346378E+01
    0.1139947988E+03    0.1125808148E+03    0.1413984065E+01
    0.3443617784E+03    0.3356890151E+03    0.8672763273E+01
    0.2605553334E+03    0.2770423033E+03   -0.1648696986E+02
    0.1854096194E+03    0.2014719803E+03   -0.1606236083E+02
    0.1336360451E+03    0.1145866579E+03    0.1904938725E+02
    0.1374857342E+03    0.1401672926E+03   -0.2681558368E+01
    0.2563639819E+03    0.2539709798E+03    0.2393002122E+01
    0.2589913668E+03    0.2605556075E+03   -0.1564240720E+01
    0.1365911272E+03    0.1283219061E+03    0.8269221037E+01
    0.1152563537E+03    0.1017888979E+03    0.1346745575E+02
    0.1621881784E+03    0.1473959175E+03    0.1479226096E+02
    0.8311168116E+02    0.7660134517E+02    0.6510335984E+01
    0.1388089549E+03    0.1354992835E+03    0.3309671348E+01
    0.1291537303E+03    0.1313321146E+03   -0.2178384245E+01
    0.1672786173E+03    0.1961088059E+03   -0.2883018861E+02
    0.3348078087E+03    0.3224398283E+03    0.1236798036E+02
    0.2062694130E+03    0.2457535455E+03   -0.3948413255E+02
    0.1533371356E+03    0.1522894347E+03    0.1047700953E+01
    0.3189353197E+03    0.3055644719E+03    0.1337084775E+02
    0.1750833160E+03    0.2193355285E+03   -0.4425221245E+02
    0.1640343275E+03    0.1635058419E+03    0.5284855814E+00
    0.1810345920E+03    0.1610528747E+03    0.1998171731E+02
    0.2137989748E+03    0.1823234508E+03    0.3147552400E+02
    0.2716754675E+03    0.2694219235E+03    0.2253543986E+01
    0.1275768211E+03    0.1166040230E+03    0.1097279805E+02
    0.2269835653E+03    0.1978977123E+03    0.2908585299E+02
    0.3560854796E+03    0.3693853192E+03   -0.1329983962E+02
    0.3356323513E+03    0.3313448035E+03    0.4287547734E+01
    0.6678121200E+02    0.7441411098E+02   -0.7632898980E+01
    0.9736886424E+02    0.1037096176E+03   -0.6340753356E+01
    0.9411222420E+02    0.9349263213E+02    0.6195920723E+00
    0.2781444213E+03    0.2894675859E+03   -0.1132316460E+02
    0.1815617150E+03    0.1768923092E+03    0.4669405781E+01
    0.3451406716E+03    0.3394350406E+03    0.5705631025E+01
    0.1354613601E+03    0.1249801072E+03    0.1048125289E+02
    0.1784743125E+03    0.1744459908E+03    0.4028321742E+01
    0.1618420223E+03    0.1889329904E+03   -0.2709096803E+02
    0.1653253369E+03    0.1640939635E+03    0.1231373389E+01
    0.1777252035E+03    0.1738365917E+03    0.3888611756E+01
    0.1234999985E+03    0.1250437985E+03   -0.1543799996E+01
    0.3280589644E+03    0.3169158641E+03    0.1114310028E+02
    0.2730061052E+03    0.2475469611E+03    0.2545914411E+02
    0.7539411855E+02    0.9947522329E+02   -0.2408110474E+02
    0.2362153392E+03    0.2045127848E+03    0.3170255439E+02
    0.1557274398E+03    0.1991697195E+03   -0.4344227972E+02
    0.1356927131E+03    0.1663940267E+03   -0.3070131362E+02
    0.2994904688E+03    0.3059207659E+03   -0.6430297018E+01
    0.2580894811E+03    0.2923410483E+03   -0.3425156728E+02
    0.8919480068E+02    0.9296852744E+02   -0.3773726763E+01
    0.1207847205E+03    0.1256709984E+03   -0.4886277939E+01
    0.3075347098E+03    0.3058436278E+03    0.1691082031E+01
    0.2635678493E+03    0.2441244906E+03    0.1944335869E+02
    0.1415692716E+03    0.1429772187E+03   -0.1407947060E+01
    0.1299731940E+03    0.1631165628E+03   -0.3314336876E+02
    0.1858012828E+03    0.1661616455E+03    0.1963963737E+02
    0.3431197118E+03    0.3481513905E+03   -0.5031678644E+01
    0.2925690386E+03    0.2632460412E+03    0.2932299738E+02
    0.2477361032E+03    0.2401263965E+03    0.7609706731E+01
    0.3269858934E+03    0.3230187025E+03    0.3967190901E+01
    0.7685966542E+02    0.1022461891E+03   -0.2538652365E+02
    0.9037831757E+02    0.1072874294E+03   -0.1690911183E+02
    0.1250793226E+03    0.1173607553E+03    0.7718567276E+01
    0.7247803067E+02    0.9120031556E+02   -0.1872228489E+02
    0.6606186028E+02    0.7188444397E+02   -0.5822583695E+01
    0.1593068290E+03    0.1399103420E+03    0.1939648706E+02
    0.1193451659E+03    0.1557466038E+03   -0.3640143782E+02
    0.2698899312E+03    0.2546503841E+03    0.1523954713E+02
    0.1851328402E+03    0.1889289839E+03   -0.3796143659E+01
    0.1215912466E+03    0.1389450744E+03   -0.1735382782E+02
    0.3022450560E+03    0.2750325449E+03    0.2721251110E+02
    0.1198075480E+03    0.8946101246E+02    0.3034653550E+02
    0.1135857840E+03    0.1014484922E+03    0.1213729182E+02
    0.2788580290E+03    0.2336581198E+03    0.4519990918E+02
    0.1177067906E+03    0.9252824998E+02    0.2517854065E+02
    0.2754221649E+03    0.2471748902E+03    0.2824727464E+02
    0.1012461757E+03    0.7547538625E+02    0.2577078940E+02
    0.3342069804E+03    0.3157961745E+03    0.1841080594E+02
    0.3044292394E+03    0.2737514344E+03    0.3067780503E+02
    0.3466922574E+03    0.3340156105E+03    0.1267664694E+02
    0.2133581471E+03    0.2253600945E+03   -0.1200194740E+02
    0.1376933148E+03    0.1159527406E+03    0.2174057417E+02
    0.1532934530E+03    0.1311198236E+03    0.2217362935E+02
    0.6514082646E+02    0.6700337885E+02   -0.1862552393E+01
    0.6708569690E+02    0.6384919805E+02    0.3236498854E+01
    0.2324792831E+03    0.2673927658E+03   -0.3491348271E+02
    0.1746566799E+03    0.1859225118E+03   -0.1126583188E+02
    0.3054724589E+03    0.2957688017E+03    0.9703657201E+01
    0.1079419546E+03    0.1046822979E+03    0.3259656783E+01
    0.1169255214E+03    0.1059452086E+03    0.1098031281E+02
    0.1562825046E+03    0.1821306679E+03   -0.2584816329E+02
    0.1900791570E+03    0.2199121273E+03   -0.2983297033E+02
    0.1252586322E+03    0.1031281240E+03    0.2213050825E+02
    0.1635212792E+03    0.1295277016E+03    0.3399357760E+02
    0.1638021596E+03    0.1921489281E+03   -0.2834676859E+02
    0.2787418701E+03    0.2805973925E+03   -0.1855522455E+01
    0.3292392192E+03    0.3181861577E+03    0.1105306157E+02
    0.7019308169E+02    0.6186085960E+02    0.8332222093E+01
    0.9923806785E+02    0.1364505518E+03   -0.3721248391E+02
    0.1879236927E+03    0.2118297116E+03   -0.2390601889E+02
    0.2927787662E+03    0.3170639878E+03   -0.2428522157E+02
    0.3548500077E+03    0.3652710455E+03   -0.1042103787E+02
    0.2053585443E+03    0.2242584189E+03   -0.1889987463E+02
    0.1096500264E+03    0.1030514095E+03    0.6598616921E+01
    0.1777489072E+03    0.2100653240E+03   -0.3231641680E+02
    0.1653278390E+03    0.1806019105E+03   -0.1527407143E+02
    0.8308542094E+02    0.1202192593E+03   -0.3713383840E+02
    0.1656333067E+03    0.1704358267E+03   -0.4802519951E+01
    0.2556213033E+03    0.2456380601E+03    0.9983243252E+01
    0.3579410584E+03    0.3794157615E+03   -0.2147470315E+02
    0.3545054002E+03    0.3607914654E+03   -0.6286065165E+01
    0.3498113830E+03    0.3513431676E+03   -0.1531784627E+01
    0.3316835756E+03    0.3224246372E+03    0.9258938392E+01
    0.7030410540E+02    0.7316009037E+02   -0.2855984970E+01
    0.7365959505E+02    0.6739453860E+02    0.6265056449E+01
    0.1235282770E+03    0.1236293394E+03   -0.1010624167E+00
    0.7726231874E+02    0.8932953502E+02   -0.1206721627E+02
    0.1693828405E+03    0.1913727636E+03   -0.2198992312E+02
    0.2357175677E+03    0.2570193932E+03   -0.2130182553E+02
    0.3365297414E+03    0.3227585235E+03    0.1377121785E+02
    0.1587309654E+03    0.1497844424E+03    0.8946523034E+01
    0.2592711134E+03    0.2346831292E+03    0.2458798412E+02
    0.1737380718E+03    0.1792422883E+03   -0.5504216508E+01
    0.1557885917E+03    0.1801610737E+03   -0.2437248198E+02
    0.1509485565E+03    0.1498551912E+03    0.1093365274E+01
    0.1464641946E+03    0.1307862361E+03    0.1567795853E+02
    0.1196200687E+03    0.1244051722E+03   -0.4785103476E+01
    0.2499290681E+03    0.2284228807E+03    0.2150618747E+02
    0.2494959393E+03    0.2188247928E+03    0.3067114648E+02
    0.2565445535E+03    0.2558869969E+03    0.6575565971E+00
    0.1199555727E+03    0.1022329970E+03    0.1772257566E+02
    0.1835905845E+03    0.1686585461E+03    0.1493203838E+02
    0.1533473073E+03    0.1341212262E+03    0.1922608116E+02
    0.6475675694E+02    0.8699293841E+02   -0.2223618146E+02
    0.8219213345E+02    0.1185660012E+03   -0.3637386777E+02
    0.3536124748E+03    0.3579444911E+03   -0.4332016327E+01
    0.1408027874E+03    0.1427588089E+03   -0.1956021432E+01
    0.2935234994E+03    0.2711496250E+03    0.2237387438E+02
    0.1956337281E+03    0.2074020492E+03   -0.1176832111E+02
    0.2590247442E+03    0.2651715138E+03   -0.6146769586E+01
    0.3048441671E+03    0.2876119963E+03    0.1723217084E+02
    0.2531818108E+03    0.2252751571E+03    0.2790665366E+02
    0.2540849331E+03    0.2361200626E+03    0.1796487042E+02
    0.1614262859E+03    0.1840943761E+03   -0.2266809022E+02
    0.1765848111E+03    0.2124778732E+03   -0.3589306209E+02
    0.2427378609E+03    0.2211051222E+03    0.2163273866E+02
    0.2752750396E+03    0.2677283733E+03    0.7546666298E+01
    0.3207503283E+03    0.3011235497E+03    0.1962677861E+02
    0.1448486749E+03    0.1252134173E+03    0.1963525756E+02
    0.1468949451E+03    0.1397091840E+03    0.7185761126E+01
    0.6947861574E+02    0.8336765148E+02   -0.1388903574E+02
    0.7451208676E+02    0.7198216432E+02    0.2529922443E+01
    0.2253661327E+03    0.2262895408E+03   -0.9234081089E+00
    0.1904213831E+03    0.2220973357E+03   -0.3167595261E+02
