     Index       y_measurement           y_fitting        descriptor_1
         1    0.1119034582E+03    0.1044146092E+03    0.3201998874E+03
         2    0.5781486579E+02    0.5491162504E+02    0.2288181221E+03
         3    0.9969179946E+02    0.9239777120E+02    0.2980169849E+03
         4    0.9817976135E+02    0.8870476607E+02    0.2911997529E+03
         5    0.5573694755E+02    0.5685783573E+02    0.2324107978E+03
         6    0.6345732320E+02    0.6663704953E+02    0.2504630796E+03
         7    0.4895849377E+02    0.4577729157E+02    0.2119562797E+03
         8    0.5114042588E+02    0.5188803744E+02    0.2232366248E+03
         9    0.4348442747E+02    0.5404826005E+02    0.2272243633E+03
        10    0.3917125463E+02    0.4046520219E+02    0.2021502425E+03
        11    0.4077056391E+02    0.4322986954E+02    0.2072537769E+03
        12    0.1156620276E+03    0.1085518606E+03    0.3278371913E+03
        13    0.1322564577E+03    0.1298176785E+03    0.3670935717E+03
        14    0.4295367200E+02    0.3186551121E+02    0.1862753421E+03
        15    0.4050309916E+02    0.3479114411E+02    0.1916760165E+03
        16    0.1066234624E+03    0.9021280472E+02    0.2939835696E+03
        17    0.1218090654E+03    0.1142775455E+03    0.3384067197E+03
        18    0.5656963783E+02    0.6700276361E+02    0.2511381823E+03
        19    0.4232796680E+02    0.3419664334E+02    0.1905785770E+03
        20    0.6493284567E+02    0.7655212001E+02    0.2687661508E+03
        21    0.6554370379E+02    0.6150788456E+02    0.2409947181E+03
        22    0.7208525840E+02    0.7138261083E+02    0.2592233145E+03
        23    0.9788397509E+02    0.1034595497E+03    0.3184368619E+03
        24    0.9754851806E+02    0.9977515966E+02    0.3116355332E+03
        25    0.5888624772E+02    0.7018833286E+02    0.2570186953E+03
        26    0.6380085368E+02    0.7973034365E+02    0.2746331039E+03
        27    0.4667560663E+02    0.5995389477E+02    0.2381260763E+03
        28    0.6496802097E+02    0.6663704953E+02    0.2504630796E+03
        29    0.5481318806E+02    0.5493978599E+02    0.2288701068E+03
        30    0.6029149555E+02    0.6103604854E+02    0.2401237159E+03
        31    0.6830351287E+02    0.7173808464E+02    0.2598795138E+03
        32    0.6014871550E+02    0.5845133802E+02    0.2353523791E+03
        33    0.5341138887E+02    0.4734956384E+02    0.2148586707E+03
        34    0.6882396517E+02    0.6117345800E+02    0.2403773717E+03
        35    0.6068008934E+02    0.5702134329E+02    0.2327126303E+03
        36    0.6555221939E+02    0.5977328247E+02    0.2377926687E+03
        37    0.1166313876E+03    0.1128117300E+03    0.3357008462E+03
        38    0.1314904999E+03    0.1340608031E+03    0.3749263160E+03
        39    0.4292238571E+02    0.4480964008E+02    0.2101700096E+03
        40    0.3499053213E+02    0.3461504360E+02    0.1913509376E+03
        41    0.4434460389E+02    0.4754213398E+02    0.2152141523E+03
        42    0.1048738256E+03    0.9647648639E+02    0.3055462319E+03
        43    0.3601177755E+02    0.2679249745E+02    0.1769106349E+03
        44    0.1256431161E+03    0.1202536012E+03    0.3494384288E+03
        45    0.4815536762E+02    0.3771439742E+02    0.1970722982E+03
        46    0.1038482190E+03    0.9423154332E+02    0.3014021007E+03
        47    0.1281946021E+03    0.1182772342E+03    0.3457900850E+03
        48    0.1112114300E+03    0.1000559998E+03    0.3121539598E+03
        49    0.9355975646E+02    0.8621293171E+02    0.2865998641E+03
        50    0.9368174085E+02    0.8239250117E+02    0.2795474067E+03
        51    0.1165733788E+03    0.1061546392E+03    0.3234119567E+03
        52    0.1331123282E+03    0.1276621718E+03    0.3631145388E+03
        53    0.2632643497E+02    0.4033186801E+02    0.2019041096E+03
        54    0.2911030054E+02    0.4742446759E+02    0.2149969419E+03
        55    0.4146923460E+02    0.5109204862E+02    0.2217672414E+03
        56    0.4958492797E+02    0.5484206109E+02    0.2286897081E+03
        57    0.6671768541E+02    0.6259417828E+02    0.2430000000E+03
        58    0.7983276551E+02    0.7069052606E+02    0.2579457364E+03
        59    0.8885745041E+02    0.7914099292E+02    0.2735451713E+03
        60    0.9558693600E+02    0.8795565298E+02    0.2898169014E+03
        61    0.9586478718E+02    0.9250275547E+02    0.2982107843E+03
        62    0.9672791808E+02    0.9714477043E+02    0.3067798742E+03
        63    0.1025991163E+03    0.1067188041E+03    0.3244533965E+03
        64    0.6056238656E+02    0.5966669054E+02    0.2375959016E+03
        65    0.5877006947E+02    0.6572952199E+02    0.2487877974E+03
        66    0.5640091467E+02    0.7188288430E+02    0.2601468118E+03
        67    0.6447432788E+02    0.7811810285E+02    0.2716569316E+03
        68    0.7910835546E+02    0.8442592882E+02    0.2833010836E+03
        69    0.9311991210E+02    0.9079652458E+02    0.2950611077E+03
        70    0.9637614321E+02    0.9721944905E+02    0.3069177298E+03
        71    0.9738927426E+02    0.1004471030E+03    0.3128759306E+03
        72    0.9929422704E+02    0.1036836428E+03    0.3188505343E+03
        73    0.2584017448E+02    0.2809617859E+02    0.1793172107E+03
        74    0.4286544992E+02    0.3598420983E+02    0.1938783979E+03
        75    0.4572791662E+02    0.4009690012E+02    0.2014703624E+03
        76    0.4914067848E+02    0.4432459963E+02    0.2092746322E+03
        77    0.6067555305E+02    0.5313276598E+02    0.2255343750E+03
        78    0.6733571392E+02    0.6242428833E+02    0.2426863857E+03
        79    0.8475483777E+02    0.7221490439E+02    0.2607597159E+03
        80    0.9094232811E+02    0.8252050671E+02    0.2797837030E+03
        81    0.9342154533E+02    0.8787143561E+02    0.2896614374E+03
        82    0.9610191643E+02    0.9335713935E+02    0.2997879641E+03
        83    0.1039844407E+03    0.1047409951E+03    0.3208023908E+03
        84    0.1371480612E+03    0.1494956455E+03    0.4034188034E+03
        85    0.1366336255E+03    0.1458596317E+03    0.3967067764E+03
        86    0.1367350903E+03    0.1440407611E+03    0.3933491686E+03
        87    0.1362592133E+03    0.1422213144E+03    0.3899904973E+03
        88    0.1344648149E+03    0.1385806914E+03    0.3832699620E+03
        89    0.1317766937E+03    0.1349377606E+03    0.3765451664E+03
        90    0.1287616307E+03    0.1312925197E+03    0.3698161065E+03
        91    0.1271803418E+03    0.1276449666E+03    0.3630827783E+03
        92    0.1252984708E+03    0.1239950991E+03    0.3563451777E+03
        93    0.1228725759E+03    0.1203429149E+03    0.3496033005E+03
        94    0.2683497468E+02    0.3557515889E+02    0.1931232960E+03
        95    0.3183535065E+02    0.3759418815E+02    0.1968503937E+03
        96    0.3359039622E+02    0.3860324425E+02    0.1987130961E+03
        97    0.4129513778E+02    0.3961199487E+02    0.2005752346E+03
        98    0.4507237259E+02    0.4162858018E+02    0.2042978208E+03
        99    0.4998604832E+02    0.4364394517E+02    0.2080181543E+03
       100    0.5277935237E+02    0.4565809092E+02    0.2117362371E+03
       101    0.5611450524E+02    0.4767101862E+02    0.2154520714E+03
       102    0.5615313588E+02    0.4867702599E+02    0.2173091459E+03
       103    0.5781327978E+02    0.4968272924E+02    0.2191656590E+03
       104    0.5965727763E+02    0.5169322399E+02    0.2228770021E+03
       105    0.2919065394E+02    0.3236336704E+02    0.1871943765E+03
       106    0.2533836578E+02    0.3115125908E+02    0.1849568434E+03
       107    0.2326547267E+02    0.3053732451E+02    0.1838235294E+03
       108    0.2253675731E+02    0.2991804477E+02    0.1826803483E+03
       109    0.2456282289E+02    0.2866316793E+02    0.1803638645E+03
       110    0.2308806005E+02    0.2738605277E+02    0.1780063291E+03
       111    0.2267877177E+02    0.2608610286E+02    0.1756066411E+03
       112    0.2578843305E+02    0.2476270028E+02    0.1731636598E+03
       113    0.2337586858E+02    0.2409200495E+02    0.1719255663E+03
       114    0.2299003363E+02    0.2341520454E+02    0.1706762029E+03
       115    0.5835275562E+02    0.5065974570E+02    0.2209692167E+03
       116    0.5348496578E+02    0.4756271931E+02    0.2152521525E+03
       117    0.5034060812E+02    0.4599339988E+02    0.2123552124E+03
       118    0.4661720364E+02    0.4440995991E+02    0.2094322060E+03
       119    0.4446999058E+02    0.4119994939E+02    0.2035065748E+03
       120    0.3957606325E+02    0.3793111408E+02    0.1974723539E+03
       121    0.3452159350E+02    0.3460182193E+02    0.1913265306E+03
       122    0.3332059993E+02    0.3121038015E+02    0.1850659800E+03
       123    0.2705301994E+02    0.2949080678E+02    0.1818916734E+03
       124    0.2419926750E+02    0.2775503210E+02    0.1786874594E+03
       125    0.2604492204E+02    0.2423395421E+02    0.1721876025E+03
       126    0.2880918270E+02    0.4248541186E+02    0.2058795192E+03
       127    0.4256436714E+02    0.5700220792E+02    0.2326773067E+03
       128    0.4875284720E+02    0.6215423754E+02    0.2421878760E+03
       129    0.6092121335E+02    0.7294984189E+02    0.2621163995E+03
       130    0.8402862800E+02    0.8442592882E+02    0.2833010836E+03
       131    0.1020479867E+03    0.9661341768E+02    0.3057990050E+03
       132    0.1047424560E+03    0.1095441746E+03    0.3296689881E+03
       133    0.1134858481E+03    0.1162985008E+03    0.3421373728E+03
       134    0.1282697765E+03    0.1232510335E+03    0.3549716437E+03
       135    0.1359182557E+03    0.1377678168E+03    0.3817694077E+03
       136    0.6693454681E+02    0.6180848424E+02    0.2415496206E+03
       137    0.6809255274E+02    0.7029183359E+02    0.2572097561E+03
       138    0.6988379938E+02    0.7916372604E+02    0.2735871363E+03
       139    0.7595481374E+02    0.8843554194E+02    0.2907027692E+03
       140    0.8630026423E+02    0.9811887283E+02    0.3085780526E+03
       141    0.9652639442E+02    0.1082255260E+03    0.3272347826E+03
       142    0.1236164255E+03    0.1242056093E+03    0.3567337764E+03
       143    0.1322700957E+03    0.1297571398E+03    0.3669818182E+03
       144    0.3130959377E+02    0.3043262577E+02    0.1836302571E+03
       145    0.4308292970E+02    0.4091330188E+02    0.2029774278E+03
       146    0.4437180400E+02    0.4642232005E+02    0.2131469926E+03
       147    0.5059350036E+02    0.5211513630E+02    0.2236558459E+03
       148    0.6152011377E+02    0.6406632206E+02    0.2457175553E+03
       149    0.8754089957E+02    0.9033116554E+02    0.2942020619E+03
       150    0.1047380597E+03    0.1047028327E+03    0.3207319436E+03
       151    0.1165991300E+03    0.1122113209E+03    0.3345925000E+03
       152    0.1287812479E+03    0.1199398557E+03    0.3488592593E+03
       153    0.1352458823E+03    0.1360720080E+03    0.3786389701E+03
