     Index       y_measurement           y_fitting        descriptor_1        descriptor_2
         1    0.4067373667E+03    0.4092291754E+03    0.6087300047E+05    0.2162775421E+03
         2    0.2857956333E+03    0.2962027407E+03    0.3553250476E+05    0.4097466585E+03
         3    0.3071145667E+03    0.3089640652E+03    0.3836767914E+05    0.4055428591E+03
         4    0.3819834000E+03    0.3748416552E+03    0.5304062060E+05    0.3586768612E+03
         5    0.3764530667E+03    0.3693766738E+03    0.5182729977E+05    0.3599119345E+03
         6    0.2785538000E+03    0.2985557975E+03    0.3609040098E+05    0.3850627277E+03
         7    0.3041485333E+03    0.3111749577E+03    0.3889368764E+05    0.3811121733E+03
         8    0.2586766667E+03    0.2730833766E+03    0.3067073603E+05    0.2303881799E+03
         9    0.2725297000E+03    0.2804370075E+03    0.3230303722E+05    0.2289527442E+03
        10    0.2541748667E+03    0.2920853969E+03    0.3288007544E+05    0.1594096664E+04
        11    0.2338034333E+03    0.2567333793E+03    0.2721171262E+05    0.1176955920E+03
        12    0.2403534000E+03    0.2598301461E+03    0.2789870617E+05    0.1173650382E+03
        13    0.4148450000E+03    0.4339463588E+03    0.6647859515E+05    0.1303922056E+03
        14    0.4670846000E+03    0.4698427516E+03    0.7443897635E+05    0.1285713978E+03
        15    0.2451061333E+03    0.2473195485E+03    0.2507477120E+05    0.1517571051E+03
        16    0.2466809333E+03    0.2505961100E+03    0.2580176314E+05    0.1513308879E+03
        17    0.3836031333E+03    0.3988132217E+03    0.5588903267E+05    0.2037320259E+04
        18    0.4372498667E+03    0.4365591601E+03    0.6433428999E+05    0.1984536421E+04
        19    0.4187009000E+03    0.4216870197E+03    0.6365443643E+05    0.2028567368E+03
        20    0.2869700333E+03    0.3112225670E+03    0.3899852238E+05    0.3169271304E+03
        21    0.2344907333E+03    0.2406709651E+03    0.2382232213E+05    0.1000000000E+01
        22    0.3091172667E+03    0.3235491344E+03    0.4173591866E+05    0.3136756138E+03
        23    0.3023439333E+03    0.3045475172E+03    0.3742337315E+05    0.3818662103E+03
        24    0.3266636333E+03    0.3172904003E+03    0.4025403920E+05    0.3779484507E+03
        25    0.3849960667E+03    0.3909972128E+03    0.5667492000E+05    0.3226985966E+03
        26    0.3781231333E+03    0.3855441784E+03    0.5546442961E+05    0.3238097817E+03
        27    0.2956743000E+03    0.3152690706E+03    0.3991169024E+05    0.3059548371E+03
        28    0.2309024667E+03    0.2433832809E+03    0.2442360297E+05    0.1000000000E+01
        29    0.3124557667E+03    0.3275868854E+03    0.4264698084E+05    0.3028158909E+03
        30    0.2616502000E+03    0.2898094600E+03    0.3445758739E+05    0.1766585459E+03
        31    0.2359238667E+03    0.2449153451E+03    0.2476323927E+05    0.1000000000E+01
        32    0.2859014667E+03    0.2969072756E+03    0.3603268632E+05    0.1755578731E+03
        33    0.3238940333E+03    0.3235371791E+03    0.4169036538E+05    0.3428834608E+03
        34    0.2779039000E+03    0.2839838583E+03    0.3311821967E+05    0.2092797503E+03
        35    0.2942082000E+03    0.2913209090E+03    0.3474665208E+05    0.2079758308E+03
        36    0.3058423333E+03    0.3109090139E+03    0.3760537776E+05    0.1218042085E+04
        37    0.2794223333E+03    0.2767379254E+03    0.3168109633E+05    0.9409424393E+02
        38    0.2552500667E+03    0.2543615895E+03    0.2685733384E+05    0.1000000000E+01
        39    0.2961311333E+03    0.2797874393E+03    0.3235751725E+05    0.9382997567E+02
        40    0.2801430000E+03    0.2751675369E+03    0.3132575623E+05    0.9900128328E+02
        41    0.2908341667E+03    0.2782503843E+03    0.3200958696E+05    0.9872323336E+02
        42    0.4175716333E+03    0.4411148221E+03    0.6807318156E+05    0.1266869078E+03
        43    0.4715966000E+03    0.4769832834E+03    0.7602729474E+05    0.1249178411E+03
        44    0.2449100333E+03    0.2615434089E+03    0.2829126413E+05    0.1086832295E+03
        45    0.2527308000E+03    0.2646042796E+03    0.2897026287E+05    0.1083779874E+03
        46    0.3850257000E+03    0.4071555872E+03    0.5808720317E+05    0.1799868256E+04
        47    0.2249314667E+03    0.2329641307E+03    0.2211382936E+05    0.1000000000E+01
        48    0.4458766000E+03    0.4444869626E+03    0.6643152130E+05    0.1753236434E+04
        49    0.2500072667E+03    0.2505703601E+03    0.2580176314E+05    0.1474446904E+03
        50    0.2591231667E+03    0.2538443346E+03    0.2652816380E+05    0.1470305848E+03
        51    0.3817229000E+03    0.4045831001E+03    0.5729936498E+05    0.1947977385E+04
        52    0.4540849667E+03    0.4423142190E+03    0.6573793694E+05    0.1897508284E+04
        53    0.4109789667E+03    0.4025006682E+03    0.5934339419E+05    0.2421436754E+03
        54    0.3771303667E+03    0.3661624715E+03    0.5100861840E+05    0.4321705545E+03
        55    0.3714014333E+03    0.3605103180E+03    0.4975343250E+05    0.4336586971E+03
        56    0.2889783333E+03    0.2855002850E+03    0.2999855929E+05    0.2561968661E+04
        57    0.4162779667E+03    0.4299435805E+03    0.6558124919E+05    0.1371921932E+03
        58    0.4713814667E+03    0.4662474922E+03    0.7363211086E+05    0.1352764297E+03
        59    0.2587401333E+03    0.2828148978E+03    0.2678278204E+05    0.4345951495E+04
        60    0.2808691333E+03    0.2994516671E+03    0.3023029001E+05    0.4509763536E+04
        61    0.3199497667E+03    0.3177931468E+03    0.3404663768E+05    0.4679750147E+04
        62    0.3446522333E+03    0.3379848983E+03    0.3826375200E+05    0.4856144066E+04
        63    0.3739319333E+03    0.3601822934E+03    0.4291572190E+05    0.5039186806E+04
        64    0.4037782333E+03    0.3845510153E+03    0.4803890881E+05    0.5229128979E+04
        65    0.4238937333E+03    0.4112675786E+03    0.5367206142E+05    0.5426230647E+04
        66    0.4241497333E+03    0.4255645556E+03    0.5669266582E+05    0.5527550230E+04
        67    0.4298645000E+03    0.4405198687E+03    0.5985643482E+05    0.5630761672E+04
        68    0.4552735000E+03    0.4725077025E+03    0.6663591412E+05    0.5843002089E+04
        69    0.2913401333E+03    0.2952861877E+03    0.3151733395E+05    0.3004901296E+04
        70    0.3010334667E+03    0.3125281176E+03    0.3498155462E+05    0.3248666879E+04
        71    0.3113269333E+03    0.3216742293E+03    0.3681933263E+05    0.3377867932E+04
        72    0.3186861333E+03    0.3311826289E+03    0.3872987690E+05    0.3512207373E+04
        73    0.3487913667E+03    0.3513229906E+03    0.4277618708E+05    0.3797126973E+04
        74    0.3853828667E+03    0.3730226407E+03    0.4713421778E+05    0.4105160008E+04
        75    0.4130206000E+03    0.3963548212E+03    0.5181745148E+05    0.4438181502E+04
        76    0.4355697667E+03    0.4213921783E+03    0.5683901514E+05    0.4798218586E+04
        77    0.4394029000E+03    0.4345727305E+03    0.5948064763E+05    0.4989046059E+04
        78    0.4657620000E+03    0.4768673736E+03    0.6794716411E+05    0.5608283611E+04
        79    0.3043565333E+03    0.3094596461E+03    0.2726085377E+05    0.8041733915E+04
        80    0.3150956000E+03    0.3170644669E+03    0.2915339104E+05    0.7901042565E+04
        81    0.3256563000E+03    0.3251829283E+03    0.3115617942E+05    0.7762812631E+04
        82    0.3840882333E+03    0.3632706809E+03    0.4037694743E+05    0.7233657026E+04
        83    0.4160088000E+03    0.3860421238E+03    0.4579357828E+05    0.6982763260E+04
        84    0.4356066667E+03    0.4115947894E+03    0.5181398331E+05    0.6740571550E+04
        85    0.4442737333E+03    0.4401705672E+03    0.5849222926E+05    0.6506780070E+04
        86    0.4648353333E+03    0.4720280676E+03    0.6588607422E+05    0.6281097466E+04
        87    0.5172851333E+03    0.5262835310E+03    0.8713846154E+05    0.1000000000E+01
        88    0.5151889667E+03    0.5197436427E+03    0.8568866371E+05    0.1000000000E+01
        89    0.5133680667E+03    0.5131996113E+03    0.8423794742E+05    0.1000000000E+01
        90    0.5106567333E+03    0.5066514329E+03    0.8278631179E+05    0.1000000000E+01
        91    0.5038068667E+03    0.4935426192E+03    0.7988027901E+05    0.1000000000E+01
        92    0.5020189333E+03    0.4869819759E+03    0.7842588011E+05    0.1000000000E+01
        93    0.5003844000E+03    0.4837000935E+03    0.7769833466E+05    0.1000000000E+01
        94    0.4993860000E+03    0.4804171699E+03    0.7697055838E+05    0.1000000000E+01
        95    0.4951073333E+03    0.4738481970E+03    0.7551431292E+05    0.1000000000E+01
        96    0.2713804000E+03    0.2421058357E+03    0.2414041200E+05    0.1000000000E+01
        97    0.2536501333E+03    0.2442074047E+03    0.2460629921E+05    0.1000000000E+01
        98    0.2569182667E+03    0.2463077014E+03    0.2507190433E+05    0.1000000000E+01
        99    0.2607602000E+03    0.2484067266E+03    0.2553722760E+05    0.1000000000E+01
       100    0.2631706000E+03    0.2505044816E+03    0.2600226929E+05    0.1000000000E+01
       101    0.2673784667E+03    0.2526009675E+03    0.2646702964E+05    0.1000000000E+01
       102    0.2694989667E+03    0.2546961856E+03    0.2693150892E+05    0.1000000000E+01
       103    0.2652660667E+03    0.2557433195E+03    0.2716364324E+05    0.1000000000E+01
       104    0.2647965333E+03    0.2588828226E+03    0.2785962526E+05    0.1000000000E+01
       105    0.2603128667E+03    0.2387627427E+03    0.2339929707E+05    0.1000000000E+01
       106    0.2374204333E+03    0.2375010826E+03    0.2311960543E+05    0.1000000000E+01
       107    0.2283086667E+03    0.2368620498E+03    0.2297794118E+05    0.1000000000E+01
       108    0.2257176333E+03    0.2362174533E+03    0.2283504353E+05    0.1000000000E+01
       109    0.2310318667E+03    0.2349112759E+03    0.2254548306E+05    0.1000000000E+01
       110    0.2320685333E+03    0.2322288580E+03    0.2195083014E+05    0.1000000000E+01
       111    0.2410007667E+03    0.2308513534E+03    0.2164545747E+05    0.1000000000E+01
       112    0.2430929000E+03    0.2301532395E+03    0.2149069579E+05    0.1000000000E+01
       113    0.2456903000E+03    0.2294487708E+03    0.2133452536E+05    0.1000000000E+01
       114    0.2426874667E+03    0.2280204189E+03    0.2101788058E+05    0.1000000000E+01
       115    0.2717586000E+03    0.2578070947E+03    0.2762115209E+05    0.1000000000E+01
       116    0.2659497000E+03    0.2545834590E+03    0.2690651907E+05    0.1000000000E+01
       117    0.2640742333E+03    0.2529499842E+03    0.2654440154E+05    0.1000000000E+01
       118    0.2584595333E+03    0.2513018117E+03    0.2617902575E+05    0.1000000000E+01
       119    0.2586609333E+03    0.2479605729E+03    0.2543832185E+05    0.1000000000E+01
       120    0.2502162667E+03    0.2410927078E+03    0.2391581633E+05    0.1000000000E+01
       121    0.2534641000E+03    0.2375626207E+03    0.2313324751E+05    0.1000000000E+01
       122    0.2541741667E+03    0.2357727495E+03    0.2273645918E+05    0.1000000000E+01
       123    0.2546677000E+03    0.2339660146E+03    0.2233593242E+05    0.1000000000E+01
       124    0.2478107667E+03    0.2303009917E+03    0.2152345031E+05    0.1000000000E+01
       125    0.2566177333E+03    0.2850787285E+03    0.2731012410E+05    0.4328602411E+04
       126    0.2826566667E+03    0.3045815090E+03    0.3142028431E+05    0.4473829356E+04
       127    0.3005005000E+03    0.3152190109E+03    0.3366913339E+05    0.4548259903E+04
       128    0.3151633333E+03    0.3264882227E+03    0.3605620441E+05    0.4623928743E+04
       129    0.3468133333E+03    0.3510526189E+03    0.4127389673E+05    0.4779064046E+04
       130    0.3904840000E+03    0.3785503342E+03    0.4713421778E+05    0.4939404222E+04
       131    0.4207588667E+03    0.4092803827E+03    0.5370319806E+05    0.5105123897E+04
       132    0.4441880000E+03    0.4435667209E+03    0.6105238892E+05    0.5276403556E+04
       133    0.4642795333E+03    0.4621519591E+03    0.6504352212E+05    0.5364186432E+04
       134    0.4874887333E+03    0.4817598952E+03    0.6925922734E+05    0.5453429741E+04
       135    0.5036133333E+03    0.5242387713E+03    0.7840741918E+05    0.5636395250E+04
       136    0.2946690000E+03    0.2975725114E+03    0.3204179873E+05    0.2992905698E+04
       137    0.3090159667E+03    0.3176983798E+03    0.3616574939E+05    0.3222781224E+04
       138    0.3192131333E+03    0.3285403555E+03    0.3839082240E+05    0.3344257584E+04
       139    0.3324828333E+03    0.3399311378E+03    0.4073083209E+05    0.3470312755E+04
       140    0.3586237000E+03    0.3644519699E+03    0.4577522085E+05    0.3736856392E+04
       141    0.3933250000E+03    0.3914544062E+03    0.5133967349E+05    0.4023872394E+04
       142    0.4207501667E+03    0.4211449702E+03    0.5746766358E+05    0.4332933178E+04
       143    0.4555497333E+03    0.4537438543E+03    0.6420551747E+05    0.4665731934E+04
       144    0.5019539333E+03    0.4894856229E+03    0.7160255651E+05    0.5024091899E+04
       145    0.5099616667E+03    0.5286199442E+03    0.7971124468E+05    0.5409976348E+04
       146    0.2921547667E+03    0.2980626769E+03    0.2435873723E+05    0.8297420812E+04
       147    0.3085777333E+03    0.3148062962E+03    0.2854025017E+05    0.7977656694E+04
       148    0.3316307000E+03    0.3342273551E+03    0.3329721136E+05    0.7670215573E+04
       149    0.3590403667E+03    0.3566026006E+03    0.3869166912E+05    0.7374622548E+04
       150    0.3920042333E+03    0.3822314952E+03    0.4479068062E+05    0.7090421020E+04
       151    0.4221508000E+03    0.4114374639E+03    0.5166658929E+05    0.6817171986E+04
       152    0.4795982333E+03    0.4627233814E+03    0.6360917105E+05    0.6426915515E+04
       153    0.4991327333E+03    0.4820018874E+03    0.6806662779E+05    0.6301859326E+04
