	 Y 	 Y_pred 	 diff
    0.2151194444E+03    0.2183033171E+03   -0.3183872642E+01
    0.1764319667E+03    0.1755104083E+03    0.9215583999E+00
    0.1952178111E+03    0.1959978520E+03   -0.7800409338E+00
    0.2547179556E+03    0.2554640908E+03   -0.7461352266E+00
    0.1924218778E+03    0.1914090667E+03    0.1012811056E+01
    0.2156308111E+03    0.2166720190E+03   -0.1041207869E+01
    0.2477960889E+03    0.2455426955E+03    0.2253393363E+01
    0.2990407000E+03    0.3032443202E+03   -0.4203620205E+01
    0.2877935333E+03    0.2904389703E+03   -0.2645436938E+01
    0.1870242778E+03    0.1819080882E+03    0.5116189563E+01
    0.1915395111E+03    0.1926569202E+03   -0.1117409060E+01
    0.1692373444E+03    0.1723407620E+03   -0.3103417544E+01
    0.1818018444E+03    0.1852788241E+03   -0.3476979660E+01
    0.2875471778E+03    0.2849412538E+03    0.2605923974E+01
    0.2096941111E+03    0.2110543174E+03   -0.1360206332E+01
    0.2737433333E+03    0.2708203387E+03    0.2922994625E+01
    0.2989490444E+03    0.2978993956E+03    0.1049648856E+01
    0.1862727778E+03    0.1873436540E+03   -0.1070876185E+01
    0.2896785556E+03    0.2885673436E+03    0.1111211928E+01
    0.2568662444E+03    0.2580505047E+03   -0.1184260223E+01
    0.2164706222E+03    0.2213615693E+03   -0.4890947105E+01
    0.1980689000E+03    0.1954996875E+03    0.2569212547E+01
    0.2016502556E+03    0.1998258704E+03    0.1824385204E+01
    0.2513636333E+03    0.2458963602E+03    0.5467273120E+01
    0.2534225000E+03    0.2491413717E+03    0.4281128336E+01
    0.2065748778E+03    0.2078947020E+03   -0.1319824176E+01
    0.1838565333E+03    0.1804447636E+03    0.3411769762E+01
    0.1921652444E+03    0.1972026006E+03   -0.5037356193E+01
    0.1813102889E+03    0.1692625728E+03    0.1204771614E+02
    0.1907203222E+03    0.1892204366E+03    0.1499885625E+01
    0.1876005778E+03    0.1878945301E+03   -0.2939523323E+00
    0.2193693111E+03    0.2256082159E+03   -0.6238904789E+01
    0.2862961111E+03    0.2825772626E+03    0.3718848461E+01
    0.2418327444E+03    0.2432010156E+03   -0.1368271182E+01
    0.2053415111E+03    0.2085547656E+03   -0.3213254463E+01
    0.2785376444E+03    0.2755795140E+03    0.2958130420E+01
    0.2281654778E+03    0.2326562932E+03   -0.4490815413E+01
    0.2003932667E+03    0.2025476690E+03   -0.2154402379E+01
    0.2105854111E+03    0.2101201079E+03    0.4653031663E+00
    0.2213828000E+03    0.2194488680E+03    0.1933932019E+01
    0.2572186333E+03    0.2562301558E+03    0.9884775829E+00
    0.2024171778E+03    0.2042609915E+03   -0.1843813690E+01
    0.2350597111E+03    0.2333610377E+03    0.1698673444E+01
    0.3013589222E+03    0.3058077088E+03   -0.4448786588E+01
    0.2843988222E+03    0.2854194343E+03   -0.1020612064E+01
    0.1717623333E+03    0.1703003344E+03    0.1461998946E+01
    0.1808356889E+03    0.1843274807E+03   -0.3491791859E+01
    0.1786953444E+03    0.1834286031E+03   -0.4733258691E+01
    0.2691348000E+03    0.2675021467E+03    0.1632653348E+01
    0.2105255556E+03    0.2035661965E+03    0.6959359038E+01
    0.2945108667E+03    0.2911581949E+03    0.3352671803E+01
    0.1936777556E+03    0.1967217374E+03   -0.3043981813E+01
    0.2147564222E+03    0.2162440293E+03   -0.1487607040E+01
    0.2144034778E+03    0.2169624042E+03   -0.2558926469E+01
    0.2000597778E+03    0.2026120009E+03   -0.2552223112E+01
    0.2051309444E+03    0.2073646233E+03   -0.2233678882E+01
    0.1914784222E+03    0.1919376997E+03   -0.4592774322E+00
    0.2811406222E+03    0.2792711396E+03    0.1869482664E+01
    0.2452193667E+03    0.2503556564E+03   -0.5136289689E+01
    0.1845425556E+03    0.1809258262E+03    0.3616729334E+01
    0.2304738556E+03    0.2283226684E+03    0.2151187152E+01
    0.2172658444E+03    0.2183958809E+03   -0.1130036462E+01
    0.2087044444E+03    0.2107410495E+03   -0.2036605032E+01
    0.2765467111E+03    0.2743860142E+03    0.2160696869E+01
    0.2637099889E+03    0.2658966520E+03   -0.2186663095E+01
    0.1966388111E+03    0.1884554992E+03    0.8183311904E+01
    0.2049353111E+03    0.2009706178E+03    0.3964693327E+01
    0.2828206778E+03    0.2775633027E+03    0.5257375085E+01
    0.2466663556E+03    0.2460730197E+03    0.5933358931E+00
    0.2036199000E+03    0.2054756235E+03   -0.1855723472E+01
    0.2011406222E+03    0.2052444445E+03   -0.4103822315E+01
    0.2062119333E+03    0.2067038581E+03   -0.4919247959E+00
    0.2928621333E+03    0.2919572736E+03    0.9048597434E+00
    0.2641083000E+03    0.2601480261E+03    0.3960273939E+01
    0.2431637556E+03    0.2413711527E+03    0.1792602838E+01
    0.2792287556E+03    0.2755617233E+03    0.3667032262E+01
    0.1886036444E+03    0.1746601513E+03    0.1394349313E+02
    0.1870368222E+03    0.1769077768E+03    0.1012904545E+02
    0.1853664667E+03    0.1814929953E+03    0.3873471359E+01
    0.1730694778E+03    0.1720533922E+03    0.1016085537E+01
    0.1740759667E+03    0.1734387255E+03    0.6372411913E+00
    0.1967226222E+03    0.1929423384E+03    0.3780283828E+01
    0.2028386333E+03    0.2062530062E+03   -0.3414372874E+01
    0.2532290889E+03    0.2535984147E+03   -0.3693258013E+00
    0.2194879000E+03    0.2189042287E+03    0.5836712586E+00
    0.1988755111E+03    0.1997241839E+03   -0.8486727867E+00
    0.2604490667E+03    0.2594535924E+03    0.9954742281E+00
    0.1894734000E+03    0.1892885234E+03    0.1848765963E+00
    0.1935410889E+03    0.1925413265E+03    0.9997624254E+00
    0.2416573111E+03    0.2428752405E+03   -0.1217929390E+01
    0.1790172889E+03    0.1794876117E+03   -0.4703227848E+00
    0.2456214556E+03    0.2475635134E+03   -0.1942057864E+01
    0.1790136222E+03    0.1795909462E+03   -0.5773239440E+00
    0.2834870333E+03    0.2805410669E+03    0.2945966426E+01
    0.2611882111E+03    0.2606253773E+03    0.5628337803E+00
    0.2922040889E+03    0.2902278520E+03    0.1976236880E+01
    0.2347459556E+03    0.2335034032E+03    0.1242552381E+01
    0.1870591111E+03    0.1868656056E+03    0.1935055041E+00
    0.1905193889E+03    0.1907845938E+03   -0.2652049025E+00
    0.1700707556E+03    0.1733703347E+03   -0.3299579178E+01
    0.1718423667E+03    0.1748422775E+03   -0.2999910877E+01
    0.2531147778E+03    0.2532346842E+03   -0.1199064247E+00
    0.2226869444E+03    0.2238950298E+03   -0.1208085364E+01
    0.2668892556E+03    0.2669067298E+03   -0.1747424477E-01
    0.1817765778E+03    0.1819941304E+03   -0.2175526394E+00
    0.1819319111E+03    0.1813319915E+03    0.5999195961E+00
    0.2107032667E+03    0.2152718229E+03   -0.4568556193E+01
    0.2290660778E+03    0.2327404072E+03   -0.3674329465E+01
    0.1923749111E+03    0.1934348197E+03   -0.1059908576E+01
    0.2098778222E+03    0.2074294217E+03    0.2448400556E+01
    0.2147394667E+03    0.2146541627E+03    0.8530398376E-01
    0.2631218000E+03    0.2626736049E+03    0.4481950792E+00
    0.2803237333E+03    0.2780052407E+03    0.2318492639E+01
    0.1730707556E+03    0.1763303415E+03   -0.3259585961E+01
    0.1967213778E+03    0.1962082498E+03    0.5131280224E+00
    0.2250481778E+03    0.2222527611E+03    0.2795416725E+01
    0.2798409111E+03    0.2787430242E+03    0.1097886938E+01
    0.3012605778E+03    0.3044307227E+03   -0.3170144956E+01
    0.2417612556E+03    0.2439767331E+03   -0.2215477573E+01
    0.1820647889E+03    0.1833648503E+03   -0.1300061445E+01
    0.2256499111E+03    0.2300681287E+03   -0.4418217542E+01
    0.2137194444E+03    0.2159607575E+03   -0.2241313049E+01
    0.1898993111E+03    0.1913378480E+03   -0.1438536850E+01
    0.2082812222E+03    0.2030502018E+03    0.5231020402E+01
    0.2505340222E+03    0.2496637930E+03    0.8702292599E+00
    0.3058445778E+03    0.3112928339E+03   -0.5448256137E+01
    0.2966810000E+03    0.3007754743E+03   -0.4094474265E+01
    0.2926131333E+03    0.2956304838E+03   -0.3017350516E+01
    0.2820282667E+03    0.2806310537E+03    0.1397212925E+01
    0.1700829333E+03    0.1715199583E+03   -0.1437024934E+01
    0.1708686111E+03    0.1742939418E+03   -0.3425330711E+01
    0.1853022667E+03    0.1864106312E+03   -0.1108364522E+01
    0.1787971889E+03    0.1830562201E+03   -0.4259031203E+01
    0.2288574333E+03    0.2308692715E+03   -0.2011838203E+01
    0.2556504667E+03    0.2574943921E+03   -0.1843925438E+01
    0.2900036000E+03    0.2844370827E+03    0.5566517301E+01
    0.2079026556E+03    0.2090313731E+03   -0.1128717528E+01
    0.2405868667E+03    0.2415184607E+03   -0.9315940358E+00
    0.2209334444E+03    0.2217860350E+03   -0.8525905756E+00
    0.2110321000E+03    0.2144674687E+03   -0.3435368673E+01
    0.2044317667E+03    0.2055723718E+03   -0.1140605180E+01
    0.1893699333E+03    0.1899787123E+03   -0.6087789513E+00
    0.1871043000E+03    0.1885787855E+03   -0.1474485509E+01
    0.2534758778E+03    0.2479005809E+03    0.5575296901E+01
    0.2469492333E+03    0.2429864225E+03    0.3962810882E+01
    0.2458938778E+03    0.2512411193E+03   -0.5347241505E+01
    0.1983598444E+03    0.1986516006E+03   -0.2917561297E+00
    0.2237516111E+03    0.2238551700E+03   -0.1035588957E+00
    0.1899346000E+03    0.1905731282E+03   -0.6385281622E+00
    0.1704806556E+03    0.1725388785E+03   -0.2058222944E+01
    0.1863562667E+03    0.1885766905E+03   -0.2220423818E+01
    0.2959017111E+03    0.3000920014E+03   -0.4190290327E+01
    0.2163081222E+03    0.2172478529E+03   -0.9397306478E+00
    0.2595301222E+03    0.2591942791E+03    0.3358431533E+00
    0.2279487222E+03    0.2279666230E+03   -0.1790075283E-01
    0.2505142889E+03    0.2517588455E+03   -0.1244556576E+01
    0.2630736333E+03    0.2656497032E+03   -0.2576069870E+01
    0.2402382000E+03    0.2409685313E+03   -0.7303312693E+00
    0.2422979556E+03    0.2460669032E+03   -0.3768947679E+01
    0.2124671556E+03    0.2128731499E+03   -0.4059943658E+00
    0.2253844556E+03    0.2270139780E+03   -0.1629522419E+01
    0.2445528889E+03    0.2423450948E+03    0.2207794107E+01
    0.2601386889E+03    0.2622239470E+03   -0.2085258086E+01
    0.2744485778E+03    0.2712425209E+03    0.3206056882E+01
    0.1889144889E+03    0.1866926089E+03    0.2221880007E+01
    0.1931341889E+03    0.1906031520E+03    0.2531036901E+01
    0.1796762778E+03    0.1771999037E+03    0.2476374124E+01
    0.1785659444E+03    0.1758998150E+03    0.2666129487E+01
    0.2362448000E+03    0.2395457865E+03   -0.3300986450E+01
    0.2306701222E+03    0.2300147971E+03    0.6553251269E+00
