	 Y 	 Y_pred 	 diff
    0.2151194444E+03    0.2180716826E+03   -0.2952238180E+01
    0.1764319667E+03    0.1789633739E+03   -0.2531407237E+01
    0.1952178111E+03    0.1985658492E+03   -0.3348038128E+01
    0.2547179556E+03    0.2544973726E+03    0.2205829265E+00
    0.1924218778E+03    0.1801030936E+03    0.1231878420E+02
    0.2156308111E+03    0.2080029847E+03    0.7627826456E+01
    0.2477960889E+03    0.2419021130E+03    0.5893975883E+01
    0.2990407000E+03    0.3014643703E+03   -0.2423670347E+01
    0.2877935333E+03    0.2897176234E+03   -0.1924090106E+01
    0.1870242778E+03    0.1823440792E+03    0.4680198554E+01
    0.1915395111E+03    0.1926594507E+03   -0.1119939542E+01
    0.1692373444E+03    0.1737115111E+03   -0.4474166685E+01
    0.1818018444E+03    0.1854503752E+03   -0.3648530794E+01
    0.2875471778E+03    0.2849348310E+03    0.2612346787E+01
    0.2096941111E+03    0.2040784336E+03    0.5615677486E+01
    0.2737433333E+03    0.2679441110E+03    0.5799222362E+01
    0.2989490444E+03    0.2980245748E+03    0.9244696823E+00
    0.1862727778E+03    0.1922200290E+03   -0.5947251264E+01
    0.2896785556E+03    0.2895995419E+03    0.7901366534E-01
    0.2568662444E+03    0.2594319062E+03   -0.2565661779E+01
    0.2164706222E+03    0.2210898694E+03   -0.4619247141E+01
    0.1980689000E+03    0.1916821168E+03    0.6386783205E+01
    0.2016502556E+03    0.2031099648E+03   -0.1459709213E+01
    0.2513636333E+03    0.2481067060E+03    0.3256927320E+01
    0.2534225000E+03    0.2514232671E+03    0.1999232870E+01
    0.2065748778E+03    0.1987446842E+03    0.7830193533E+01
    0.1838565333E+03    0.1835155836E+03    0.3409497775E+00
    0.1921652444E+03    0.1944967573E+03   -0.2331512857E+01
    0.1813102889E+03    0.1764843813E+03    0.4825907544E+01
    0.1907203222E+03    0.1912965797E+03   -0.5762574518E+00
    0.1876005778E+03    0.1902312142E+03   -0.2630636458E+01
    0.2193693111E+03    0.2293530730E+03   -0.9983761878E+01
    0.2862961111E+03    0.2847733382E+03    0.1522772869E+01
    0.2418327444E+03    0.2442658423E+03   -0.2433097838E+01
    0.2053415111E+03    0.2080163631E+03   -0.2674851990E+01
    0.2785376444E+03    0.2765097698E+03    0.2027874694E+01
    0.2281654778E+03    0.2354429340E+03   -0.7277456225E+01
    0.2003932667E+03    0.2038359345E+03   -0.3442667882E+01
    0.2105854111E+03    0.2119472654E+03   -0.1361854247E+01
    0.2213828000E+03    0.2208716614E+03    0.5111386211E+00
    0.2572186333E+03    0.2576222485E+03   -0.4036151249E+00
    0.2024171778E+03    0.1941036260E+03    0.8313551805E+01
    0.2350597111E+03    0.2273521680E+03    0.7707543090E+01
    0.3013589222E+03    0.3039154429E+03   -0.2556520723E+01
    0.2843988222E+03    0.2851792128E+03   -0.7803906035E+00
    0.1717623333E+03    0.1755225306E+03   -0.3760197238E+01
    0.1808356889E+03    0.1831085600E+03   -0.2272871143E+01
    0.1786953444E+03    0.1804095352E+03   -0.1714190795E+01
    0.2691348000E+03    0.2705372337E+03   -0.1402433673E+01
    0.2105255556E+03    0.2083082348E+03    0.2217320769E+01
    0.2945108667E+03    0.2907669438E+03    0.3743922837E+01
    0.1936777556E+03    0.1962129784E+03   -0.2535222848E+01
    0.2147564222E+03    0.2143907431E+03    0.3656791348E+00
    0.2144034778E+03    0.2193647295E+03   -0.4961251771E+01
    0.2000597778E+03    0.2035039471E+03   -0.3444169344E+01
    0.2051309444E+03    0.2086628245E+03   -0.3531880092E+01
    0.1914784222E+03    0.1960444821E+03   -0.4566059849E+01
    0.2811406222E+03    0.2814603688E+03   -0.3197465492E+00
    0.2452193667E+03    0.2469073181E+03   -0.1687951465E+01
    0.1845425556E+03    0.1857522565E+03   -0.1209700961E+01
    0.2304738556E+03    0.2299406494E+03    0.5332061400E+00
    0.2172658444E+03    0.2196559908E+03   -0.2390146321E+01
    0.2087044444E+03    0.2160169237E+03   -0.7312479301E+01
    0.2765467111E+03    0.2776797289E+03   -0.1133017799E+01
    0.2637099889E+03    0.2677666987E+03   -0.4056709799E+01
    0.1966388111E+03    0.1842197013E+03    0.1241910981E+02
    0.2049353111E+03    0.1975103986E+03    0.7424912526E+01
    0.2828206778E+03    0.2755723957E+03    0.7248282028E+01
    0.2466663556E+03    0.2487491848E+03   -0.2082829251E+01
    0.2036199000E+03    0.2066080550E+03   -0.2988154987E+01
    0.2011406222E+03    0.2077003687E+03   -0.6559746448E+01
    0.2062119333E+03    0.2089758979E+03   -0.2763964584E+01
    0.2928621333E+03    0.2935322950E+03   -0.6701616860E+00
    0.2641083000E+03    0.2584889315E+03    0.5619368471E+01
    0.2431637556E+03    0.2412658043E+03    0.1897951289E+01
    0.2792287556E+03    0.2761004599E+03    0.3128295689E+01
    0.1886036444E+03    0.1793044796E+03    0.9299164845E+01
    0.1870368222E+03    0.1814172266E+03    0.5619595637E+01
    0.1853664667E+03    0.1854510684E+03   -0.8460172760E-01
    0.1730694778E+03    0.1757532779E+03   -0.2683800116E+01
    0.1740759667E+03    0.1720978430E+03    0.1978123672E+01
    0.1967226222E+03    0.1942379276E+03    0.2484694645E+01
    0.2028386333E+03    0.2093506870E+03   -0.6512053639E+01
    0.2532290889E+03    0.2566257592E+03   -0.3396670328E+01
    0.2194879000E+03    0.2203434132E+03   -0.8555131551E+00
    0.1988755111E+03    0.2039830951E+03   -0.5107583996E+01
    0.2604490667E+03    0.2607767722E+03   -0.3277054979E+00
    0.1894734000E+03    0.1831190965E+03    0.6354303462E+01
    0.1935410889E+03    0.1881235147E+03    0.5417574200E+01
    0.2416573111E+03    0.2427579823E+03   -0.1100671170E+01
    0.1790172889E+03    0.1805147106E+03   -0.1497421714E+01
    0.2456214556E+03    0.2475108190E+03   -0.1889363452E+01
    0.1790136222E+03    0.1757207703E+03    0.3292851912E+01
    0.2834870333E+03    0.2803489758E+03    0.3138057533E+01
    0.2611882111E+03    0.2599240498E+03    0.1264161340E+01
    0.2922040889E+03    0.2883897379E+03    0.3814351035E+01
    0.2347459556E+03    0.2342112838E+03    0.5346717556E+00
    0.1870591111E+03    0.1873886427E+03   -0.3295316249E+00
    0.1905193889E+03    0.1910433464E+03   -0.5239575224E+00
    0.1700707556E+03    0.1732420751E+03   -0.3171319586E+01
    0.1718423667E+03    0.1723958445E+03   -0.5534778740E+00
    0.2531147778E+03    0.2559499041E+03   -0.2835126353E+01
    0.2226869444E+03    0.2231283071E+03   -0.4413626104E+00
    0.2668892556E+03    0.2679732144E+03   -0.1083958864E+01
    0.1817765778E+03    0.1833026621E+03   -0.1526084313E+01
    0.1819319111E+03    0.1838304632E+03   -0.1898552100E+01
    0.2107032667E+03    0.2183156435E+03   -0.7612376848E+01
    0.2290660778E+03    0.2340989106E+03   -0.5032832814E+01
    0.1923749111E+03    0.1866803020E+03    0.5694609067E+01
    0.2098778222E+03    0.1990993027E+03    0.1077851954E+02
    0.2147394667E+03    0.2158192566E+03   -0.1079789885E+01
    0.2631218000E+03    0.2610087974E+03    0.2113002650E+01
    0.2803237333E+03    0.2783785433E+03    0.1945190014E+01
    0.1730707556E+03    0.1716311617E+03    0.1439593860E+01
    0.1967213778E+03    0.2028259896E+03   -0.6104611794E+01
    0.2250481778E+03    0.2263691933E+03   -0.1321015483E+01
    0.2798409111E+03    0.2793329228E+03    0.5079883221E+00
    0.3012605778E+03    0.3022738347E+03   -0.1013256948E+01
    0.2417612556E+03    0.2390408159E+03    0.2720439635E+01
    0.1820647889E+03    0.1872042333E+03   -0.5139444400E+01
    0.2256499111E+03    0.2324301936E+03   -0.6780282535E+01
    0.2137194444E+03    0.2165414512E+03   -0.2822006712E+01
    0.1898993111E+03    0.1945403522E+03   -0.4641041122E+01
    0.2082812222E+03    0.2042857480E+03    0.3995474219E+01
    0.2505340222E+03    0.2469970546E+03    0.3536967663E+01
    0.3058445778E+03    0.3085318432E+03   -0.2687265436E+01
    0.2966810000E+03    0.2990415815E+03   -0.2360581531E+01
    0.2926131333E+03    0.2943506148E+03   -0.1737481466E+01
    0.2820282667E+03    0.2805075629E+03    0.1520703748E+01
    0.1700829333E+03    0.1747412501E+03   -0.4658316725E+01
    0.1708686111E+03    0.1729462852E+03   -0.2077674111E+01
    0.1853022667E+03    0.1881889487E+03   -0.2886682045E+01
    0.1787971889E+03    0.1791812853E+03   -0.3840964207E+00
    0.2288574333E+03    0.2249762241E+03    0.3881209271E+01
    0.2556504667E+03    0.2533987145E+03    0.2251752139E+01
    0.2900036000E+03    0.2828635109E+03    0.7140089124E+01
    0.2079026556E+03    0.2072016963E+03    0.7009592586E+00
    0.2405868667E+03    0.2431317546E+03   -0.2544887908E+01
    0.2209334444E+03    0.2240304602E+03   -0.3097015798E+01
    0.2110321000E+03    0.2162189004E+03   -0.5186800415E+01
    0.2044317667E+03    0.2061031644E+03   -0.1671397755E+01
    0.1893699333E+03    0.1916182039E+03   -0.2248270612E+01
    0.1871043000E+03    0.1908019266E+03   -0.3697626609E+01
    0.2534758778E+03    0.2459143310E+03    0.7561546773E+01
    0.2469492333E+03    0.2404585332E+03    0.6490700152E+01
    0.2458938778E+03    0.2482452493E+03   -0.2351371561E+01
    0.1983598444E+03    0.1894540600E+03    0.8905784475E+01
    0.2237516111E+03    0.2176825845E+03    0.6069026576E+01
    0.1899346000E+03    0.1919679481E+03   -0.2033348132E+01
    0.1704806556E+03    0.1751746271E+03   -0.4693971495E+01
    0.1863562667E+03    0.1899208170E+03   -0.3564550289E+01
    0.2959017111E+03    0.2989567518E+03   -0.3055040693E+01
    0.2163081222E+03    0.2110495082E+03    0.5258614032E+01
    0.2595301222E+03    0.2603898386E+03   -0.8597163923E+00
    0.2279487222E+03    0.2301192479E+03   -0.2170525680E+01
    0.2505142889E+03    0.2538709473E+03   -0.3356658372E+01
    0.2630736333E+03    0.2649725933E+03   -0.1898959974E+01
    0.2402382000E+03    0.2390286714E+03    0.1209528645E+01
    0.2422979556E+03    0.2436453909E+03   -0.1347435391E+01
    0.2124671556E+03    0.2119361088E+03    0.5310467308E+00
    0.2253844556E+03    0.2270208653E+03   -0.1636409706E+01
    0.2445528889E+03    0.2371084775E+03    0.7444411426E+01
    0.2601386889E+03    0.2570212159E+03    0.3117472978E+01
    0.2744485778E+03    0.2716142952E+03    0.2834282592E+01
    0.1889144889E+03    0.1892032357E+03   -0.2887467649E+00
    0.1931341889E+03    0.1922497601E+03    0.8844287744E+00
    0.1796762778E+03    0.1774014773E+03    0.2274800522E+01
    0.1785659444E+03    0.1743474103E+03    0.4218534125E+01
    0.2362448000E+03    0.2428713903E+03   -0.6626590270E+01
    0.2306701222E+03    0.2323293640E+03   -0.1659241772E+01
