	 Y 	 Y_pred 	 diff
    0.2151194444E+03    0.2160082868E+03   -0.8888423919E+00
    0.1764319667E+03    0.1772061471E+03   -0.7741804654E+00
    0.1952178111E+03    0.1940104668E+03    0.1207344323E+01
    0.2547179556E+03    0.2550118226E+03   -0.2938670926E+00
    0.1924218778E+03    0.1897876802E+03    0.2634197533E+01
    0.2156308111E+03    0.2139386417E+03    0.1692169418E+01
    0.2477960889E+03    0.2455880660E+03    0.2208022937E+01
    0.2990407000E+03    0.3020316632E+03   -0.2990963206E+01
    0.2877935333E+03    0.2912264367E+03   -0.3432903352E+01
    0.1870242778E+03    0.1841202135E+03    0.2904064276E+01
    0.1915395111E+03    0.1923495033E+03   -0.8099922365E+00
    0.1692373444E+03    0.1708447497E+03   -0.1607405226E+01
    0.1818018444E+03    0.1838790450E+03   -0.2077200522E+01
    0.2875471778E+03    0.2841507486E+03    0.3396429139E+01
    0.2096941111E+03    0.2125373154E+03   -0.2843204257E+01
    0.2737433333E+03    0.2722501113E+03    0.1493222064E+01
    0.2989490444E+03    0.3014424268E+03   -0.2493382383E+01
    0.1862727778E+03    0.1857678978E+03    0.5048799957E+00
    0.2896785556E+03    0.2868110345E+03    0.2867521052E+01
    0.2568662444E+03    0.2562054713E+03    0.6607731514E+00
    0.2164706222E+03    0.2193249423E+03   -0.2854320108E+01
    0.1980689000E+03    0.1951455103E+03    0.2923389658E+01
    0.2016502556E+03    0.2006097986E+03    0.1040456964E+01
    0.2513636333E+03    0.2464809110E+03    0.4882722296E+01
    0.2534225000E+03    0.2502962162E+03    0.3126283804E+01
    0.2065748778E+03    0.2072572666E+03   -0.6823888471E+00
    0.1838565333E+03    0.1862420427E+03   -0.2385509326E+01
    0.1921652444E+03    0.1947610817E+03   -0.2595837216E+01
    0.1813102889E+03    0.1696674804E+03    0.1164280847E+02
    0.1907203222E+03    0.1910361635E+03   -0.3158412351E+00
    0.1876005778E+03    0.1896392868E+03   -0.2038709072E+01
    0.2193693111E+03    0.2235974425E+03   -0.4228131424E+01
    0.2862961111E+03    0.2805255950E+03    0.5770516087E+01
    0.2418327444E+03    0.2417541666E+03    0.7857787545E-01
    0.2053415111E+03    0.2054876216E+03   -0.1461105077E+00
    0.2785376444E+03    0.2772368148E+03    0.1300829627E+01
    0.2281654778E+03    0.2310462464E+03   -0.2880768635E+01
    0.2003932667E+03    0.2026972076E+03   -0.2303940921E+01
    0.2105854111E+03    0.2076898179E+03    0.2895593244E+01
    0.2213828000E+03    0.2171980666E+03    0.4184733372E+01
    0.2572186333E+03    0.2585507075E+03   -0.1332074161E+01
    0.2024171778E+03    0.2015061847E+03    0.9109930401E+00
    0.2350597111E+03    0.2315187260E+03    0.3540985088E+01
    0.3013589222E+03    0.3039762620E+03   -0.2617339748E+01
    0.2843988222E+03    0.2866794289E+03   -0.2280606714E+01
    0.1717623333E+03    0.1734173925E+03   -0.1655059125E+01
    0.1808356889E+03    0.1820630608E+03   -0.1227371892E+01
    0.1786953444E+03    0.1808182146E+03   -0.2122870110E+01
    0.2691348000E+03    0.2673839170E+03    0.1750883040E+01
    0.2105255556E+03    0.2093926533E+03    0.1132902244E+01
    0.2945108667E+03    0.2909887978E+03    0.3522068842E+01
    0.1936777556E+03    0.1966110937E+03   -0.2933338134E+01
    0.2147564222E+03    0.2159958125E+03   -0.1239390233E+01
    0.2144034778E+03    0.2167926228E+03   -0.2389145020E+01
    0.2000597778E+03    0.2030450485E+03   -0.2985270730E+01
    0.2051309444E+03    0.2078280085E+03   -0.2697064075E+01
    0.1914784222E+03    0.1892156016E+03    0.2262820587E+01
    0.2811406222E+03    0.2784311334E+03    0.2709488845E+01
    0.2452193667E+03    0.2489913224E+03   -0.3771955733E+01
    0.1845425556E+03    0.1785616422E+03    0.5980913360E+01
    0.2304738556E+03    0.2283181207E+03    0.2155734824E+01
    0.2172658444E+03    0.2190376471E+03   -0.1771802679E+01
    0.2087044444E+03    0.2099054473E+03   -0.1201002852E+01
    0.2765467111E+03    0.2743226687E+03    0.2224042382E+01
    0.2637099889E+03    0.2671090666E+03   -0.3399077705E+01
    0.1966388111E+03    0.1915602458E+03    0.5078565283E+01
    0.2049353111E+03    0.2041436584E+03    0.7916526819E+00
    0.2828206778E+03    0.2785718677E+03    0.4248810038E+01
    0.2466663556E+03    0.2448452980E+03    0.1821057561E+01
    0.2036199000E+03    0.2046689169E+03   -0.1049016862E+01
    0.2011406222E+03    0.2046907296E+03   -0.3550107355E+01
    0.2062119333E+03    0.2047856936E+03    0.1426239772E+01
    0.2928621333E+03    0.2929971709E+03   -0.1350375636E+00
    0.2641083000E+03    0.2604829883E+03    0.3625311679E+01
    0.2431637556E+03    0.2422838038E+03    0.8799518034E+00
    0.2792287556E+03    0.2752813554E+03    0.3947400162E+01
    0.1886036444E+03    0.1796042065E+03    0.8999437909E+01
    0.1870368222E+03    0.1812276299E+03    0.5809192326E+01
    0.1853664667E+03    0.1844655928E+03    0.9008738772E+00
    0.1730694778E+03    0.1723122647E+03    0.7572130715E+00
    0.1740759667E+03    0.1720067860E+03    0.2069180691E+01
    0.1967226222E+03    0.1923016958E+03    0.4420926374E+01
    0.2028386333E+03    0.2043825006E+03   -0.1543867307E+01
    0.2532290889E+03    0.2516796590E+03    0.1549429912E+01
    0.2194879000E+03    0.2172208976E+03    0.2267002351E+01
    0.1988755111E+03    0.1986291714E+03    0.2463396637E+00
    0.2604490667E+03    0.2609295618E+03   -0.4804951151E+00
    0.1894734000E+03    0.1872276991E+03    0.2245700886E+01
    0.1935410889E+03    0.1927898494E+03    0.7512395056E+00
    0.2416573111E+03    0.2437277721E+03   -0.2070460971E+01
    0.1790172889E+03    0.1750777001E+03    0.3939588748E+01
    0.2456214556E+03    0.2470137409E+03   -0.1392285330E+01
    0.1790136222E+03    0.1767665938E+03    0.2247028464E+01
    0.2834870333E+03    0.2809140349E+03    0.2572998472E+01
    0.2611882111E+03    0.2629190105E+03   -0.1730799353E+01
    0.2922040889E+03    0.2907445687E+03    0.1459520150E+01
    0.2347459556E+03    0.2317695153E+03    0.2976440305E+01
    0.1870591111E+03    0.1840481377E+03    0.3010973428E+01
    0.1905193889E+03    0.1888811472E+03    0.1638241682E+01
    0.1700707556E+03    0.1714042298E+03   -0.1333474240E+01
    0.1718423667E+03    0.1739211746E+03   -0.2078807929E+01
    0.2531147778E+03    0.2523728254E+03    0.7419523758E+00
    0.2226869444E+03    0.2232511256E+03   -0.5641811096E+00
    0.2668892556E+03    0.2664363229E+03    0.4529326992E+00
    0.1817765778E+03    0.1785075827E+03    0.3268995080E+01
    0.1819319111E+03    0.1782184301E+03    0.3713481039E+01
    0.2107032667E+03    0.2136141988E+03   -0.2910932123E+01
    0.2290660778E+03    0.2313865957E+03   -0.2320517908E+01
    0.1923749111E+03    0.1906326860E+03    0.1742225156E+01
    0.2098778222E+03    0.2071075988E+03    0.2770223439E+01
    0.2147394667E+03    0.2149045067E+03   -0.1650400674E+00
    0.2631218000E+03    0.2638643544E+03   -0.7425543576E+00
    0.2803237333E+03    0.2802098243E+03    0.1139090219E+00
    0.1730707556E+03    0.1785667587E+03   -0.5496003132E+01
    0.1967213778E+03    0.1968671493E+03   -0.1457714935E+00
    0.2250481778E+03    0.2246490523E+03    0.3991254889E+00
    0.2798409111E+03    0.2774432188E+03    0.2397692321E+01
    0.3012605778E+03    0.3063802393E+03   -0.5119661478E+01
    0.2417612556E+03    0.2448792306E+03   -0.3117975015E+01
    0.1820647889E+03    0.1844713447E+03   -0.2406555836E+01
    0.2256499111E+03    0.2290755854E+03   -0.3425674331E+01
    0.2137194444E+03    0.2151531018E+03   -0.1433657361E+01
    0.1898993111E+03    0.1901369441E+03   -0.2376329942E+00
    0.2082812222E+03    0.2049983393E+03    0.3282882970E+01
    0.2505340222E+03    0.2505730756E+03   -0.3905333159E-01
    0.3058445778E+03    0.3085898012E+03   -0.2745223428E+01
    0.2966810000E+03    0.3000868561E+03   -0.3405856129E+01
    0.2926131333E+03    0.2958633605E+03   -0.3250227197E+01
    0.2820282667E+03    0.2834533283E+03   -0.1425061628E+01
    0.1700829333E+03    0.1734518276E+03   -0.3368894305E+01
    0.1708686111E+03    0.1740907281E+03   -0.3222116976E+01
    0.1853022667E+03    0.1863055144E+03   -0.1003247755E+01
    0.1787971889E+03    0.1789291644E+03   -0.1319755040E+00
    0.2288574333E+03    0.2292311938E+03   -0.3737604668E+00
    0.2556504667E+03    0.2564940493E+03   -0.8435826487E+00
    0.2900036000E+03    0.2852862915E+03    0.4717308472E+01
    0.2079026556E+03    0.2081206460E+03   -0.2179904865E+00
    0.2405868667E+03    0.2410335980E+03   -0.4467313056E+00
    0.2209334444E+03    0.2208069679E+03    0.1264765303E+00
    0.2110321000E+03    0.2138276008E+03   -0.2795500754E+01
    0.2044317667E+03    0.2045603380E+03   -0.1285713474E+00
    0.1893699333E+03    0.1890974580E+03    0.2724752927E+00
    0.1871043000E+03    0.1879864007E+03   -0.8821007415E+00
    0.2534758778E+03    0.2472010201E+03    0.6274857698E+01
    0.2469492333E+03    0.2424423677E+03    0.4506865661E+01
    0.2458938778E+03    0.2504909195E+03   -0.4597041700E+01
    0.1983598444E+03    0.2004272061E+03   -0.2067361647E+01
    0.2237516111E+03    0.2236700968E+03    0.8151432880E-01
    0.1899346000E+03    0.1907200569E+03   -0.7854568716E+00
    0.1704806556E+03    0.1716616919E+03   -0.1181036390E+01
    0.1863562667E+03    0.1880482604E+03   -0.1691993700E+01
    0.2959017111E+03    0.3002896926E+03   -0.4387981482E+01
    0.2163081222E+03    0.2164147222E+03   -0.1066000081E+00
    0.2595301222E+03    0.2588341917E+03    0.6959305594E+00
    0.2279487222E+03    0.2275365319E+03    0.4121903170E+00
    0.2505142889E+03    0.2510375526E+03   -0.5232637503E+00
    0.2630736333E+03    0.2654258387E+03   -0.2352205393E+01
    0.2402382000E+03    0.2406552210E+03   -0.4170210257E+00
    0.2422979556E+03    0.2458470348E+03   -0.3549079267E+01
    0.2124671556E+03    0.2115758424E+03    0.8913131803E+00
    0.2253844556E+03    0.2261837944E+03   -0.7993388862E+00
    0.2445528889E+03    0.2427050919E+03    0.1847797000E+01
    0.2601386889E+03    0.2625395644E+03   -0.2400875484E+01
    0.2744485778E+03    0.2710485466E+03    0.3400031176E+01
    0.1889144889E+03    0.1887294342E+03    0.1850547383E+00
    0.1931341889E+03    0.1886557621E+03    0.4478426760E+01
    0.1796762778E+03    0.1764583899E+03    0.3217887851E+01
    0.1785659444E+03    0.1754601974E+03    0.3105747024E+01
    0.2362448000E+03    0.2389045168E+03   -0.2659716780E+01
    0.2306701222E+03    0.2295947139E+03    0.1075408321E+01
