     Index       y_measurement           y_fitting        descriptor_1
         1    0.4067373667E+03    0.4341225906E+03    0.4758299990E+01
         2    0.2857956333E+03    0.3240089451E+03    0.4411913193E+01
         3    0.3071145667E+03    0.3306520586E+03    0.4432810574E+01
         4    0.3819834000E+03    0.4017171971E+03    0.4656361666E+01
         5    0.3764530667E+03    0.4004078591E+03    0.4652242854E+01
         6    0.2785538000E+03    0.3236691444E+03    0.4410844275E+01
         7    0.3041485333E+03    0.3291340444E+03    0.4428035325E+01
         8    0.2586766667E+03    0.2916247674E+03    0.4310041608E+01
         9    0.2725297000E+03    0.2958400326E+03    0.4323301656E+01
        10    0.2541748667E+03    0.3020630100E+03    0.4342877406E+01
        11    0.2338034333E+03    0.2587791517E+03    0.4206718468E+01
        12    0.2403534000E+03    0.2582385096E+03    0.4205017759E+01
        13    0.4148450000E+03    0.4638246541E+03    0.4851734392E+01
        14    0.4670846000E+03    0.4711569644E+03    0.4874799794E+01
        15    0.2451061333E+03    0.2617485174E+03    0.4216059264E+01
        16    0.2466809333E+03    0.2687564376E+03    0.4238104225E+01
        17    0.3836031333E+03    0.4206633756E+03    0.4715961056E+01
        18    0.4372498667E+03    0.4336036072E+03    0.4756667413E+01
        19    0.4187009000E+03    0.4350371679E+03    0.4761176995E+01
        20    0.2869700333E+03    0.3361583071E+03    0.4450131695E+01
        21    0.2344907333E+03    0.2317275179E+03    0.4121621578E+01
        22    0.3091172667E+03    0.3402765281E+03    0.4463086469E+01
        23    0.3023439333E+03    0.3256888379E+03    0.4417197667E+01
        24    0.3266636333E+03    0.3213834118E+03    0.4403653998E+01
        25    0.3849960667E+03    0.4021186497E+03    0.4657624524E+01
        26    0.3781231333E+03    0.4022547743E+03    0.4658052734E+01
        27    0.2956743000E+03    0.3370718741E+03    0.4453005522E+01
        28    0.2309024667E+03    0.2337382764E+03    0.4127946863E+01
        29    0.3124557667E+03    0.3398037754E+03    0.4461599321E+01
        30    0.2616502000E+03    0.3045956936E+03    0.4350844522E+01
        31    0.2359238667E+03    0.2323713827E+03    0.4123646997E+01
        32    0.2859014667E+03    0.3073924999E+03    0.4359642494E+01
        33    0.3027135333E+03    0.3261778072E+03    0.4418735828E+01
        34    0.3238940333E+03    0.3196485468E+03    0.4398196597E+01
        35    0.2779039000E+03    0.2953757619E+03    0.4321841190E+01
        36    0.2942082000E+03    0.2888932370E+03    0.4301448976E+01
        37    0.3058423333E+03    0.3037774767E+03    0.4348270640E+01
        38    0.2794223333E+03    0.2751660199E+03    0.4258266982E+01
        39    0.2552500667E+03    0.2380359771E+03    0.4141466230E+01
        40    0.2961311333E+03    0.2737766805E+03    0.4253896508E+01
        41    0.2801430000E+03    0.2668862577E+03    0.4232221161E+01
        42    0.2908341667E+03    0.2540911306E+03    0.4191971262E+01
        43    0.4175716333E+03    0.4695086297E+03    0.4869614593E+01
        44    0.4715966000E+03    0.4677371903E+03    0.4864042139E+01
        45    0.2449100333E+03    0.2704810499E+03    0.4243529374E+01
        46    0.2220599667E+03    0.2269977006E+03    0.4106742893E+01
        47    0.2527308000E+03    0.2771216823E+03    0.4264418950E+01
        48    0.3850257000E+03    0.4324672492E+03    0.4753092748E+01
        49    0.2249314667E+03    0.2369779872E+03    0.4138138089E+01
        50    0.4458766000E+03    0.4381151158E+03    0.4770859360E+01
        51    0.2500072667E+03    0.2669877600E+03    0.4232540459E+01
        52    0.2591231667E+03    0.2692619793E+03    0.4239694518E+01
        53    0.3817229000E+03    0.4170741837E+03    0.4704670460E+01
        54    0.4540849667E+03    0.4162883092E+03    0.4702198318E+01
        55    0.4109789667E+03    0.4225066177E+03    0.4721759381E+01
        56    0.3771303667E+03    0.3919264534E+03    0.4625562719E+01
        57    0.3714014333E+03    0.3894917673E+03    0.4617903876E+01
        58    0.2889783333E+03    0.2986669474E+03    0.4332194341E+01
        59    0.4162779667E+03    0.4479725335E+03    0.4801868045E+01
        60    0.4713814667E+03    0.4618055430E+03    0.4845382832E+01
        61    0.2587401333E+03    0.2581021882E+03    0.4204588930E+01
        62    0.2808691333E+03    0.2843101458E+03    0.4287031850E+01
        63    0.3007642333E+03    0.2974141246E+03    0.4328253310E+01
        64    0.3199497667E+03    0.3105181033E+03    0.4369474770E+01
        65    0.3446522333E+03    0.3367260609E+03    0.4451917690E+01
        66    0.3739319333E+03    0.3629340187E+03    0.4534360611E+01
        67    0.4037782333E+03    0.3891419763E+03    0.4616803531E+01
        68    0.4238937333E+03    0.4153499338E+03    0.4699246451E+01
        69    0.4241497333E+03    0.4284539126E+03    0.4740467911E+01
        70    0.4298645000E+03    0.4415578914E+03    0.4781689371E+01
        71    0.4552735000E+03    0.4677658489E+03    0.4864132291E+01
        72    0.2913401333E+03    0.2682297272E+03    0.4236447341E+01
        73    0.3010334667E+03    0.2946362640E+03    0.4319514936E+01
        74    0.3113269333E+03    0.3078395326E+03    0.4361048734E+01
        75    0.3186861333E+03    0.3210428008E+03    0.4402582531E+01
        76    0.3487913667E+03    0.3474493377E+03    0.4485650126E+01
        77    0.3853828667E+03    0.3738558745E+03    0.4568717721E+01
        78    0.4130206000E+03    0.4002624113E+03    0.4651785316E+01
        79    0.4355697667E+03    0.4266689481E+03    0.4734852911E+01
        80    0.4394029000E+03    0.4398722164E+03    0.4776386708E+01
        81    0.4433844000E+03    0.4530754850E+03    0.4817920506E+01
        82    0.4657620000E+03    0.4794820218E+03    0.4900988101E+01
        83    0.2892323000E+03    0.2564633906E+03    0.4199433730E+01
        84    0.3043565333E+03    0.2826392150E+03    0.4281775568E+01
        85    0.3150956000E+03    0.2957271272E+03    0.4322946487E+01
        86    0.3256563000E+03    0.3088150390E+03    0.4364117405E+01
        87    0.3554397667E+03    0.3349908634E+03    0.4446459243E+01
        88    0.3840882333E+03    0.3611666878E+03    0.4528801081E+01
        89    0.4160088000E+03    0.3873425121E+03    0.4611142919E+01
        90    0.4356066667E+03    0.4135183365E+03    0.4693484757E+01
        91    0.4401088000E+03    0.4266062487E+03    0.4734655676E+01
        92    0.4442737333E+03    0.4396941609E+03    0.4775826595E+01
        93    0.4648353333E+03    0.4658699849E+03    0.4858168432E+01
        94    0.5172851333E+03    0.5035045629E+03    0.4976556311E+01
        95    0.5151889667E+03    0.5035045629E+03    0.4976556311E+01
        96    0.5145655000E+03    0.5035045629E+03    0.4976556311E+01
        97    0.5133680667E+03    0.5035045629E+03    0.4976556311E+01
        98    0.5106567333E+03    0.5035045629E+03    0.4976556311E+01
        99    0.5065376667E+03    0.5035045629E+03    0.4976556311E+01
       100    0.5038068667E+03    0.5035045629E+03    0.4976556311E+01
       101    0.5020189333E+03    0.5035045629E+03    0.4976556311E+01
       102    0.5003844000E+03    0.5035045629E+03    0.4976556311E+01
       103    0.4993860000E+03    0.5035045629E+03    0.4976556311E+01
       104    0.4951073333E+03    0.5035045629E+03    0.4976556311E+01
       105    0.2713804000E+03    0.2480307693E+03    0.4172907057E+01
       106    0.2536501333E+03    0.2480307693E+03    0.4172907057E+01
       107    0.2560003000E+03    0.2480307693E+03    0.4172907057E+01
       108    0.2569182667E+03    0.2480307693E+03    0.4172907057E+01
       109    0.2607602000E+03    0.2480307693E+03    0.4172907057E+01
       110    0.2631706000E+03    0.2480307693E+03    0.4172907057E+01
       111    0.2673784667E+03    0.2480307693E+03    0.4172907057E+01
       112    0.2694989667E+03    0.2480307693E+03    0.4172907057E+01
       113    0.2652660667E+03    0.2480307693E+03    0.4172907057E+01
       114    0.2675822667E+03    0.2480307693E+03    0.4172907057E+01
       115    0.2647965333E+03    0.2480307693E+03    0.4172907057E+01
       116    0.2603128667E+03    0.2344682928E+03    0.4130243291E+01
       117    0.2374204333E+03    0.2344682928E+03    0.4130243291E+01
       118    0.2283086667E+03    0.2344682928E+03    0.4130243291E+01
       119    0.2257176333E+03    0.2344682928E+03    0.4130243291E+01
       120    0.2310318667E+03    0.2344682928E+03    0.4130243291E+01
       121    0.2355563000E+03    0.2344682928E+03    0.4130243291E+01
       122    0.2320685333E+03    0.2344682928E+03    0.4130243291E+01
       123    0.2410007667E+03    0.2344682928E+03    0.4130243291E+01
       124    0.2430929000E+03    0.2344682928E+03    0.4130243291E+01
       125    0.2456903000E+03    0.2344682928E+03    0.4130243291E+01
       126    0.2426874667E+03    0.2344682928E+03    0.4130243291E+01
       127    0.2717586000E+03    0.2545612721E+03    0.4193450196E+01
       128    0.2659497000E+03    0.2545612721E+03    0.4193450196E+01
       129    0.2640742333E+03    0.2545612721E+03    0.4193450196E+01
       130    0.2584595333E+03    0.2545612721E+03    0.4193450196E+01
       131    0.2586609333E+03    0.2545612721E+03    0.4193450196E+01
       132    0.2534079333E+03    0.2545612721E+03    0.4193450196E+01
       133    0.2502162667E+03    0.2545612721E+03    0.4193450196E+01
       134    0.2534641000E+03    0.2545612721E+03    0.4193450196E+01
       135    0.2541741667E+03    0.2545612721E+03    0.4193450196E+01
       136    0.2546677000E+03    0.2545612721E+03    0.4193450196E+01
       137    0.2478107667E+03    0.2545612721E+03    0.4193450196E+01
       138    0.2566177333E+03    0.2725471928E+03    0.4250028883E+01
       139    0.2826566667E+03    0.2990383859E+03    0.4333362783E+01
       140    0.3005005000E+03    0.3122839822E+03    0.4375029732E+01
       141    0.3151633333E+03    0.3255295787E+03    0.4416696682E+01
       142    0.3468133333E+03    0.3520207718E+03    0.4500030582E+01
       143    0.3904840000E+03    0.3785119646E+03    0.4583364481E+01
       144    0.4207588667E+03    0.4050031577E+03    0.4666698381E+01
       145    0.4441880000E+03    0.4314943508E+03    0.4750032281E+01
       146    0.4642795333E+03    0.4447399473E+03    0.4791699231E+01
       147    0.4874887333E+03    0.4579855436E+03    0.4833366180E+01
       148    0.5036133333E+03    0.4844767367E+03    0.4916700080E+01
       149    0.2946690000E+03    0.2710040903E+03    0.4245174713E+01
       150    0.3090159667E+03    0.2974650264E+03    0.4328413433E+01
       151    0.3192131333E+03    0.3106954945E+03    0.4370032793E+01
       152    0.3324828333E+03    0.3239259625E+03    0.4411652153E+01
       153    0.3586237000E+03    0.3503868986E+03    0.4494890873E+01
       154    0.3933250000E+03    0.3768478348E+03    0.4578129593E+01
       155    0.4207501667E+03    0.4033087709E+03    0.4661368313E+01
       156    0.4555497333E+03    0.4297697067E+03    0.4744607032E+01
       157    0.4822870667E+03    0.4430001747E+03    0.4786226392E+01
       158    0.5019539333E+03    0.4562306428E+03    0.4827845752E+01
       159    0.5099616667E+03    0.4826915789E+03    0.4911084472E+01
       160    0.2921547667E+03    0.2796834283E+03    0.4272477488E+01
       161    0.3085777333E+03    0.3063145476E+03    0.4356251557E+01
       162    0.3183324000E+03    0.3196301072E+03    0.4398138591E+01
       163    0.3316307000E+03    0.3329456667E+03    0.4440025625E+01
       164    0.3590403667E+03    0.3595767857E+03    0.4523799693E+01
       165    0.3920042333E+03    0.3862079051E+03    0.4607573762E+01
       166    0.4221508000E+03    0.4128390242E+03    0.4691347830E+01
       167    0.4555808667E+03    0.4394701435E+03    0.4775121899E+01
       168    0.4795982333E+03    0.4527857031E+03    0.4817008933E+01
       169    0.4991327333E+03    0.4661012626E+03    0.4858895967E+01
       170    0.5097796667E+03    0.4927323816E+03    0.4942670035E+01
