     Index       y_measurement           y_fitting        descriptor_1        descriptor_2        descriptor_3
         1    0.4311771491E+00    0.4087490574E+00    0.3560831862E+00    0.1412777119E+03   -0.1591200716E-01
         2    0.2863966357E+00    0.3021078286E+00    0.3932029920E+00    0.1409769336E+03   -0.1329446251E-01
         3    0.4041564535E+00    0.3700969964E+00    0.3686891986E+00    0.1412473173E+03   -0.1760363079E-01
         4    0.2714353627E+00    0.2808801406E+00    0.3954529588E+00    0.1362138897E+03   -0.6012523368E-02
         5    0.2527832565E+00    0.2350116066E+00    0.4098214505E+00    0.1351929828E+03   -0.5291840119E-02
         6    0.2511563255E+00    0.2499963034E+00    0.4088596697E+00    0.1391834889E+03   -0.1149767155E-01
         7    0.2186514932E+00    0.2242380438E+00    0.4120487731E+00    0.1382003230E+03   -0.2249686737E-01
         8    0.2151500840E+00    0.1839807244E+00    0.4287656311E+00    0.1359953013E+03   -0.5000765517E-02
         9    0.2188755888E+00    0.1939996099E+00    0.4275652203E+00    0.1386225567E+03   -0.1047886247E-01
        10    0.4440869345E+00    0.4353708806E+00    0.3434995371E+00    0.1386003991E+03   -0.1344673656E-01
        11    0.4565628182E+00    0.4594864166E+00    0.3446019812E+00    0.1449738838E+03   -0.1604860461E-01
        12    0.2267002756E+00    0.1939260292E+00    0.4202835511E+00    0.1327630524E+03   -0.4503279946E-02
        13    0.2092739035E+00    0.2000301398E+00    0.4201772619E+00    0.1350796787E+03   -0.9295478223E-02
        14    0.4412176146E+00    0.4063636803E+00    0.3542355168E+00    0.1379350825E+03   -0.8441139516E-02
        15    0.4373163477E+00    0.4290043284E+00    0.3554421175E+00    0.1466039248E+03   -0.2221905457E-01
        16    0.4371113264E+00    0.4159259088E+00    0.3432045506E+00    0.1356195009E+03   -0.1922542578E-01
        17    0.2364462509E+00    0.1911277717E+00    0.4253711637E+00    0.1351249851E+03   -0.3716773004E-02
        18    0.2877592344E+00    0.3310007970E+00    0.3808012129E+00    0.1412780069E+03   -0.2131341984E-01
        19    0.3052002036E+00    0.3018849672E+00    0.3773858567E+00    0.1307735241E+03   -0.1146659365E-01
        20    0.3162345360E+00    0.3171927404E+00    0.3780743499E+00    0.1354882924E+03   -0.1608894397E-01
        21    0.3810698261E+00    0.3935528837E+00    0.3487721746E+00    0.1348080932E+03   -0.2139543940E-01
        22    0.3893930302E+00    0.3885577808E+00    0.3485418968E+00    0.1336276283E+03   -0.2147556097E-01
        23    0.2746515510E+00    0.3259798525E+00    0.3742278757E+00    0.1357588407E+03   -0.1951656014E-01
        24    0.2119213688E+00    0.2148224578E+00    0.4163612838E+00    0.1346402234E+03   -0.3937060893E-02
        25    0.2796253592E+00    0.3476130269E+00    0.3737546449E+00    0.1404610755E+03   -0.2134631044E-01
        26    0.2320546000E+00    0.2865727945E+00    0.3882960749E+00    0.1356454475E+03   -0.1758866950E-01
        27    0.2307039824E+00    0.2149777791E+00    0.4174889664E+00    0.1353843592E+03   -0.4011051722E-02
        28    0.2694453323E+00    0.3036554519E+00    0.3875157542E+00    0.1391221028E+03   -0.1909478443E-01
        29    0.3020090589E+00    0.3173604686E+00    0.3716464133E+00    0.1307132334E+03   -0.1234416450E-01
        30    0.3046928854E+00    0.3328688895E+00    0.3722123933E+00    0.1352661781E+03   -0.1640037746E-01
        31    0.2821058033E+00    0.2888211075E+00    0.3848375466E+00    0.1332695803E+03   -0.1441686455E-01
        32    0.3155324828E+00    0.3103845651E+00    0.3663456971E+00    0.1302127359E+03   -0.3097492819E-01
        33    0.3001533759E+00    0.3023131583E+00    0.3798942340E+00    0.1337466388E+03   -0.1734552004E-01
        34    0.3337535518E+00    0.3114436477E+00    0.3797578682E+00    0.1355659987E+03   -0.1722008767E-01
        35    0.3033097908E+00    0.2883188679E+00    0.3791366378E+00    0.1291167640E+03   -0.1206196963E-01
        36    0.3195628020E+00    0.2957546092E+00    0.3791620374E+00    0.1310198082E+03   -0.1344226745E-01
        37    0.4433412280E+00    0.4285259007E+00    0.3369991992E+00    0.1340524627E+03   -0.1741619927E-01
        38    0.4489842999E+00    0.4508291502E+00    0.3386863096E+00    0.1397460343E+03   -0.1713317888E-01
        39    0.1983230862E+00    0.1686623902E+00    0.4363273731E+00    0.1370999346E+03   -0.3635005041E-02
        40    0.2315906063E+00    0.2145040995E+00    0.4190032684E+00    0.1391744553E+03   -0.1700864315E-01
        41    0.4269733901E+00    0.4015271136E+00    0.3489268657E+00    0.1374837334E+03   -0.2532024082E-01
        42    0.2011678056E+00    0.1720117822E+00    0.4290273906E+00    0.1332447975E+03   -0.3334244093E-02
        43    0.4469048804E+00    0.4307368271E+00    0.3499219047E+00    0.1457931216E+03   -0.3198331546E-01
        44    0.2339656649E+00    0.1990910013E+00    0.4107702740E+00    0.1289178324E+03   -0.8547326417E-02
        45    0.2431243250E+00    0.2048159534E+00    0.4109454457E+00    0.1310862788E+03   -0.1227925408E-01
        46    0.4234910986E+00    0.3974344307E+00    0.3472244099E+00    0.1332859240E+03   -0.1528588044E-01
        47    0.4522062284E+00    0.4184553360E+00    0.3492333304E+00    0.1411068905E+03   -0.2467281459E-01
        48    0.4210826770E+00    0.3974824293E+00    0.3534938302E+00    0.1363263422E+03   -0.1163643508E-01
        49    0.2843223449E+00    0.2243265267E+00    0.4026779787E+00    0.1306464631E+03   -0.1457833202E-01
        50    0.4463194501E+00    0.4244495991E+00    0.3418109498E+00    0.1344083689E+03   -0.9749327477E-02
        51    0.4555457409E+00    0.4432342567E+00    0.3437613544E+00    0.1401958565E+03   -0.1243802645E-01
        52    0.1426577999E+00    0.1578904925E+00    0.4324649964E+00    0.1359613014E+03   -0.1909877935E-01
        53    0.1532933446E+00    0.1993655370E+00    0.4194082481E+00    0.1366963873E+03   -0.1909877935E-01
        54    0.2124254665E+00    0.2195462139E+00    0.4130712010E+00    0.1370639303E+03   -0.1909877935E-01
        55    0.2458956862E+00    0.2393697674E+00    0.4068568582E+00    0.1374314733E+03   -0.1909877935E-01
        56    0.3168200734E+00    0.2779854718E+00    0.3947825529E+00    0.1381665592E+03   -0.1909877935E-01
        57    0.3606096115E+00    0.3152889426E+00    0.3831591192E+00    0.1389016452E+03   -0.1909877935E-01
        58    0.3855424304E+00    0.3513510107E+00    0.3719622199E+00    0.1396367311E+03   -0.1909877935E-01
        59    0.3978840001E+00    0.3862375263E+00    0.3611692298E+00    0.1403718171E+03   -0.1909877935E-01
        60    0.3956483535E+00    0.4032592744E+00    0.3559175616E+00    0.1407393601E+03   -0.1909877935E-01
        61    0.3988790197E+00    0.4527249235E+00    0.3407121631E+00    0.1418419890E+03   -0.1909877935E-01
        62    0.2907721873E+00    0.2653703860E+00    0.3740449943E+00    0.1276782326E+03   -0.4085589006E-01
        63    0.2766077859E+00    0.2837496095E+00    0.3688308844E+00    0.1283561263E+03   -0.4085589006E-01
        64    0.2778108002E+00    0.2928388187E+00    0.3662726853E+00    0.1287039152E+03   -0.4085589006E-01
        65    0.2595940232E+00    0.3018668306E+00    0.3637454212E+00    0.1290578056E+03   -0.4085589006E-01
        66    0.2860637736E+00    0.3197559698E+00    0.3587790196E+00    0.1297845450E+03   -0.4085589006E-01
        67    0.3369956056E+00    0.3374496985E+00    0.3539226734E+00    0.1305377112E+03   -0.4085589006E-01
        68    0.3829514472E+00    0.3549796527E+00    0.3491678971E+00    0.1313187725E+03   -0.4085589006E-01
        69    0.3834132326E+00    0.3723766328E+00    0.3445066719E+00    0.1321293078E+03   -0.4085589006E-01
        70    0.3842960836E+00    0.3810347008E+00    0.3422087510E+00    0.1325461545E+03   -0.4085589006E-01
        71    0.3898202890E+00    0.3896707935E+00    0.3399313982E+00    0.1329710175E+03   -0.4085589006E-01
        72    0.4002315923E+00    0.4068918308E+00    0.3354348506E+00    0.1338457354E+03   -0.4085589006E-01
        73    0.1342891712E+00    0.1648339029E+00    0.4200195630E+00    0.1274382880E+03   -0.8868057438E-02
        74    0.2259092688E+00    0.2234342330E+00    0.4023709230E+00    0.1289691186E+03   -0.8868057438E-02
        75    0.2378831299E+00    0.2419932073E+00    0.3967843205E+00    0.1294556616E+03   -0.8868057438E-02
        76    0.2813862858E+00    0.2777612105E+00    0.3860210747E+00    0.1303955743E+03   -0.8868057438E-02
        77    0.3605672677E+00    0.3443533940E+00    0.3659941511E+00    0.1321528024E+03   -0.8868057438E-02
        78    0.3718718209E+00    0.3754095028E+00    0.3566592565E+00    0.1329753347E+03   -0.8868057438E-02
        79    0.3770097654E+00    0.3904228121E+00    0.3521475809E+00    0.1333736135E+03   -0.8868057438E-02
        80    0.3835882870E+00    0.4051085668E+00    0.3477349760E+00    0.1337635949E+03   -0.8868057438E-02
        81    0.3997269348E+00    0.4335410023E+00    0.3391936505E+00    0.1345196811E+03   -0.8868057438E-02
        82    0.4484240400E+00    0.4767443291E+00    0.3339357517E+00    0.1400301058E+03   -0.7141419248E-02
        83    0.4533916717E+00    0.4740771741E+00    0.3336980924E+00    0.1393194224E+03   -0.7141419248E-02
        84    0.4572457538E+00    0.4727195778E+00    0.3335724623E+00    0.1389548109E+03   -0.7141419248E-02
        85    0.4592785290E+00    0.4713455494E+00    0.3334420906E+00    0.1385838027E+03   -0.7141419248E-02
        86    0.4595310313E+00    0.4685469026E+00    0.3331664542E+00    0.1378219110E+03   -0.7141419248E-02
        87    0.4578862221E+00    0.4656785827E+00    0.3328697666E+00    0.1370323140E+03   -0.7141419248E-02
        88    0.4527502248E+00    0.4627378456E+00    0.3325504716E+00    0.1362134728E+03   -0.7141419248E-02
        89    0.4509489184E+00    0.4597218534E+00    0.3322068558E+00    0.1353637318E+03   -0.7141419248E-02
        90    0.4502571878E+00    0.4581847276E+00    0.3320253441E+00    0.1349267222E+03   -0.7141419248E-02
        91    0.4487305421E+00    0.4566276858E+00    0.3318370280E+00    0.1344813085E+03   -0.7141419248E-02
        92    0.4477070965E+00    0.4534523462E+00    0.3314388959E+00    0.1335642804E+03   -0.7141419248E-02
        93    0.1422823761E+00    0.1684944623E+00    0.4383872933E+00    0.1390188679E+03   -0.6649311727E-02
        94    0.1702090010E+00    0.1896157698E+00    0.4309732593E+00    0.1389222191E+03   -0.6649311727E-02
        95    0.1796044697E+00    0.1999160548E+00    0.4273579447E+00    0.1388752754E+03   -0.6649311727E-02
        96    0.2246052236E+00    0.2100490780E+00    0.4238015382E+00    0.1388292175E+03   -0.6649311727E-02
        97    0.2431527848E+00    0.2298312675E+00    0.4168591288E+00    0.1387396603E+03   -0.6649311727E-02
        98    0.2672206022E+00    0.2489966317E+00    0.4101339434E+00    0.1386533598E+03   -0.6649311727E-02
        99    0.2793822363E+00    0.2675770953E+00    0.4036147295E+00    0.1385701414E+03   -0.6649311727E-02
       100    0.2945343546E+00    0.2856024180E+00    0.3972909985E+00    0.1384898429E+03   -0.6649311727E-02
       101    0.3018347465E+00    0.3031003751E+00    0.3911529620E+00    0.1384123134E+03   -0.6649311727E-02
       102    0.3104478013E+00    0.3200969184E+00    0.3851914744E+00    0.1383374120E+03   -0.6649311727E-02
       103    0.1609983312E+00    0.1433928832E+00    0.4460284301E+00    0.1371748263E+03   -0.1207474480E-02
       104    0.1464057447E+00    0.1433534989E+00    0.4457582825E+00    0.1370001345E+03   -0.1207474480E-02
       105    0.1354515406E+00    0.1435984437E+00    0.4455278027E+00    0.1369100303E+03   -0.1207474480E-02
       106    0.1444167407E+00    0.1454656000E+00    0.4444282229E+00    0.1366279650E+03   -0.1207474480E-02
       107    0.1364241452E+00    0.1477212942E+00    0.4433308610E+00    0.1364294745E+03   -0.1207474480E-02
       108    0.1333490388E+00    0.1508546852E+00    0.4419172797E+00    0.1362219619E+03   -0.1207474480E-02
       109    0.1509255145E+00    0.1549315173E+00    0.4401638671E+00    0.1360047974E+03   -0.1207474480E-02
       110    0.1360308813E+00    0.1573460877E+00    0.4391516945E+00    0.1358923829E+03   -0.1207474480E-02
       111    0.1320689701E+00    0.1600242702E+00    0.4380446007E+00    0.1357772918E+03   -0.1207474480E-02
       112    0.1415712356E+00    0.1662130397E+00    0.4355307313E+00    0.1355386883E+03   -0.1207474480E-02
       113    0.2966245313E+00    0.2844269601E+00    0.3847570789E+00    0.1300699910E+03   -0.4660115430E-02
       114    0.2769316302E+00    0.2684446919E+00    0.3901098989E+00    0.1299846768E+03   -0.4660115430E-02
       115    0.2639498902E+00    0.2604500481E+00    0.3927837365E+00    0.1299396930E+03   -0.4660115430E-02
       116    0.2484917914E+00    0.2524528980E+00    0.3954557297E+00    0.1298930431E+03   -0.4660115430E-02
       117    0.2399862202E+00    0.2364505274E+00    0.4007937481E+00    0.1297943606E+03   -0.4660115430E-02
       118    0.2176879084E+00    0.2204363686E+00    0.4061229969E+00    0.1296877835E+03   -0.4660115430E-02
       119    0.1909003345E+00    0.2044090200E+00    0.4114423552E+00    0.1295723250E+03   -0.4660115430E-02
       120    0.1864659655E+00    0.1883668477E+00    0.4167505031E+00    0.1294468266E+03   -0.4660115430E-02
       121    0.1513056224E+00    0.1803396175E+00    0.4193998949E+00    0.1293798941E+03   -0.4660115430E-02
       122    0.1346825959E+00    0.1723079397E+00    0.4220458745E+00    0.1293099193E+03   -0.4660115430E-02
       123    0.1458560428E+00    0.1562300393E+00    0.4273265978E+00    0.1291599731E+03   -0.4660115430E-02
       124    0.1781381791E+00    0.2016285312E+00    0.4176020896E+00    0.1411921480E+03   -0.4163817735E-01
       125    0.2098434920E+00    0.2248540929E+00    0.4110788397E+00    0.1420892795E+03   -0.4163817735E-01
       126    0.2335975515E+00    0.2473780386E+00    0.4047691711E+00    0.1429694840E+03   -0.4163817735E-01
       127    0.2777107383E+00    0.2904457707E+00    0.3927507897E+00    0.1446809926E+03   -0.4163817735E-01
       128    0.3556845611E+00    0.3310630658E+00    0.3814732908E+00    0.1463302646E+03   -0.4163817735E-01
       129    0.4029868256E+00    0.3694352402E+00    0.3708715436E+00    0.1479206340E+03   -0.4163817735E-01
       130    0.3891821346E+00    0.4057451628E+00    0.3608877504E+00    0.1494552010E+03   -0.4163817735E-01
       131    0.4103677372E+00    0.4231785357E+00    0.3561112811E+00    0.1502024684E+03   -0.4163817735E-01
       132    0.4480318505E+00    0.4401562514E+00    0.3514704494E+00    0.1509368519E+03   -0.4163817735E-01
       133    0.3179402455E+00    0.2737635188E+00    0.3740397393E+00    0.1298672262E+03   -0.4268553809E-01
       134    0.3102337429E+00    0.2963547377E+00    0.3688961245E+00    0.1314797283E+03   -0.4268553809E-01
       135    0.3068125379E+00    0.3074275362E+00    0.3664008728E+00    0.1322859793E+03   -0.4268553809E-01
       136    0.3029599096E+00    0.3183575425E+00    0.3639546832E+00    0.1330922303E+03   -0.4268553809E-01
       137    0.3140799395E+00    0.3398054516E+00    0.3592038990E+00    0.1347047323E+03   -0.4268553809E-01
       138    0.3409530845E+00    0.3607295074E+00    0.3546331061E+00    0.1363172344E+03   -0.4268553809E-01
       139    0.3660323783E+00    0.3811584975E+00    0.3502324131E+00    0.1379297364E+03   -0.4268553809E-01
       140    0.3946178759E+00    0.4011191587E+00    0.3459926336E+00    0.1395422384E+03   -0.4268553809E-01
       141    0.4298996304E+00    0.4109317040E+00    0.3439303935E+00    0.1403484895E+03   -0.4268553809E-01
       142    0.4491178787E+00    0.4206363525E+00    0.3419052256E+00    0.1411547405E+03   -0.4268553809E-01
       143    0.4517514088E+00    0.4397332257E+00    0.3379622357E+00    0.1427672425E+03   -0.4268553809E-01
       144    0.1592238765E+00    0.1555768015E+00    0.4201830590E+00    0.1298369815E+03   -0.2757335655E-01
       145    0.2102269710E+00    0.2001320085E+00    0.4085220592E+00    0.1320832961E+03   -0.2757335655E-01
       146    0.2116025279E+00    0.2213234590E+00    0.4029431594E+00    0.1331315762E+03   -0.2757335655E-01
       147    0.2688141384E+00    0.2810513846E+00    0.3871024847E+00    0.1360143465E+03   -0.2757335655E-01
       148    0.3126505444E+00    0.3180097356E+00    0.3772127101E+00    0.1377440088E+03   -0.2757335655E-01
       149    0.3424241728E+00    0.3529507906E+00    0.3678000000E+00    0.1393406200E+03   -0.2757335655E-01
       150    0.3826141023E+00    0.3860675898E+00    0.3588220346E+00    0.1408189638E+03   -0.2757335655E-01
       151    0.4122722955E+00    0.4019945942E+00    0.3544845208E+00    0.1415178172E+03   -0.2757335655E-01
       152    0.4440677561E+00    0.4175258300E+00    0.3502424589E+00    0.1421917116E+03   -0.2757335655E-01
       153    0.4524044644E+00    0.4474689358E+00    0.3420297324E+00    0.1434697871E+03   -0.2757335655E-01
