     Index       y_measurement           y_fitting        descriptor_1        descriptor_2        descriptor_3
         1    0.2935234994E+03    0.2795267016E+03    0.1204342965E+01    0.1316502109E+04    0.9101703601E-01
         2    0.1587309654E+03    0.1612504868E+03    0.1051957908E+01    0.8780358270E+03    0.9701683014E-01
         3    0.1746566799E+03    0.1711798034E+03    0.1052506912E+01    0.8784940629E+03    0.9606527675E-01
         4    0.2635678493E+03    0.2445667675E+03    0.1152010814E+01    0.1153311607E+04    0.9313085641E-01
         5    0.2592711134E+03    0.2377585821E+03    0.1151786523E+01    0.1153087063E+04    0.9380727001E-01
         6    0.1533371356E+03    0.1599263618E+03    0.1051214655E+01    0.8774154574E+03    0.9704653124E-01
         7    0.1737380718E+03    0.1695838763E+03    0.1051795962E+01    0.8779006562E+03    0.9612789104E-01
         8    0.1415692716E+03    0.1287840264E+03    0.1003299559E+01    0.7621980527E+03    0.9715371520E-01
         9    0.1215912466E+03    0.1260153742E+03    0.1002081307E+01    0.7612725573E+03    0.9725989093E-01
        10    0.1096500264E+03    0.9682687502E+02    0.9545151066E+00    0.6585037993E+03    0.9659686118E-01
        11    0.1139947988E+03    0.9396660671E+02    0.9547108460E+00    0.6586388367E+03    0.9692374232E-01
        12    0.3022450560E+03    0.2929091485E+03    0.1257480558E+01    0.1498072262E+04    0.9036094609E-01
        13    0.3443617784E+03    0.3377024613E+03    0.1258640189E+01    0.1499453764E+04    0.8585621450E-01
        14    0.1198075480E+03    0.9924388584E+02    0.9578424206E+00    0.6607992569E+03    0.9685297920E-01
        15    0.1135857840E+03    0.9713956153E+02    0.9579892152E+00    0.6609005280E+03    0.9709389335E-01
        16    0.2788580290E+03    0.2589010802E+03    0.1204393514E+01    0.1316557364E+04    0.9316573799E-01
        17    0.3189353197E+03    0.3071884804E+03    0.1205688772E+01    0.1317973249E+04    0.8832181441E-01
        18    0.3054724589E+03    0.2891628514E+03    0.1217911822E+01    0.1331334618E+04    0.9180628974E-01
        19    0.1557885917E+03    0.1739611483E+03    0.1062491205E+01    0.8868276349E+03    0.9722470717E-01
        20    0.1177067906E+03    0.9451857322E+02    0.9189038520E+00    0.5743149075E+03    0.9443920206E-01
        21    0.1777489072E+03    0.1808581384E+03    0.1063169153E+01    0.8873934966E+03    0.9660677419E-01
        22    0.1956337281E+03    0.1837073433E+03    0.1064157693E+01    0.8882186000E+03    0.9645426923E-01
        23    0.2605553334E+03    0.2608899839E+03    0.1171721618E+01    0.1173044668E+04    0.9412804754E-01
        24    0.2590247442E+03    0.2547542267E+03    0.1171480439E+01    0.1172803216E+04    0.9473232065E-01
        25    0.1079419546E+03    0.1066769891E+03    0.9241109624E+00    0.5775693515E+03    0.9398732603E-01
        26    0.1750833160E+03    0.1879759926E+03    0.1069314727E+01    0.8925230123E+03    0.9675901571E-01
        27    0.1299731940E+03    0.1535661708E+03    0.1019305614E+01    0.7743577150E+03    0.9696278354E-01
        28    0.1169255214E+03    0.1078635752E+03    0.9239826108E+00    0.5774891318E+03    0.9384410949E-01
        29    0.1562825046E+03    0.1514364203E+03    0.1019757808E+01    0.7747012428E+03    0.9725128126E-01
        30    0.1770777058E+03    0.1828494255E+03    0.1068953378E+01    0.8922214059E+03    0.9723900945E-01
        31    0.1900791570E+03    0.1892041560E+03    0.1069579533E+01    0.8927440370E+03    0.9666987893E-01
        32    0.1509485565E+03    0.1532417826E+03    0.1019764758E+01    0.7747065230E+03    0.9706482350E-01
        33    0.1653278390E+03    0.1519166231E+03    0.1020152116E+01    0.7750007957E+03    0.9726011006E-01
        34    0.1854096194E+03    0.1812039337E+03    0.1037645106E+01    0.7882900695E+03    0.9682265838E-01
        35    0.1640343275E+03    0.1647738633E+03    0.9885820246E+00    0.6820059889E+03    0.9473266282E-01
        36    0.1464641946E+03    0.1501318956E+03    0.9404822066E+00    0.5878013791E+03    0.9202360999E-01
        37    0.1858012828E+03    0.1580064566E+03    0.9888184108E+00    0.6821690677E+03    0.9547150734E-01
        38    0.3048441671E+03    0.2974782970E+03    0.1264469127E+01    0.1506397943E+04    0.9077347439E-01
        39    0.3431197118E+03    0.3416894049E+03    0.1265658006E+01    0.1507814288E+04    0.8633291899E-01
        40    0.1196200687E+03    0.1075651959E+03    0.9600136332E+00    0.6622971397E+03    0.9631971081E-01
        41    0.9846246946E+02    0.8472726358E+02    0.9134650103E+00    0.5709156315E+03    0.9460916344E-01
        42    0.2754221649E+03    0.2622457797E+03    0.1210387620E+01    0.1323109695E+04    0.9360912036E-01
        43    0.1012461757E+03    0.8258877808E+02    0.9157902058E+00    0.5723688786E+03    0.9519331378E-01
        44    0.1252586322E+03    0.1083568042E+03    0.9629802880E+00    0.6643437846E+03    0.9668966202E-01
        45    0.1336360451E+03    0.1057112534E+03    0.9631311450E+00    0.6644478582E+03    0.9698740336E-01
        46    0.3342069804E+03    0.3113767065E+03    0.1212372083E+01    0.1325278969E+04    0.8876851363E-01
        47    0.2925690386E+03    0.2839929679E+03    0.1206012723E+01    0.1318327369E+04    0.9077347439E-01
        48    0.2499290681E+03    0.2507630189E+03    0.1154388183E+01    0.1155691661E+04    0.9281209470E-01
        49    0.2494959393E+03    0.2438090737E+03    0.1154199339E+01    0.1155502603E+04    0.9350848785E-01
        50    0.1635212792E+03    0.1324078823E+03    0.1006247439E+01    0.7644375319E+03    0.9721620806E-01
        51    0.3044292394E+03    0.2952214014E+03    0.1258385123E+01    0.1499149896E+04    0.9023562664E-01
        52    0.3466922574E+03    0.3401152721E+03    0.1259480247E+01    0.1500454549E+04    0.8571226402E-01
        53    0.8308542094E+02    0.1140876463E+03    0.9827802650E+00    0.7185711910E+03    0.9705041895E-01
        54    0.1161810959E+03    0.1261157314E+03    0.1001870840E+01    0.7611126677E+03    0.9721813697E-01
        55    0.1374857342E+03    0.1387027844E+03    0.1021157296E+01    0.8057422241E+03    0.9725839967E-01
        56    0.1810345920E+03    0.1650371062E+03    0.1060320452E+01    0.9015964185E+03    0.9699389103E-01
        57    0.2137989748E+03    0.1921004156E+03    0.1100275069E+01    0.1006820455E+04    0.9632582719E-01
        58    0.2531818108E+03    0.2447462730E+03    0.1182581008E+01    0.1248332630E+04    0.9401395449E-01
        59    0.2540849331E+03    0.2569693419E+03    0.1203661041E+01    0.1315756677E+04    0.9326972737E-01
        60    0.2565445535E+03    0.2686105865E+03    0.1224943996E+01    0.1386207383E+04    0.9247013568E-01
        61    0.2716754675E+03    0.2897496214E+03    0.1268121783E+01    0.1536628943E+04    0.9072440133E-01
        62    0.1656333067E+03    0.1775505694E+03    0.9860358221E+00    0.6670730530E+03    0.9368738272E-01
        63    0.1614262859E+03    0.1804498666E+03    0.1020149923E+01    0.7458944498E+03    0.9577578799E-01
        64    0.1638021596E+03    0.1844051969E+03    0.1037402964E+01    0.7881061166E+03    0.9645415056E-01
        65    0.1765848111E+03    0.2036313976E+03    0.1089949544E+01    0.9267902009E+03    0.9726008523E-01
        66    0.2133581471E+03    0.2206122726E+03    0.1125640033E+01    0.1030030983E+04    0.9694048031E-01
        67    0.2477361032E+03    0.2392797083E+03    0.1161861367E+01    0.1142632097E+04    0.9606949673E-01
        68    0.2563639819E+03    0.2583816612E+03    0.1198616644E+01    0.1265259849E+04    0.9474387830E-01
        69    0.2589913668E+03    0.2677362072E+03    0.1217195545E+01    0.1330551634E+04    0.9393702102E-01
        70    0.2636269676E+03    0.2767807213E+03    0.1235909202E+01    0.1398616154E+04    0.9304669892E-01
        71    0.2787418701E+03    0.2934349679E+03    0.1273742621E+01    0.1543439916E+04    0.9104928101E-01
        72    0.7419914298E+02    0.9501077450E+02    0.9499282936E+00    0.6426455842E+03    0.9673154553E-01
        73    0.1199555727E+03    0.1190100973E+03    0.9871909636E+00    0.7217961244E+03    0.9720220955E-01
        74    0.1275768211E+03    0.1317720778E+03    0.1006098669E+01    0.7643245127E+03    0.9726009138E-01
        75    0.1365911272E+03    0.1448865575E+03    0.1025191129E+01    0.8089251121E+03    0.9721068086E-01
        76    0.1664174620E+03    0.1717271594E+03    0.1063931886E+01    0.9046672406E+03    0.9682009853E-01
        77    0.1835905845E+03    0.1986708512E+03    0.1103416478E+01    0.1009695041E+04    0.9608631154E-01
        78    0.2269835653E+03    0.2248995126E+03    0.1143648294E+01    0.1124720457E+04    0.9505873443E-01
        79    0.2427378609E+03    0.2496299840E+03    0.1184630868E+01    0.1250496463E+04    0.9378109274E-01
        80    0.2489758592E+03    0.2611964645E+03    0.1205404835E+01    0.1317662869E+04    0.9306076829E-01
        81    0.2556213033E+03    0.2721069918E+03    0.1226367884E+01    0.1387818725E+04    0.9229207425E-01
        82    0.2752750396E+03    0.2915968085E+03    0.1268863172E+01    0.1537527311E+04    0.9062589969E-01
        83    0.3579410584E+03    0.3759934657E+03    0.1313812704E+01    0.1702701265E+04    0.8189303117E-01
        84    0.3560854796E+03    0.3679641523E+03    0.1313622956E+01    0.1702455351E+04    0.8270382486E-01
        85    0.3559526572E+03    0.3639784256E+03    0.1313528246E+01    0.1702332607E+04    0.8310623715E-01
        86    0.3545054002E+03    0.3600134711E+03    0.1313433646E+01    0.1702210005E+04    0.8350650559E-01
        87    0.3498113830E+03    0.3521504926E+03    0.1313244774E+01    0.1701965227E+04    0.8430013138E-01
        88    0.3429812803E+03    0.3443847358E+03    0.1313056339E+01    0.1701721016E+04    0.8508371352E-01
        89    0.3356323513E+03    0.3367261930E+03    0.1312868342E+01    0.1701477371E+04    0.8585621450E-01
        90    0.3316835756E+03    0.3291853417E+03    0.1312680781E+01    0.1701234292E+04    0.8661654583E-01
        91    0.3292392192E+03    0.3254624652E+03    0.1312587164E+01    0.1701112965E+04    0.8699179322E-01
        92    0.3269858934E+03    0.3217731759E+03    0.1312493656E+01    0.1700991779E+04    0.8736356576E-01
        93    0.3207503283E+03    0.3145012275E+03    0.1312306968E+01    0.1700749830E+04    0.8809607694E-01
        94    0.7685966542E+02    0.8379695558E+02    0.9125753208E+00    0.5703595755E+03    0.9456724294E-01
        95    0.9037831757E+02    0.9353546774E+02    0.9168284074E+00    0.5730177546E+03    0.9421812779E-01
        96    0.9507898511E+02    0.9851815347E+02    0.9189708904E+00    0.5743568065E+03    0.9403427221E-01
        97    0.1152563537E+03    0.1035776626E+03    0.9211241060E+00    0.5757025662E+03    0.9384410949E-01
        98    0.1250793226E+03    0.1139308236E+03    0.9254630573E+00    0.5784144108E+03    0.9344453140E-01
        99    0.1376933148E+03    0.1246024057E+03    0.9298459152E+00    0.5811536970E+03    0.9301872111E-01
       100    0.1448486749E+03    0.1356000401E+03    0.9342733469E+00    0.5839208418E+03    0.9256599001E-01
       101    0.1532934530E+03    0.1469315374E+03    0.9387460328E+00    0.5867162705E+03    0.9208563287E-01
       102    0.1533473073E+03    0.1527249763E+03    0.9409995627E+00    0.5881247267E+03    0.9183486951E-01
       103    0.1575849665E+03    0.1586048943E+03    0.9432646677E+00    0.5895404173E+03    0.9157692742E-01
       104    0.1621881784E+03    0.1706282966E+03    0.9478299604E+00    0.5923937252E+03    0.9103913388E-01
       105    0.8311168116E+02    0.7331055808E+02    0.9082637087E+00    0.5676648180E+03    0.9498491510E-01
       106    0.7247803067E+02    0.7248676271E+02    0.9082968133E+00    0.5676855083E+03    0.9507562356E-01
       107    0.6678121200E+02    0.7215756782E+02    0.9083634751E+00    0.5677271719E+03    0.9512019153E-01
       108    0.6475675694E+02    0.7188350749E+02    0.9084635605E+00    0.5677897253E+03    0.9516423808E-01
       109    0.7030410540E+02    0.7150085514E+02    0.9087640977E+00    0.5679775611E+03    0.9525077510E-01
       110    0.6625141588E+02    0.7133904724E+02    0.9091986905E+00    0.5682491815E+03    0.9533525090E-01
       111    0.6514082646E+02    0.7139850406E+02    0.9097677233E+00    0.5686048271E+03    0.9541768167E-01
       112    0.7365959505E+02    0.7167982753E+02    0.9104717007E+00    0.5690448129E+03    0.9549808349E-01
       113    0.6708569690E+02    0.7190392665E+02    0.9108744841E+00    0.5692965526E+03    0.9553752854E-01
       114    0.6606186028E+02    0.7218380103E+02    0.9113112477E+00    0.5695695298E+03    0.9557647231E-01
       115    0.7019308169E+02    0.7291139307E+02    0.9122871120E+00    0.5701794450E+03    0.9565286398E-01
       116    0.1593068290E+03    0.1682894948E+03    0.9473261177E+00    0.5920788235E+03    0.9120357093E-01
       117    0.1468949451E+03    0.1544828195E+03    0.9424977167E+00    0.5890610729E+03    0.9188559352E-01
       118    0.1388089549E+03    0.1479134788E+03    0.9401890509E+00    0.5876181568E+03    0.9220835130E-01
       119    0.1291537303E+03    0.1415623130E+03    0.9379494759E+00    0.5862184225E+03    0.9251920925E-01
       120    0.1235282770E+03    0.1295015289E+03    0.9336740093E+00    0.5835462558E+03    0.9310601456E-01
       121    0.1106958100E+03    0.1182752966E+03    0.9296644683E+00    0.5810402927E+03    0.9364755707E-01
       122    0.9736886424E+02    0.1078596636E+03    0.9259145132E+00    0.5786965707E+03    0.9414533717E-01
       123    0.9411222420E+02    0.9823184024E+02    0.9224182869E+00    0.5765114293E+03    0.9460080960E-01
       124    0.7726231874E+02    0.9370654116E+02    0.9207636178E+00    0.5754772611E+03    0.9481312293E-01
       125    0.6947861574E+02    0.8937015033E+02    0.9191703912E+00    0.5744814945E+03    0.9501538493E-01
       126    0.7451208676E+02    0.8125398486E+02    0.9161658651E+00    0.5726036657E+03    0.9539043098E-01
       127    0.8219213345E+02    0.8922557633E+02    0.9453479829E+00    0.6395469119E+03    0.9663113788E-01
       128    0.9923806785E+02    0.1126451809E+03    0.9831142850E+00    0.7188154136E+03    0.9725043219E-01
       129    0.1193451659E+03    0.1268288776E+03    0.1002292318E+01    0.7614328602E+03    0.9720681867E-01
       130    0.1672786173E+03    0.1762312932E+03    0.1061013054E+01    0.9021853411E+03    0.9593125631E-01
       131    0.2253661327E+03    0.2126606272E+03    0.1101155212E+01    0.1007625841E+04    0.9431466036E-01
       132    0.2698899312E+03    0.2500652824E+03    0.1142099295E+01    0.1123197095E+04    0.9223221453E-01
       133    0.2781444213E+03    0.2870809880E+03    0.1183850573E+01    0.1249672783E+04    0.8978726762E-01
       134    0.3348078087E+03    0.3224829899E+03    0.1226414489E+01    0.1387871466E+04    0.8706643051E-01
       135    0.3536124748E+03    0.3551600954E+03    0.1269796663E+01    0.1538658456E+04    0.8414217738E-01
       136    0.1815617150E+03    0.1706797316E+03    0.9862291919E+00    0.6672038715E+03    0.9443054388E-01
       137    0.1851328402E+03    0.1733680874E+03    0.1020537564E+01    0.7461778779E+03    0.9656952125E-01
       138    0.1879236927E+03    0.1791241655E+03    0.1037887849E+01    0.7884744794E+03    0.9707478499E-01
       139    0.1904213831E+03    0.1872551781E+03    0.1055369120E+01    0.8327369989E+03    0.9725804230E-01
       140    0.2062694130E+03    0.2091556492E+03    0.1090725467E+01    0.9274499727E+03    0.9679831049E-01
       141    0.2324792831E+03    0.2363956632E+03    0.1126608443E+01    0.1030917138E+04    0.9543784389E-01
       142    0.2927787662E+03    0.2981900362E+03    0.1199962771E+01    0.1266680821E+04    0.9078980558E-01
       143    0.3243674594E+03    0.3138353053E+03    0.1218633997E+01    0.1332124048E+04    0.8933924939E-01
       144    0.3451406716E+03    0.3291683268E+03    0.1237438928E+01    0.1400347268E+04    0.8780489254E-01
       145    0.3548500077E+03    0.3582196295E+03    0.1275451318E+01    0.1545510406E+04    0.8453630685E-01
       146    0.1243448504E+03    0.1339019480E+03    0.1006396712E+01    0.7645509336E+03    0.9708326656E-01
       147    0.1408027874E+03    0.1499265277E+03    0.1025560659E+01    0.8092166895E+03    0.9674172397E-01
       148    0.1693828405E+03    0.1842374552E+03    0.1064457315E+01    0.9051140156E+03    0.9559666530E-01
       149    0.2053585443E+03    0.2203158022E+03    0.1104115943E+01    0.1010335096E+04    0.9393702102E-01
       150    0.2357175677E+03    0.2568063220E+03    0.1144541053E+01    0.1125598441E+04    0.9186786429E-01
       151    0.2786727984E+03    0.2924908764E+03    0.1185737334E+01    0.1251664448E+04    0.8947793375E-01
       152    0.3365297414E+03    0.3262638165E+03    0.1227709661E+01    0.1389337147E+04    0.8684210289E-01
       153    0.3525696231E+03    0.3571111444E+03    0.1270463097E+01    0.1539465998E+04    0.8402345320E-01
