     Index       y_measurement           y_fitting        descriptor_1        descriptor_2        descriptor_3
         1    0.7301306667E+02    0.7917914964E+02    0.2353836848E-02    0.3172226667E+04    0.9369850530E+03
         2    0.1115410667E+03    0.1023107050E+03    0.2776342656E-02    0.2398448904E+04    0.9144463042E+03
         3    0.1163904667E+03    0.1110663766E+03    0.2963224183E-02    0.2267072071E+04    0.8841004221E+03
         4    0.8049570000E+02    0.9065636887E+02    0.2544681672E-02    0.2784120756E+04    0.9329811675E+03
         5    0.7687850000E+02    0.8878800210E+02    0.2499879069E-02    0.2798697386E+04    0.9422533968E+03
         6    0.1124396667E+03    0.1033359583E+03    0.2766797646E-02    0.2386751084E+04    0.9221099381E+03
         7    0.1151615000E+03    0.1119101438E+03    0.2954057069E-02    0.2254115300E+04    0.8911335845E+03
         8    0.1120797667E+03    0.1129585242E+03    0.2940341033E-02    0.2085587538E+04    0.9120096957E+03
         9    0.1183827000E+03    0.1204913070E+03    0.3088064184E-02    0.1980048381E+04    0.8901212210E+03
        10    0.1263473667E+03    0.1210361619E+03    0.2981381201E-02    0.1867448983E+04    0.9392196409E+03
        11    0.1167774333E+03    0.1240679337E+03    0.3062698064E-02    0.1789931856E+04    0.9250121568E+03
        12    0.1183212333E+03    0.1274771049E+03    0.3150857089E-02    0.1703778173E+04    0.9101603557E+03
        13    0.6767893333E+02    0.6875604699E+02    0.2103940809E-02    0.3642151984E+04    0.9599201431E+03
        14    0.6924846667E+02    0.7032634777E+02    0.2265224730E-02    0.3548782176E+04    0.9129357512E+03
        15    0.1178638333E+03    0.1207494963E+03    0.3128939566E-02    0.1834748332E+04    0.8867695858E+03
        16    0.1260300667E+03    0.1252601620E+03    0.3216129066E-02    0.1754613834E+04    0.8753803354E+03
        17    0.6395140000E+02    0.7528742402E+02    0.2243708407E-02    0.3544899789E+04    0.9370956596E+03
        18    0.7548660000E+02    0.7776012443E+02    0.2471282202E-02    0.3302361394E+04    0.8798331284E+03
        19    0.7241710000E+02    0.8298778893E+02    0.2315627736E-02    0.3044520949E+04    0.9726984753E+03
        20    0.1167479333E+03    0.1022807025E+03    0.2683239594E-02    0.2191308597E+04    0.9637258549E+03
        21    0.1084637000E+03    0.1189370309E+03    0.3108705069E-02    0.1519955005E+04    0.9116294082E+03
        22    0.1173802333E+03    0.1112661597E+03    0.2873839283E-02    0.2061691330E+04    0.9326317078E+03
        23    0.1055167333E+03    0.1030321580E+03    0.2712334467E-02    0.2310870669E+04    0.9466600333E+03
        24    0.1077780667E+03    0.1123254558E+03    0.2901764505E-02    0.2178650667E+04    0.9171794337E+03
        25    0.9370783333E+02    0.9245108708E+02    0.2477267314E-02    0.2660307200E+04    0.9725860595E+03
        26    0.8791373333E+02    0.9047576552E+02    0.2431614007E-02    0.2676068335E+04    0.9817365180E+03
        27    0.1162208000E+03    0.9949387348E+02    0.2650696110E-02    0.2183181948E+04    0.9672340660E+03
        28    0.1175302333E+03    0.1136227198E+03    0.3055398249E-02    0.1515608287E+04    0.9142941525E+03
        29    0.1218277333E+03    0.1087277896E+03    0.2842612470E-02    0.2052638537E+04    0.9365287453E+03
        30    0.1233274667E+03    0.1078123790E+03    0.2792192781E-02    0.1898175218E+04    0.9634462053E+03
        31    0.1119479000E+03    0.1138171244E+03    0.3039323616E-02    0.1506718129E+04    0.9214564735E+03
        32    0.1160802000E+03    0.1158990280E+03    0.2944085249E-02    0.1795247165E+04    0.9416270681E+03
        33    0.1127276667E+03    0.1107045333E+03    0.2861373814E-02    0.2156643696E+04    0.9283459774E+03
        34    0.1130756000E+03    0.1090199419E+03    0.2826753949E-02    0.2003687375E+04    0.9468938651E+03
        35    0.1132335667E+03    0.1172454965E+03    0.2977663512E-02    0.1897380462E+04    0.9261324291E+03
        36    0.1026179667E+03    0.1087414944E+03    0.2753522610E-02    0.1763502141E+04    0.9905537571E+03
        37    0.1001382000E+03    0.1018419932E+03    0.2776132714E-02    0.1626865395E+04    0.9701451027E+03
        38    0.1001710667E+03    0.9771361733E+02    0.2859924353E-02    0.1485750684E+04    0.9366409921E+03
        39    0.9148953333E+02    0.1068534933E+03    0.2868610742E-02    0.1544376882E+04    0.9586125703E+03
        40    0.9892276667E+02    0.1051412151E+03    0.2790096440E-02    0.1702656072E+04    0.9700723244E+03
        41    0.9586320000E+02    0.1097092567E+03    0.2882359227E-02    0.1614163259E+04    0.9576323378E+03
        42    0.6868523333E+02    0.7368507779E+02    0.2087291120E-02    0.3516465461E+04    0.9912168066E+03
        43    0.7368413333E+02    0.7549993197E+02    0.2249506758E-02    0.3413475964E+04    0.9453931179E+03
        44    0.1155646000E+03    0.1230096892E+03    0.3004685727E-02    0.1657078328E+04    0.9526444549E+03
        45    0.1175400000E+03    0.1269304287E+03    0.3093702619E-02    0.1578976600E+04    0.9385332881E+03
        46    0.7083120000E+02    0.7712013935E+02    0.2218048640E-02    0.3283922589E+04    0.9717145800E+03
        47    0.1189540667E+03    0.1236526741E+03    0.3208840657E-02    0.1552609789E+04    0.8878166334E+03
        48    0.7171576667E+02    0.7930854433E+02    0.2447399752E-02    0.3037498758E+04    0.9131727433E+03
        49    0.1173187667E+03    0.1226088333E+03    0.3084860659E-02    0.1778117331E+04    0.9130768990E+03
        50    0.1177421333E+03    0.1272201271E+03    0.3172694122E-02    0.1699994029E+04    0.9016279552E+03
        51    0.7212726667E+02    0.7998675547E+02    0.2223988513E-02    0.3418863442E+04    0.9687995879E+03
        52    0.6982910000E+02    0.8281683288E+02    0.2452927014E-02    0.3172097810E+04    0.9125041690E+03
        53    0.7875026667E+02    0.8129854955E+02    0.2365210704E-02    0.3327769744E+04    0.9281470885E+03
        54    0.9753893333E+02    0.9144658161E+02    0.2564662682E-02    0.2937422521E+04    0.9168740134E+03
        55    0.9081230000E+02    0.8939878608E+02    0.2520109143E-02    0.2950386744E+04    0.9255956819E+03
        56    0.1104217667E+03    0.1196470970E+03    0.3047853118E-02    0.2002475962E+04    0.9004377476E+03
        57    0.6689893333E+02    0.7187589506E+02    0.2108916530E-02    0.3792339433E+04    0.9570456738E+03
        58    0.7034353333E+02    0.7465710176E+02    0.2269923021E-02    0.3711515116E+04    0.9131405453E+03
        59    0.1323314333E+03    0.1292471443E+03    0.3075229793E-02    0.1652042538E+04    0.9473510024E+03
        60    0.1293472000E+03    0.1215604187E+03    0.2966048592E-02    0.1856180606E+04    0.9473510024E+03
        61    0.1096154000E+03    0.1129399574E+03    0.2844454618E-02    0.2080920011E+04    0.9473510024E+03
        62    0.9314260000E+02    0.1038947281E+03    0.2714609188E-02    0.2327891465E+04    0.9473510024E+03
        63    0.8257986667E+02    0.9484407509E+02    0.2579863468E-02    0.2598820632E+04    0.9473510024E+03
        64    0.7522936667E+02    0.8613355403E+02    0.2442897479E-02    0.2895531748E+04    0.9473510024E+03
        65    0.7383243333E+02    0.7804812966E+02    0.2305835822E-02    0.3219951298E+04    0.9473510024E+03
        66    0.7589846667E+02    0.7431506155E+02    0.2237805257E-02    0.3393182646E+04    0.9473510024E+03
        67    0.7789620000E+02    0.7082319025E+02    0.2170344118E-02    0.3574111776E+04    0.9473510024E+03
        68    0.7840820000E+02    0.6465374951E+02    0.2037709442E-02    0.3960155496E+04    0.9473510024E+03
        69    0.1073171667E+03    0.1059024062E+03    0.2734540800E-02    0.1554370219E+04    0.1003819336E+04
        70    0.1140277000E+03    0.1066286296E+03    0.2702047768E-02    0.1746439204E+04    0.1003819336E+04
        71    0.1140622333E+03    0.1059683540E+03    0.2675316716E-02    0.1849648610E+04    0.1003819336E+04
        72    0.1204607667E+03    0.1047685450E+03    0.2642804824E-02    0.1957891530E+04    0.1003819336E+04
        73    0.1132415667E+03    0.1011196294E+03    0.2563538886E-02    0.2190261499E+04    0.1003819336E+04
        74    0.9731303333E+02    0.9633686061E+02    0.2469701233E-02    0.2445172749E+04    0.1003819336E+04
        75    0.8288196667E+02    0.9095857576E+02    0.2365695014E-02    0.2724341663E+04    0.1003819336E+04
        76    0.8378776667E+02    0.8542765285E+02    0.2255061472E-02    0.3029580830E+04    0.1003819336E+04
        77    0.8411906667E+02    0.8272159854E+02    0.2198168621E-02    0.3192570367E+04    0.1003819336E+04
        78    0.7972536667E+02    0.7530348891E+02    0.2024658227E-02    0.3726022558E+04    0.1003819336E+04
        79    0.1177511000E+03    0.1198046112E+03    0.3042846552E-02    0.2003102539E+04    0.9027299217E+03
        80    0.1165381667E+03    0.1157348524E+03    0.2973943187E-02    0.2121479991E+04    0.9060245564E+03
        81    0.1148520667E+03    0.1116111625E+03    0.2903394561E-02    0.2245630702E+04    0.9093191912E+03
        82    0.9885580000E+02    0.9554221393E+02    0.2612341292E-02    0.2804524618E+04    0.9224977302E+03
        83    0.8333353333E+02    0.8832204807E+02    0.2465747379E-02    0.3124721256E+04    0.9290869997E+03
        84    0.8251083333E+02    0.8198822787E+02    0.2320919088E-02    0.3474819529E+04    0.9356762692E+03
        85    0.8122306667E+02    0.7674344835E+02    0.2179200940E-02    0.3857012808E+04    0.9422655387E+03
        86    0.7805130000E+02    0.7275632605E+02    0.2041612712E-02    0.4273612978E+04    0.9488548082E+03
        87    0.7565850000E+02    0.6821697095E+02    0.2107313467E-02    0.3937236045E+04    0.9350974622E+03
        88    0.7168876667E+02    0.6793707647E+02    0.2086036493E-02    0.3937236045E+04    0.9419731788E+03
        89    0.6723246667E+02    0.6763630728E+02    0.2064575301E-02    0.3937236045E+04    0.9488488955E+03
        90    0.6564466667E+02    0.6731429869E+02    0.2042926673E-02    0.3937236045E+04    0.9557246121E+03
        91    0.6549303333E+02    0.6660505621E+02    0.1999053808E-02    0.3937236045E+04    0.9694760454E+03
        92    0.6527446667E+02    0.6621704346E+02    0.1976822698E-02    0.3937236045E+04    0.9763517620E+03
        93    0.6491693333E+02    0.6601451362E+02    0.1965631924E-02    0.3937236045E+04    0.9797896203E+03
        94    0.6509713333E+02    0.6580623280E+02    0.1954390398E-02    0.3937236045E+04    0.9832274786E+03
        95    0.6360703333E+02    0.6537220805E+02    0.1931753235E-02    0.3937236045E+04    0.9901031953E+03
        96    0.1331329333E+03    0.1282953538E+03    0.3124615223E-02    0.1409417863E+04    0.9441910201E+03
        97    0.1303768667E+03    0.1234782221E+03    0.3082104375E-02    0.1409417863E+04    0.9441910201E+03
        98    0.1131955333E+03    0.1186305053E+03    0.3039323616E-02    0.1409417863E+04    0.9441910201E+03
        99    0.1089584667E+03    0.1137518124E+03    0.2996269495E-02    0.1409417863E+04    0.9441910201E+03
       100    0.1032596000E+03    0.1088417450E+03    0.2952938497E-02    0.1409417863E+04    0.9441910201E+03
       101    0.1006016333E+03    0.1038998970E+03    0.2909327037E-02    0.1409417863E+04    0.9441910201E+03
       102    0.9690393333E+02    0.9892585448E+02    0.2865431462E-02    0.1409417863E+04    0.9441910201E+03
       103    0.9634486667E+02    0.9642662850E+02    0.2843375969E-02    0.1409417863E+04    0.9441910201E+03
       104    0.9246266667E+02    0.8887948787E+02    0.2776772985E-02    0.1409417863E+04    0.9441910201E+03
       105    0.1244155333E+03    0.1275943120E+03    0.3179481365E-02    0.1618894805E+04    0.9063590661E+03
       106    0.1249338000E+03    0.1270710227E+03    0.3192079586E-02    0.1618894805E+04    0.9000649059E+03
       107    0.1282895000E+03    0.1268083784E+03    0.3198369875E-02    0.1618894805E+04    0.8969178258E+03
       108    0.1282394333E+03    0.1265450693E+03    0.3204654297E-02    0.1618894805E+04    0.8937707457E+03
       109    0.1238324333E+03    0.1260164615E+03    0.3217205583E-02    0.1618894805E+04    0.8874765856E+03
       110    0.1256808333E+03    0.1249513226E+03    0.3242238232E-02    0.1618894805E+04    0.8748882652E+03
       111    0.1205031000E+03    0.1244148111E+03    0.3254719768E-02    0.1618894805E+04    0.8685941050E+03
       112    0.1237962000E+03    0.1241455740E+03    0.3260951876E-02    0.1618894805E+04    0.8654470249E+03
       113    0.1263286333E+03    0.1238756843E+03    0.3267178225E-02    0.1618894805E+04    0.8622999448E+03
       114    0.1243047333E+03    0.1233339521E+03    0.3279613689E-02    0.1618894805E+04    0.8560057846E+03
       115    0.9942550000E+02    0.9578179201E+02    0.2790146354E-02    0.1539336880E+04    0.9519507771E+03
       116    0.1039796667E+03    0.1002650312E+03    0.2847792847E-02    0.1539336880E+04    0.9453400078E+03
       117    0.1065988000E+03    0.1024858122E+03    0.2876432194E-02    0.1539336880E+04    0.9420346232E+03
       118    0.1094606333E+03    0.1046928576E+03    0.2904950326E-02    0.1539336880E+04    0.9387292385E+03
       119    0.1100665000E+03    0.1090662035E+03    0.2961627018E-02    0.1539336880E+04    0.9321184692E+03
       120    0.1200650667E+03    0.1176530666E+03    0.3073569926E-02    0.1539336880E+04    0.9188969307E+03
       121    0.1181213667E+03    0.1218683349E+03    0.3128851594E-02    0.1539336880E+04    0.9122861614E+03
       122    0.1254120333E+03    0.1239568004E+03    0.3156323267E-02    0.1539336880E+04    0.9089807767E+03
       123    0.1295430000E+03    0.1260326257E+03    0.3183683390E-02    0.1539336880E+04    0.9056753921E+03
       124    0.1281758000E+03    0.1301467621E+03    0.3238072577E-02    0.1539336880E+04    0.8990646228E+03
       125    0.1324569000E+03    0.1282359268E+03    0.3148420906E-02    0.1517789879E+04    0.9272713113E+03
       126    0.1310257333E+03    0.1243163073E+03    0.3093457590E-02    0.1705338739E+04    0.9208319272E+03
       127    0.1248918667E+03    0.1212947624E+03    0.3055187177E-02    0.1806119229E+04    0.9176122351E+03
       128    0.1208332667E+03    0.1177202792E+03    0.3011041621E-02    0.1911814775E+04    0.9143925431E+03
       129    0.1109500000E+03    0.1093106338E+03    0.2908483627E-02    0.2138716179E+04    0.9079531590E+03
       130    0.9142540000E+02    0.9978972038E+02    0.2791660675E-02    0.2387628383E+04    0.9015137749E+03
       131    0.8069620000E+02    0.8972951227E+02    0.2665280933E-02    0.2660227373E+04    0.8950743908E+03
       132    0.9159523333E+02    0.7959600603E+02    0.2533098303E-02    0.2958283083E+04    0.8886350067E+03
       133    0.8447216667E+02    0.7462338139E+02    0.2465786751E-02    0.3117436845E+04    0.8854153146E+03
       134    0.7063323333E+02    0.6976909912E+02    0.2398087144E-02    0.3283662833E+04    0.8821956226E+03
       135    0.6796646667E+02    0.6055884162E+02    0.2262584980E-02    0.3638334845E+04    0.8757562384E+03
       136    0.9883910000E+02    0.1068815928E+03    0.2811911718E-02    0.1416170701E+04    0.9889255260E+03
       137    0.1059929000E+03    0.1114566018E+03    0.2835627283E-02    0.1591162776E+04    0.9820579876E+03
       138    0.1099493000E+03    0.1119785409E+03    0.2830580065E-02    0.1685195803E+04    0.9786242185E+03
       139    0.1138922667E+03    0.1115415463E+03    0.2816141474E-02    0.1783814813E+04    0.9751904493E+03
       140    0.1143839667E+03    0.1083480390E+03    0.2763863557E-02    0.1995524699E+04    0.9683229109E+03
       141    0.1074090000E+03    0.1028551302E+03    0.2687133968E-02    0.2227771714E+04    0.9614553725E+03
       142    0.1007096000E+03    0.9585523868E+02    0.2592629015E-02    0.2482119638E+04    0.9545878341E+03
       143    0.9387423333E+02    0.8799059366E+02    0.2485681844E-02    0.2760219900E+04    0.9477202958E+03
       144    0.7212493333E+02    0.7978234579E+02    0.2370538685E-02    0.3063814801E+04    0.9408527574E+03
       145    0.7295700000E+02    0.7165395423E+02    0.2250564579E-02    0.3394740787E+04    0.9339852190E+03
       146    0.1322593000E+03    0.1289596001E+03    0.3245855450E-02    0.1654630218E+04    0.8838517945E+03
       147    0.1247315333E+03    0.1248881510E+03    0.3168514046E-02    0.1859088039E+04    0.8838517945E+03
       148    0.1238607000E+03    0.1186710206E+03    0.3068057999E-02    0.2084179465E+04    0.8838517945E+03
       149    0.1190111667E+03    0.1110816227E+03    0.2950981827E-02    0.2331537762E+04    0.8838517945E+03
       150    0.1090786333E+03    0.1027510009E+03    0.2822504379E-02    0.2602891300E+04    0.8838517945E+03
       151    0.1036082667E+03    0.9419422577E+02    0.2686801055E-02    0.2900067170E+04    0.8838517945E+03
       152    0.8489250000E+02    0.8183377172E+02    0.2476768180E-02    0.3398497565E+04    0.8838517945E+03
       153    0.7258806667E+02    0.7800800493E+02    0.2406303037E-02    0.3579710093E+04    0.8838517945E+03
