	 Y 	 Y_pred 	 diff
    0.6448746667E+02    0.6175551937E+02    0.2731947292E+01
    0.3551316667E+02    0.2466651840E+02    0.1084664826E+02
    0.2607280000E+02    0.4065946744E+02   -0.1458666744E+02
    0.7808313333E+02    0.9159491691E+02   -0.1351178357E+02
    0.1068950000E+02    0.2300549324E+02   -0.1231599324E+02
    0.4136713333E+02    0.4877528279E+02   -0.7408149456E+01
    0.6935780000E+02    0.7912381434E+02   -0.9766014340E+01
    0.1222562000E+03    0.1281001972E+03   -0.5843997194E+01
    0.1137695667E+03    0.1192838321E+03   -0.5514265466E+01
    0.2498340000E+02    0.2886643744E+02   -0.3883037445E+01
    0.5834003333E+02    0.4448005540E+02    0.1385997794E+02
    0.1301593333E+02    0.1860165733E+02   -0.5585724000E+01
    0.3220636667E+02    0.3465780496E+02   -0.2451438297E+01
    0.1105675667E+03    0.1142550230E+03   -0.3687456325E+01
    0.2881536667E+02    0.4496668469E+02   -0.1615131803E+02
    0.8769866667E+02    0.9995198682E+02   -0.1225332015E+02
    0.1218290333E+03    0.1244455324E+03   -0.2616499034E+01
    0.4091123333E+02    0.3391173458E+02    0.6999498756E+01
    0.1317270667E+03    0.1163903101E+03    0.1533675652E+02
    0.9909350000E+02    0.9470981052E+02    0.4383689479E+01
    0.6916680000E+02    0.6677299517E+02    0.2393804832E+01
    0.4979963333E+02    0.3465325408E+02    0.1514637925E+02
    0.3288510000E+02    0.4410989580E+02   -0.1122479580E+02
    0.7547280000E+02    0.8618081028E+02   -0.1070801028E+02
    0.7631323333E+02    0.8861501355E+02   -0.1230178022E+02
    0.3218210000E+02    0.3973089672E+02   -0.7548796718E+01
    0.3413013333E+02    0.2992218185E+02    0.4207951487E+01
    0.6338693333E+02    0.4678217177E+02    0.1660476157E+02
    0.1739346667E+02    0.2061085457E+02   -0.3217387905E+01
    0.4744456667E+02    0.4238422755E+02    0.5060339120E+01
    0.4271046667E+02    0.4084370971E+02    0.1866756955E+01
    0.4469730000E+02    0.6479033840E+02   -0.2009303840E+02
    0.1150665667E+03    0.1114923546E+03    0.3574212099E+01
    0.6905330000E+02    0.8314299152E+02   -0.1408969152E+02
    0.5629570000E+02    0.4878337432E+02    0.7512325684E+01
    0.1236949333E+03    0.1055763744E+03    0.1811855893E+02
    0.6419260000E+02    0.7362596367E+02   -0.9433363672E+01
    0.6074053333E+02    0.5293938971E+02    0.7801143624E+01
    0.5040940000E+02    0.5203049176E+02   -0.1621091762E+01
    0.6252836667E+02    0.5991187840E+02    0.2616488266E+01
    0.7978300000E+02    0.9218447582E+02   -0.1240147582E+02
    0.2953980000E+02    0.3556085860E+02   -0.6021058603E+01
    0.6125163333E+02    0.6568260959E+02   -0.4430976261E+01
    0.1227551333E+03    0.1292239132E+03   -0.6468779850E+01
    0.1092017667E+03    0.1151287608E+03   -0.5926994094E+01
    0.1519966667E+02    0.1992823035E+02   -0.4728563681E+01
    0.2608033333E+02    0.3078309452E+02   -0.4702761182E+01
    0.2318960000E+02    0.2699739485E+02   -0.3807794855E+01
    0.9001296667E+02    0.9961199518E+02   -0.9599028509E+01
    0.6961473333E+02    0.5789947751E+02    0.1171525583E+02
    0.1186644000E+03    0.1181264363E+03    0.5379636727E+00
    0.4909853333E+02    0.3849246823E+02    0.1060606511E+02
    0.6544593333E+02    0.5676322490E+02    0.8682708437E+01
    0.5754726667E+02    0.6211415416E+02   -0.4566887498E+01
    0.6109540000E+02    0.5293959217E+02    0.8155807825E+01
    0.6641613333E+02    0.5653813680E+02    0.9877996535E+01
    0.4331223333E+02    0.3851599330E+02    0.4796240029E+01
    0.1270568667E+03    0.1093860065E+03    0.1767086021E+02
    0.1048403333E+03    0.8376385529E+02    0.2107647804E+02
    0.1511233333E+02    0.2907196477E+02   -0.1395963144E+02
    0.6859230000E+02    0.6786871899E+02    0.7235810114E+00
    0.4609493333E+02    0.6589520028E+02   -0.1980026695E+02
    0.3464173333E+02    0.5378914528E+02   -0.1914741195E+02
    0.9820813333E+02    0.1053248486E+03   -0.7116715219E+01
    0.8448030000E+02    0.1003090337E+03   -0.1582873368E+02
    0.1662153333E+02    0.2666864661E+02   -0.1004711328E+02
    0.2838256667E+02    0.3874765634E+02   -0.1036508968E+02
    0.9953940000E+02    0.1052963568E+03   -0.5756956784E+01
    0.9851213333E+02    0.8200943309E+02    0.1650270025E+02
    0.5078230000E+02    0.4663194389E+02    0.4150356113E+01
    0.4755836667E+02    0.5185533486E+02   -0.4296968193E+01
    0.6976280000E+02    0.5627388930E+02    0.1348891070E+02
    0.1298107667E+03    0.1195878351E+03    0.1022293159E+02
    0.1119227000E+03    0.9168487778E+02    0.2023782222E+02
    0.7535336667E+02    0.8077987886E+02   -0.5426512195E+01
    0.1040530000E+03    0.1069607660E+03   -0.2907765992E+01
    0.1408233333E+02    0.2442084187E+02   -0.1033850854E+02
    0.2335330000E+02    0.2732078139E+02   -0.3967481385E+01
    0.3871113333E+02    0.3303032698E+02    0.5680806357E+01
    0.1596020000E+02    0.2048965679E+02   -0.4529456788E+01
    0.1194016667E+02    0.1640118679E+02   -0.4461020127E+01
    0.5977913333E+02    0.4679734632E+02    0.1298178702E+02
    0.2911583333E+02    0.4807186939E+02   -0.1895603606E+02
    0.8876800000E+02    0.8721488449E+02    0.1553115513E+01
    0.6873096667E+02    0.6592619779E+02    0.2804768877E+01
    0.4487846667E+02    0.4457921339E+02    0.2992532810E+00
    0.1155721667E+03    0.9097117971E+02    0.2460098696E+02
    0.4379320000E+02    0.1973727968E+02    0.2405592032E+02
    0.4094110000E+02    0.2523221580E+02    0.1570888420E+02
    0.1067330000E+03    0.7482384271E+02    0.3190915729E+02
    0.4281686667E+02    0.2700439372E+02    0.1581247294E+02
    0.1050881333E+03    0.8147455689E+02    0.2361357644E+02
    0.3710063333E+02    0.1657698726E+02    0.2052364608E+02
    0.1283589667E+03    0.1087271296E+03    0.1963183710E+02
    0.1167444000E+03    0.8952552134E+02    0.2721887866E+02
    0.1322718667E+03    0.1143829492E+03    0.1788891743E+02
    0.6211446667E+02    0.7638605148E+02   -0.1427158481E+02
    0.4574376667E+02    0.3882738075E+02    0.6916385920E+01
    0.5412566667E+02    0.4491095726E+02    0.9214709402E+01
    0.1339103333E+02    0.1402919341E+02   -0.6381600789E+00
    0.1242090000E+02    0.1124792016E+02    0.1172979844E+01
    0.7560066667E+02    0.9302600766E+02   -0.1742534100E+02
    0.6408266667E+02    0.6085426102E+02    0.3228405646E+01
    0.1185663333E+03    0.1018270128E+03    0.1673932049E+02
    0.3968340000E+02    0.3055159786E+02    0.9131802143E+01
    0.4298803333E+02    0.3102266456E+02    0.1196536877E+02
    0.5702396667E+02    0.5943990030E+02   -0.2415933632E+01
    0.6892443333E+02    0.7353241412E+02   -0.4607980784E+01
    0.4623996667E+02    0.2997188978E+02    0.1626807688E+02
    0.5990580000E+02    0.3981895282E+02    0.2008684718E+02
    0.5238350000E+02    0.6317671918E+02   -0.1079321918E+02
    0.8207633333E+02    0.9616806539E+02   -0.1409173205E+02
    0.1053764667E+03    0.1101887041E+03   -0.4812237423E+01
    0.1395766667E+02    0.1457916799E+02   -0.6215013205E+00
    0.2272800000E+02    0.4240118134E+02   -0.1967318134E+02
    0.6801640000E+02    0.7051766675E+02   -0.2501266747E+01
    0.9811226667E+02    0.1097701338E+03   -0.1165786718E+02
    0.1239530333E+03    0.1277514040E+03   -0.3798370658E+01
    0.5756113333E+02    0.7515358427E+02   -0.1759245094E+02
    0.3941803333E+02    0.3038778016E+02    0.9030253178E+01
    0.6653600000E+02    0.7031464430E+02   -0.3778644302E+01
    0.6024150000E+02    0.5932185224E+02    0.9196477563E+00
    0.1506720000E+02    0.3679310054E+02   -0.2172590054E+02
    0.5943460000E+02    0.5552888898E+02    0.3905711024E+01
    0.7244110000E+02    0.8358682304E+02   -0.1114572304E+02
    0.1244658000E+03    0.1334992493E+03   -0.9033449266E+01
    0.1211050000E+03    0.1265505291E+03   -0.5445529124E+01
    0.1179466667E+03    0.1230253716E+03   -0.5078704978E+01
    0.1067584667E+03    0.1122358753E+03   -0.5477408669E+01
    0.1577603333E+02    0.1923533663E+02   -0.3459303293E+01
    0.1529943333E+02    0.1708421074E+02   -0.1784777402E+01
    0.3855643333E+02    0.3806540054E+02    0.4910327978E+00
    0.1569666667E+02    0.2526815229E+02   -0.9571485625E+01
    0.4475480000E+02    0.6334045481E+02   -0.1858565481E+02
    0.6879203333E+02    0.8783319552E+02   -0.1904116219E+02
    0.1128509667E+03    0.1123604482E+03    0.4905184191E+00
    0.5741510000E+02    0.4773604758E+02    0.9679052423E+01
    0.9577526667E+02    0.7793527166E+02    0.1783999501E+02
    0.6416440000E+02    0.6100375613E+02    0.3160643872E+01
    0.5631520000E+02    0.5777781557E+02   -0.1462615570E+01
    0.5462010000E+02    0.5051485244E+02    0.4105247565E+01
    0.5625880000E+02    0.4239035478E+02    0.1386844522E+02
    0.4263683333E+02    0.3432859319E+02    0.8308240140E+01
    0.9410970000E+02    0.8102654816E+02    0.1308315184E+02
    0.9391083333E+02    0.7656325308E+02    0.1734758025E+02
    0.7601236667E+02    0.8351531057E+02   -0.7502943906E+01
    0.2761040000E+02    0.3107823756E+02   -0.3467837559E+01
    0.4472750000E+02    0.5670303486E+02   -0.1197553486E+02
    0.5592400000E+02    0.4250543855E+02    0.1341856145E+02
    0.1462273333E+02    0.1949477361E+02   -0.4872040279E+01
    0.1876863333E+02    0.3165412159E+02   -0.1288548826E+02
    0.1240794333E+03    0.1230218841E+03    0.1057549204E+01
    0.3478613333E+02    0.5040978964E+02   -0.1562365631E+02
    0.1129134333E+03    0.9283382608E+02    0.2007960725E+02
    0.7081320000E+02    0.6919936867E+02    0.1613831326E+01
    0.9879613333E+02    0.9061743723E+02    0.8178696099E+01
    0.1171394000E+03    0.9893726152E+02    0.1820213848E+02
    0.7457800000E+02    0.7582583567E+02   -0.1247835674E+01
    0.7547360000E+02    0.7984659183E+02   -0.4372991826E+01
    0.5415630000E+02    0.6055803289E+02   -0.6401732890E+01
    0.5043943333E+02    0.7108123390E+02   -0.2064180057E+02
    0.6651516667E+02    0.7427979237E+02   -0.7764625702E+01
    0.7973906667E+02    0.9156539466E+02   -0.1182632799E+02
    0.1005121667E+03    0.1039466792E+03   -0.3434512521E+01
    0.4908086667E+02    0.3872787706E+02    0.1035298960E+02
    0.5274676667E+02    0.4410219250E+02    0.8644574170E+01
    0.1263756667E+02    0.2321353070E+02   -0.1057596403E+02
    0.1576773333E+02    0.1899235353E+02   -0.3224620199E+01
    0.6769980000E+02    0.7620191911E+02   -0.8502119108E+01
    0.6587150000E+02    0.7464765621E+02   -0.8776156214E+01
