	 Y 	 Y_pred 	 diff
    0.3628066791E+00    0.3515274547E+00    0.1127922442E-01
    0.4069873114E+00    0.4061262444E+00    0.8610669621E-03
    0.4008107104E+00    0.3998341143E+00    0.9765961866E-03
    0.3275040021E+00    0.3281241371E+00   -0.6201350129E-03
    0.4357322360E+00    0.4106479623E+00    0.2508427368E-01
    0.3713716119E+00    0.3669537470E+00    0.4417864876E-02
    0.3325398245E+00    0.3193531363E+00    0.1318668817E-01
    0.3016141520E+00    0.2949322729E+00    0.6681879043E-02
    0.3013730675E+00    0.2997927933E+00    0.1580274211E-02
    0.4152703718E+00    0.4027143529E+00    0.1255601896E-01
    0.3628786252E+00    0.3621980435E+00    0.6805817491E-03
    0.4347549284E+00    0.4241216838E+00    0.1063324463E-01
    0.3985197223E+00    0.4073826654E+00   -0.8862943106E-02
    0.3119917446E+00    0.3206167809E+00   -0.8625036289E-02
    0.4011696531E+00    0.3982487076E+00    0.2920945537E-02
    0.3303320639E+00    0.3264712116E+00    0.3860852284E-02
    0.3034393990E+00    0.2947267453E+00    0.8712653655E-02
    0.3980037053E+00    0.4108892923E+00   -0.1288558703E-01
    0.3018713204E+00    0.3038901248E+00   -0.2018804460E-02
    0.3309396823E+00    0.3296823564E+00    0.1257325905E-02
    0.3572480509E+00    0.3631887094E+00   -0.5940658462E-02
    0.3875508766E+00    0.4060139784E+00   -0.1846310187E-01
    0.3863661790E+00    0.3897359029E+00   -0.3369723853E-02
    0.3300178520E+00    0.3337196076E+00   -0.3701755612E-02
    0.3296708943E+00    0.3299876101E+00   -0.3167158213E-03
    0.3897969196E+00    0.3874582392E+00    0.2338680382E-02
    0.3955196646E+00    0.4065929092E+00   -0.1107324465E-01
    0.3593327157E+00    0.3540978980E+00    0.5234817692E-02
    0.4236008781E+00    0.4274904664E+00   -0.3889588325E-02
    0.3786976367E+00    0.3752946307E+00    0.3403006044E-02
    0.3852582334E+00    0.3790685829E+00    0.6189650421E-02
    0.3729094357E+00    0.3678955184E+00    0.5013917297E-02
    0.3050923527E+00    0.3044751153E+00    0.6172374080E-03
    0.3578429254E+00    0.3437090600E+00    0.1413386541E-01
    0.3755429960E+00    0.3728045458E+00    0.2738450204E-02
    0.3091608525E+00    0.3103054764E+00   -0.1144623901E-02
    0.3721079413E+00    0.3422142529E+00    0.2989368842E-01
    0.3635729881E+00    0.3605476871E+00    0.3025301021E-02
    0.3567211668E+00    0.3777722085E+00   -0.2105104167E-01
    0.3390427691E+00    0.3628674463E+00   -0.2382467718E-01
    0.3239659235E+00    0.3086139862E+00    0.1535193722E-01
    0.3949555381E+00    0.4006256056E+00   -0.5670067416E-02
    0.3390596413E+00    0.3500203417E+00   -0.1096070038E-01
    0.3030667899E+00    0.2958089656E+00    0.7257824287E-02
    0.3033088718E+00    0.2987019704E+00    0.4606901320E-02
    0.4351999837E+00    0.4260165545E+00    0.9183429231E-02
    0.4102602803E+00    0.4029089379E+00    0.7351342386E-02
    0.4122228352E+00    0.4104532075E+00    0.1769627731E-02
    0.3277539599E+00    0.3194456062E+00    0.8308353709E-02
    0.3562631232E+00    0.3822074561E+00   -0.2594433287E-01
    0.3046814166E+00    0.3206664806E+00   -0.1598506403E-01
    0.3834306331E+00    0.3924744260E+00   -0.9043792884E-02
    0.3614909000E+00    0.3660460033E+00   -0.4555103282E-02
    0.3741920109E+00    0.3538815141E+00    0.2031049680E-01
    0.3622700519E+00    0.3688383893E+00   -0.6568337427E-02
    0.3556002005E+00    0.3704543461E+00   -0.1485414565E-01
    0.3925031194E+00    0.4006861405E+00   -0.8183021067E-02
    0.3055190544E+00    0.3148213001E+00   -0.9302245763E-02
    0.3144476998E+00    0.3274598722E+00   -0.1301217240E-01
    0.4319090039E+00    0.4225250183E+00    0.9383985597E-02
    0.3291813919E+00    0.3413067465E+00   -0.1212535457E-01
    0.3805400206E+00    0.3550565334E+00    0.2548348722E-01
    0.3916388568E+00    0.3767899423E+00    0.1484891455E-01
    0.3195057973E+00    0.3141523420E+00    0.5353455304E-02
    0.3368855359E+00    0.3308964867E+00    0.5989049188E-02
    0.4244004781E+00    0.4219242400E+00    0.2476238072E-02
    0.4017700433E+00    0.4029619317E+00   -0.1191888412E-02
    0.3187693157E+00    0.3194759386E+00   -0.7066229218E-03
    0.3219133907E+00    0.3374956009E+00   -0.1558221020E-01
    0.3841229241E+00    0.3851207881E+00   -0.9978639916E-03
    0.3923032117E+00    0.3745294101E+00    0.1777380159E-01
    0.3498298330E+00    0.3591962656E+00   -0.9366432640E-02
    0.3047319468E+00    0.3055760652E+00   -0.8441184175E-03
    0.3153730631E+00    0.3181127364E+00   -0.2739673308E-02
    0.3301994043E+00    0.3434520969E+00   -0.1325269259E-01
    0.3048279490E+00    0.3065686324E+00   -0.1740683306E-02
    0.4320800811E+00    0.4132254886E+00    0.1885459244E-01
    0.4194647730E+00    0.4059055218E+00    0.1355925119E-01
    0.3875387003E+00    0.3912655882E+00   -0.3726887934E-02
    0.4302033384E+00    0.4241538663E+00    0.6049472048E-02
    0.4367499704E+00    0.4238666571E+00    0.1288331329E-01
    0.3650326136E+00    0.3815818974E+00   -0.1654928385E-01
    0.4019375123E+00    0.3983311160E+00    0.3606396276E-02
    0.3223677406E+00    0.3419770717E+00   -0.1960933109E-01
    0.3594206178E+00    0.3723645589E+00   -0.1294394106E-01
    0.3981010400E+00    0.3614127389E+00    0.3668830104E-01
    0.3065872278E+00    0.2835166901E+00    0.2307053769E-01
    0.3946135729E+00    0.4171624831E+00   -0.2254891022E-01
    0.4021863310E+00    0.4021354163E+00    0.5091476632E-04
    0.3076766726E+00    0.3122891747E+00   -0.4612502097E-02
    0.3904139452E+00    0.4116348987E+00   -0.2122095351E-01
    0.3131120344E+00    0.3280124093E+00   -0.1490037497E-01
    0.4057369914E+00    0.4270268522E+00   -0.2128986079E-01
    0.3035142463E+00    0.3018149175E+00    0.1699328780E-02
    0.3057408244E+00    0.3193578092E+00   -0.1361698477E-01
    0.3022545026E+00    0.2867897150E+00    0.1546478762E-01
    0.3485184075E+00    0.3419665459E+00    0.6551861653E-02
    0.3773174658E+00    0.3958176602E+00   -0.1850019438E-01
    0.3658986417E+00    0.3822749449E+00   -0.1637630323E-01
    0.4361630142E+00    0.4314230555E+00    0.4739958730E-02
    0.4349348493E+00    0.4331995429E+00    0.1735306423E-02
    0.3469210390E+00    0.3364320769E+00    0.1048896215E-01
    0.3692808565E+00    0.3642174045E+00    0.5063451978E-02
    0.3092389430E+00    0.3167330323E+00   -0.7494089296E-02
    0.4010305618E+00    0.4003212693E+00    0.7092925359E-03
    0.3928852735E+00    0.4002309757E+00   -0.7345702179E-02
    0.3763802550E+00    0.3630798612E+00    0.1330039380E-01
    0.3616999086E+00    0.3510716450E+00    0.1062826358E-01
    0.3914804504E+00    0.4073002210E+00   -0.1581977054E-01
    0.3701456579E+00    0.3962697812E+00   -0.2612412332E-01
    0.3728675248E+00    0.3671007668E+00    0.5766757939E-02
    0.3234392652E+00    0.3194086800E+00    0.4030585181E-02
    0.3042505979E+00    0.2999754239E+00    0.4275173980E-02
    0.4324042533E+00    0.4204444684E+00    0.1195978497E-01
    0.4159233320E+00    0.4041488245E+00    0.1177450745E-01
    0.3608270649E+00    0.3603934643E+00    0.4336005802E-03
    0.3256278511E+00    0.3217885982E+00    0.3839252821E-02
    0.3036860037E+00    0.3063385934E+00   -0.2652589645E-02
    0.3584288290E+00    0.3566447908E+00    0.1784038277E-02
    0.3996236202E+00    0.4127719842E+00   -0.1314836405E-01
    0.3687133635E+00    0.3543554170E+00    0.1435794648E-01
    0.3710709739E+00    0.3707357698E+00    0.3352040355E-03
    0.4270794082E+00    0.4071878847E+00    0.1989152343E-01
    0.3674602020E+00    0.3699390943E+00   -0.2478892246E-02
    0.3299490417E+00    0.3178814465E+00    0.1206759526E-01
    0.3049439245E+00    0.2981010715E+00    0.6842853001E-02
    0.3008492847E+00    0.2984109044E+00    0.2438380303E-02
    0.3007543390E+00    0.2987892512E+00    0.1965087844E-02
    0.3039891654E+00    0.3012163909E+00    0.2772774500E-02
    0.4311080150E+00    0.4274977537E+00    0.3610261225E-02
    0.4281518174E+00    0.4286095349E+00   -0.4577175357E-03
    0.3888947959E+00    0.3884979847E+00    0.3968112149E-03
    0.4279795549E+00    0.4166952389E+00    0.1128431598E-01
    0.3766460280E+00    0.3636619437E+00    0.1298408432E-01
    0.3463282239E+00    0.3341417748E+00    0.1218644904E-01
    0.3065945036E+00    0.3076301955E+00   -0.1035691929E-02
    0.3727521742E+00    0.3721062058E+00    0.6459683202E-03
    0.3203898125E+00    0.3389165022E+00   -0.1852668963E-01
    0.3689363424E+00    0.3649798071E+00    0.3956535311E-02
    0.3769629583E+00    0.3616954305E+00    0.1526752783E-01
    0.3769364803E+00    0.3740191217E+00    0.2917358589E-02
    0.3710951698E+00    0.3733940348E+00   -0.2298864972E-02
    0.3934461789E+00    0.4053430955E+00   -0.1189691660E-01
    0.3356654485E+00    0.3401205967E+00   -0.4455148247E-02
    0.3316145550E+00    0.3418679389E+00   -0.1025338392E-01
    0.3261143142E+00    0.3157710968E+00    0.1034321734E-01
    0.3992104702E+00    0.4040925373E+00   -0.4882067123E-02
    0.3632482216E+00    0.3600078343E+00    0.3240387281E-02
    0.3654385006E+00    0.3677490952E+00   -0.2310594541E-02
    0.4366919796E+00    0.4297896516E+00    0.6902328008E-02
    0.4264919331E+00    0.4249918263E+00    0.1500106795E-02
    0.3008277403E+00    0.2940540336E+00    0.6773706618E-02
    0.3915106331E+00    0.3884454493E+00    0.3065183780E-02
    0.3115032551E+00    0.3169828962E+00   -0.5479641091E-02
    0.3569607189E+00    0.3557827525E+00    0.1177966364E-02
    0.3276713441E+00    0.3184983841E+00    0.9172959970E-02
    0.3068701886E+00    0.2986498008E+00    0.8220387753E-02
    0.3243536271E+00    0.3293084390E+00   -0.4954811941E-02
    0.3252255627E+00    0.3226236025E+00    0.2601960166E-02
    0.3733715764E+00    0.3706058328E+00    0.2765743594E-02
    0.3694195579E+00    0.3564928529E+00    0.1292670496E-01
    0.3345703037E+00    0.3339418609E+00    0.6284427545E-03
    0.3236357173E+00    0.3093165043E+00    0.1431921300E-01
    0.3052152848E+00    0.2985311397E+00    0.6684145157E-02
    0.3722096650E+00    0.3785798383E+00   -0.6370173255E-02
    0.3732358523E+00    0.3800924847E+00   -0.6856632468E-02
    0.4355520415E+00    0.4184655519E+00    0.1708648962E-01
    0.4304532498E+00    0.4235499993E+00    0.6903250573E-02
    0.3410080471E+00    0.3622728151E+00   -0.2126476797E-01
    0.3624143566E+00    0.3528770590E+00    0.9537297521E-02
