	 Y 	 Y_pred 	 diff
    0.3628066791E+00    0.3586518605E+00    0.4154818587E-02
    0.4069873114E+00    0.4177585875E+00   -0.1077127610E-01
    0.4008107104E+00    0.3952499282E+00    0.5560782281E-02
    0.3275040021E+00    0.3209849634E+00    0.6519038713E-02
    0.4357322360E+00    0.4100205293E+00    0.2571170671E-01
    0.3713716119E+00    0.3669528280E+00    0.4418783880E-02
    0.3325398245E+00    0.3205134975E+00    0.1202632695E-01
    0.3016141520E+00    0.2980881069E+00    0.3526045020E-02
    0.3013730675E+00    0.2986127682E+00    0.2760299298E-02
    0.4152703718E+00    0.4026895929E+00    0.1258077894E-01
    0.3628786252E+00    0.3618074987E+00    0.1071126567E-02
    0.4347549284E+00    0.4276725569E+00    0.7082371584E-02
    0.3985197223E+00    0.4072923352E+00   -0.8772612882E-02
    0.3119917446E+00    0.3205296421E+00   -0.8537897491E-02
    0.4011696531E+00    0.3890171229E+00    0.1215253027E-01
    0.3303320639E+00    0.3269222220E+00    0.3409841856E-02
    0.3034393990E+00    0.3012582662E+00    0.2181132748E-02
    0.3980037053E+00    0.4078704027E+00   -0.9866697441E-02
    0.3018713204E+00    0.3058952683E+00   -0.4023947977E-02
    0.3309396823E+00    0.3263782371E+00    0.4561445180E-02
    0.3572480509E+00    0.3549033426E+00    0.2344708339E-02
    0.3875508766E+00    0.4050061042E+00   -0.1745522764E-01
    0.3863661790E+00    0.3871020265E+00   -0.7358475044E-03
    0.3300178520E+00    0.3249340086E+00    0.5083843381E-02
    0.3296708943E+00    0.3217014146E+00    0.7969479638E-02
    0.3897969196E+00    0.3889558967E+00    0.8410229445E-03
    0.3955196646E+00    0.4100075732E+00   -0.1448790864E-01
    0.3593327157E+00    0.3641551565E+00   -0.4822440801E-02
    0.4236008781E+00    0.4273390887E+00   -0.3738210571E-02
    0.3786976367E+00    0.3814324877E+00   -0.2734851030E-02
    0.3852582334E+00    0.3849029459E+00    0.3552874849E-03
    0.3729094357E+00    0.3605395459E+00    0.1236988978E-01
    0.3050923527E+00    0.3019556476E+00    0.3136705088E-02
    0.3578429254E+00    0.3413690015E+00    0.1647392389E-01
    0.3755429960E+00    0.3760747155E+00   -0.5317194739E-03
    0.3091608525E+00    0.3125621687E+00   -0.3401316192E-02
    0.3721079413E+00    0.3456336053E+00    0.2647433609E-01
    0.3635729881E+00    0.3644205774E+00   -0.8475893472E-03
    0.3567211668E+00    0.3721820589E+00   -0.1546089210E-01
    0.3390427691E+00    0.3580750414E+00   -0.1903227232E-01
    0.3239659235E+00    0.3066763209E+00    0.1728960252E-01
    0.3949555381E+00    0.3970323028E+00   -0.2076764623E-02
    0.3390596413E+00    0.3487685618E+00   -0.9708920495E-02
    0.3030667899E+00    0.3025962469E+00    0.4705430260E-03
    0.3033088718E+00    0.3055048406E+00   -0.2195968872E-02
    0.4351999837E+00    0.4280431578E+00    0.7156825905E-02
    0.4102602803E+00    0.4059894921E+00    0.4270788172E-02
    0.4122228352E+00    0.4133407115E+00   -0.1117876300E-02
    0.3277539599E+00    0.3146159730E+00    0.1313798686E-01
    0.3562631232E+00    0.3666826869E+00   -0.1041956369E-01
    0.3046814166E+00    0.3125648475E+00   -0.7883430925E-02
    0.3834306331E+00    0.3910074451E+00   -0.7576811962E-02
    0.3614909000E+00    0.3642873723E+00   -0.2796472280E-02
    0.3741920109E+00    0.3525796358E+00    0.2161237511E-01
    0.3622700519E+00    0.3704421895E+00   -0.8172137598E-02
    0.3556002005E+00    0.3750831836E+00   -0.1948298313E-01
    0.3925031194E+00    0.4029210122E+00   -0.1041789273E-01
    0.3055190544E+00    0.3128176340E+00   -0.7298579593E-02
    0.3144476998E+00    0.3252853709E+00   -0.1083767110E-01
    0.4319090039E+00    0.4139489514E+00    0.1796005252E-01
    0.3291813919E+00    0.3421295968E+00   -0.1294820484E-01
    0.3805400206E+00    0.3536504192E+00    0.2688960139E-01
    0.3916388568E+00    0.3840649534E+00    0.7573903456E-02
    0.3195057973E+00    0.3130427916E+00    0.6463005639E-02
    0.3368855359E+00    0.3307187074E+00    0.6166828487E-02
    0.4244004781E+00    0.4207344254E+00    0.3666052718E-02
    0.4017700433E+00    0.4029578346E+00   -0.1187791359E-02
    0.3187693157E+00    0.3143325521E+00    0.4436763594E-02
    0.3219133907E+00    0.3429355573E+00   -0.2102216654E-01
    0.3841229241E+00    0.3896719390E+00   -0.5549014833E-02
    0.3923032117E+00    0.3684697717E+00    0.2383344000E-01
    0.3498298330E+00    0.3676569406E+00   -0.1782710763E-01
    0.3047319468E+00    0.3077767541E+00   -0.3044807285E-02
    0.3153730631E+00    0.3238661186E+00   -0.8493055515E-02
    0.3301994043E+00    0.3373019500E+00   -0.7102545670E-02
    0.3048279490E+00    0.3064549587E+00   -0.1627009665E-02
    0.4320800811E+00    0.4079309068E+00    0.2414917427E-01
    0.4194647730E+00    0.4015287471E+00    0.1793602589E-01
    0.3875387003E+00    0.3890055267E+00   -0.1466826427E-02
    0.4302033384E+00    0.4211679772E+00    0.9035361173E-02
    0.4367499704E+00    0.4230450598E+00    0.1370491062E-01
    0.3650326136E+00    0.3802905753E+00   -0.1525796169E-01
    0.4019375123E+00    0.3958414227E+00    0.6096089593E-02
    0.3223677406E+00    0.3414646465E+00   -0.1909690584E-01
    0.3594206178E+00    0.3706414134E+00   -0.1122079554E-01
    0.3981010400E+00    0.3932582723E+00    0.4842767675E-02
    0.3065872278E+00    0.3152680252E+00   -0.8680797386E-02
    0.3946135729E+00    0.4140310972E+00   -0.1941752435E-01
    0.4021863310E+00    0.4110395377E+00   -0.8853206680E-02
    0.3076766726E+00    0.3273754052E+00   -0.1969873253E-01
    0.3904139452E+00    0.4135563238E+00   -0.2314237860E-01
    0.3131120344E+00    0.3229822886E+00   -0.9870254257E-02
    0.4057369914E+00    0.4233397259E+00   -0.1760273451E-01
    0.3035142463E+00    0.3179284310E+00   -0.1441418462E-01
    0.3057408244E+00    0.3175841840E+00   -0.1184335963E-01
    0.3022545026E+00    0.3120241814E+00   -0.9769678803E-02
    0.3485184075E+00    0.3394228406E+00    0.9095566921E-02
    0.3773174658E+00    0.3943977761E+00   -0.1708031031E-01
    0.3658986417E+00    0.3792356320E+00   -0.1333699028E-01
    0.4361630142E+00    0.4310614712E+00    0.5101543038E-02
    0.4349348493E+00    0.4306256451E+00    0.4309204235E-02
    0.3469210390E+00    0.3346201456E+00    0.1230089344E-01
    0.3692808565E+00    0.3668771399E+00    0.2403716623E-02
    0.3092389430E+00    0.3188617913E+00   -0.9622848311E-02
    0.4010305618E+00    0.4024560815E+00   -0.1425519612E-02
    0.3928852735E+00    0.4019225120E+00   -0.9037238561E-02
    0.3763802550E+00    0.3635194874E+00    0.1286076756E-01
    0.3616999086E+00    0.3515721863E+00    0.1012772226E-01
    0.3914804504E+00    0.4072114063E+00   -0.1573095583E-01
    0.3701456579E+00    0.3957164273E+00   -0.2557076943E-01
    0.3728675248E+00    0.3566793822E+00    0.1618814254E-01
    0.3234392652E+00    0.3131384385E+00    0.1030082666E-01
    0.3042505979E+00    0.3060995269E+00   -0.1848929014E-02
    0.4324042533E+00    0.4286938859E+00    0.3710367458E-02
    0.4159233320E+00    0.3942203889E+00    0.2170294305E-01
    0.3608270649E+00    0.3534830207E+00    0.7344044123E-02
    0.3256278511E+00    0.3190779923E+00    0.6549858707E-02
    0.3036860037E+00    0.3057052742E+00   -0.2019270449E-02
    0.3584288290E+00    0.3547867594E+00    0.3642069636E-02
    0.3996236202E+00    0.4134135828E+00   -0.1378996266E-01
    0.3687133635E+00    0.3612015185E+00    0.7511844948E-02
    0.3710709739E+00    0.3705269980E+00    0.5439758753E-03
    0.4270794082E+00    0.4027508410E+00    0.2432856712E-01
    0.3674602020E+00    0.3627132546E+00    0.4746947435E-02
    0.3299490417E+00    0.3220009202E+00    0.7948121547E-02
    0.3049439245E+00    0.2928831331E+00    0.1206079137E-01
    0.3008492847E+00    0.2930030460E+00    0.7846238712E-02
    0.3007543390E+00    0.2932476963E+00    0.7506642695E-02
    0.3039891654E+00    0.2950470358E+00    0.8942129654E-02
    0.4311080150E+00    0.4315667588E+00   -0.4587438263E-03
    0.4281518174E+00    0.4324410259E+00   -0.4289208562E-02
    0.3888947959E+00    0.3844895670E+00    0.4405228873E-02
    0.4279795549E+00    0.4073597677E+00    0.2061978724E-01
    0.3766460280E+00    0.3653219626E+00    0.1132406544E-01
    0.3463282239E+00    0.3388985427E+00    0.7429681191E-02
    0.3065945036E+00    0.3148455861E+00   -0.8251082536E-02
    0.3727521742E+00    0.3759987223E+00   -0.3246548109E-02
    0.3203898125E+00    0.3412813093E+00   -0.2089149677E-01
    0.3689363424E+00    0.3661446238E+00    0.2791718675E-02
    0.3769629583E+00    0.3612075562E+00    0.1575540210E-01
    0.3769364803E+00    0.3732850216E+00    0.3651458666E-02
    0.3710951698E+00    0.3754465719E+00   -0.4351402093E-02
    0.3934461789E+00    0.4046607874E+00   -0.1121460852E-01
    0.3356654485E+00    0.3433541737E+00   -0.7688725171E-02
    0.3316145550E+00    0.3446182949E+00   -0.1300373992E-01
    0.3261143142E+00    0.3189900340E+00    0.7124280126E-02
    0.3992104702E+00    0.4040629439E+00   -0.4852473667E-02
    0.3632482216E+00    0.3614623242E+00    0.1785897330E-02
    0.3654385006E+00    0.3741482653E+00   -0.8709764665E-02
    0.4366919796E+00    0.4284698954E+00    0.8222084136E-02
    0.4264919331E+00    0.4130974228E+00    0.1339451031E-01
    0.3008277403E+00    0.2889816566E+00    0.1184608366E-01
    0.3915106331E+00    0.3849691308E+00    0.6541502324E-02
    0.3115032551E+00    0.3233215028E+00   -0.1181824771E-01
    0.3569607189E+00    0.3608737165E+00   -0.3912997630E-02
    0.3276713441E+00    0.3285401995E+00   -0.8688553816E-03
    0.3068701886E+00    0.3079813355E+00   -0.1111146923E-02
    0.3243536271E+00    0.3353043971E+00   -0.1095077006E-01
    0.3252255627E+00    0.3290876669E+00   -0.3862104182E-02
    0.3733715764E+00    0.3588696276E+00    0.1450194877E-01
    0.3694195579E+00    0.3466655407E+00    0.2275401713E-01
    0.3345703037E+00    0.3345210854E+00    0.4921825609E-04
    0.3236357173E+00    0.3109215134E+00    0.1271420389E-01
    0.3052152848E+00    0.2981884855E+00    0.7026799381E-02
    0.3722096650E+00    0.3855438638E+00   -0.1333419873E-01
    0.3732358523E+00    0.3745670644E+00   -0.1331212192E-02
    0.4355520415E+00    0.4115162054E+00    0.2403583617E-01
    0.4304532498E+00    0.4210231839E+00    0.9430065944E-02
    0.3410080471E+00    0.3538149243E+00   -0.1280687715E-01
    0.3624143566E+00    0.3557225302E+00    0.6691826354E-02
