	 Y 	 Y_pred 	 diff
    0.3980037053E+00    0.4102338823E+00   -0.1223017696E-01
    0.3018713204E+00    0.3119020028E+00   -0.1003068249E-01
    0.3309396823E+00    0.3226261731E+00    0.8313509113E-02
    0.3628066791E+00    0.3544599819E+00    0.8346697214E-02
    0.3572480509E+00    0.3506644525E+00    0.6583598392E-02
    0.4069873114E+00    0.4225760069E+00   -0.1558869549E-01
    0.3875508766E+00    0.3995018998E+00   -0.1195102328E-01
    0.4008107104E+00    0.3923699412E+00    0.8440769218E-02
    0.3863661790E+00    0.3853621604E+00    0.1004018618E-02
    0.3300178520E+00    0.3182540564E+00    0.1176379557E-01
    0.3296708943E+00    0.3149436191E+00    0.1472727517E-01
    0.3275040021E+00    0.3116887575E+00    0.1581524461E-01
    0.4357322360E+00    0.4080739995E+00    0.2765823647E-01
    0.3897969196E+00    0.3806299815E+00    0.9166938176E-02
    0.3713716119E+00    0.3676978470E+00    0.3673764826E-02
    0.3325398245E+00    0.3260188211E+00    0.6521003370E-02
    0.3016141520E+00    0.2979886511E+00    0.3625500820E-02
    0.3013730675E+00    0.2983894858E+00    0.2983581728E-02
    0.4152703718E+00    0.4151473964E+00    0.1229754481E-03
    0.3955196646E+00    0.4122664040E+00   -0.1674673944E-01
    0.3628786252E+00    0.3834054003E+00   -0.2052677511E-01
    0.3593327157E+00    0.3776220549E+00   -0.1828933916E-01
    0.4236008781E+00    0.4296764045E+00   -0.6075526370E-02
    0.4347549284E+00    0.4283940536E+00    0.6360874821E-02
    0.3786976367E+00    0.3873332783E+00   -0.8635641557E-02
    0.3852582334E+00    0.3902096530E+00   -0.4951419684E-02
    0.3985197223E+00    0.4009708789E+00   -0.2451156597E-02
    0.3729094357E+00    0.3709577940E+00    0.1951641658E-02
    0.3050923527E+00    0.3204293115E+00   -0.1533695880E-01
    0.3578429254E+00    0.3385881685E+00    0.1925475692E-01
    0.3119917446E+00    0.3136071261E+00   -0.1615381511E-02
    0.4011696531E+00    0.3869298726E+00    0.1423978049E-01
    0.3303320639E+00    0.3305884171E+00   -0.2563532717E-03
    0.3034393990E+00    0.3082355605E+00   -0.4796161562E-02
    0.3755429960E+00    0.3770011786E+00   -0.1458182623E-02
    0.3834306331E+00    0.3931802909E+00   -0.9749657765E-02
    0.3091608525E+00    0.3285269063E+00   -0.1936605381E-01
    0.3614909000E+00    0.3610381349E+00    0.4527651422E-03
    0.3741920109E+00    0.3546368977E+00    0.1955511325E-01
    0.3721079413E+00    0.3537601132E+00    0.1834782818E-01
    0.3635729881E+00    0.3633228105E+00    0.2501775776E-03
    0.3622700519E+00    0.3639010271E+00   -0.1630975226E-02
    0.3556002005E+00    0.3635907940E+00   -0.7990593481E-02
    0.3925031194E+00    0.4034679672E+00   -0.1096484780E-01
    0.3055190544E+00    0.3218565051E+00   -0.1633745068E-01
    0.3144476998E+00    0.3226700200E+00   -0.8222320156E-02
    0.4319090039E+00    0.4153466501E+00    0.1656235381E-01
    0.3567211668E+00    0.3747179430E+00   -0.1799677622E-01
    0.3390427691E+00    0.3618045504E+00   -0.2276178133E-01
    0.3291813919E+00    0.3491807443E+00   -0.1999935241E-01
    0.3239659235E+00    0.3129141461E+00    0.1105177736E-01
    0.3805400206E+00    0.3438104941E+00    0.3672952649E-01
    0.3949555381E+00    0.3888192216E+00    0.6136316573E-02
    0.3390596413E+00    0.3460970732E+00   -0.7037431867E-02
    0.3030667899E+00    0.2998363042E+00    0.3230485690E-02
    0.3033088718E+00    0.3005811478E+00    0.2727723990E-02
    0.4351999837E+00    0.4295758826E+00    0.5624101065E-02
    0.4102602803E+00    0.4025529649E+00    0.7707315315E-02
    0.4122228352E+00    0.4078540005E+00    0.4368834647E-02
    0.3916388568E+00    0.3872440880E+00    0.4394768865E-02
    0.3277539599E+00    0.3354034713E+00   -0.7649511417E-02
    0.3195057973E+00    0.3292503594E+00   -0.9744562138E-02
    0.3562631232E+00    0.3566077407E+00   -0.3446174895E-03
    0.3368855359E+00    0.3237419159E+00    0.1314362006E-01
    0.3046814166E+00    0.3114115283E+00   -0.6730111653E-02
    0.4244004781E+00    0.4081386071E+00    0.1626187092E-01
    0.4017700433E+00    0.3949038759E+00    0.6866167389E-02
    0.3187693157E+00    0.3274978785E+00   -0.8728562811E-02
    0.3219133907E+00    0.3437168314E+00   -0.2180344069E-01
    0.3841229241E+00    0.3914033722E+00   -0.7280448073E-02
    0.3981010400E+00    0.3928467807E+00    0.5254259254E-02
    0.3065872278E+00    0.3150292938E+00   -0.8442066006E-02
    0.3946135729E+00    0.4067100438E+00   -0.1209647096E-01
    0.4021863310E+00    0.4065257682E+00   -0.4339437208E-02
    0.3076766726E+00    0.3288245959E+00   -0.2114792330E-01
    0.3904139452E+00    0.4155724954E+00   -0.2515855024E-01
    0.3923032117E+00    0.3727595459E+00    0.1954366584E-01
    0.3498298330E+00    0.3690373196E+00   -0.1920748666E-01
    0.3047319468E+00    0.3078516673E+00   -0.3119720533E-02
    0.3131120344E+00    0.3232548005E+00   -0.1014276616E-01
    0.4057369914E+00    0.4196913875E+00   -0.1395439608E-01
    0.3035142463E+00    0.3214229487E+00   -0.1790870240E-01
    0.3153730631E+00    0.3273145487E+00   -0.1194148562E-01
    0.3057408244E+00    0.3142307370E+00   -0.8489912605E-02
    0.3022545026E+00    0.3132654885E+00   -0.1101098596E-01
    0.3485184075E+00    0.3338541584E+00    0.1466424916E-01
    0.3301994043E+00    0.3269290892E+00    0.3270315188E-02
    0.3048279490E+00    0.3011946495E+00    0.3633299535E-02
    0.4320800811E+00    0.4239736961E+00    0.8106385019E-02
    0.4194647730E+00    0.4183148918E+00    0.1149881229E-02
    0.3875387003E+00    0.4069863293E+00   -0.1944762897E-01
    0.3773174658E+00    0.4013165710E+00   -0.2399910524E-01
    0.3658986417E+00    0.3899661005E+00   -0.2406745881E-01
    0.4302033384E+00    0.4297197938E+00    0.4835445405E-03
    0.4361630142E+00    0.4277382438E+00    0.8424770340E-02
    0.4349348493E+00    0.4262514802E+00    0.8683369075E-02
    0.4367499704E+00    0.4256657490E+00    0.1108422135E-01
    0.3650326136E+00    0.3792256826E+00   -0.1419306906E-01
    0.4019375123E+00    0.3925965200E+00    0.9340992241E-02
    0.3223677406E+00    0.3463574140E+00   -0.2398967338E-01
    0.3594206178E+00    0.3558683366E+00    0.3552281235E-02
    0.3469210390E+00    0.3328830600E+00    0.1403797900E-01
    0.3692808565E+00    0.3719730104E+00   -0.2692153956E-02
    0.3996236202E+00    0.4094109613E+00   -0.9787341109E-02
    0.3092389430E+00    0.3139111176E+00   -0.4672174563E-02
    0.3687133635E+00    0.3601258262E+00    0.8587537247E-02
    0.4010305618E+00    0.4072337250E+00   -0.6203163119E-02
    0.3928852735E+00    0.4074027222E+00   -0.1451744873E-01
    0.3763802550E+00    0.3703664526E+00    0.6013802317E-02
    0.3616999086E+00    0.3531167256E+00    0.8583183004E-02
    0.3710709739E+00    0.3699104690E+00    0.1160504909E-02
    0.3914804504E+00    0.3986973041E+00   -0.7216853690E-02
    0.3701456579E+00    0.3862059135E+00   -0.1606025557E-01
    0.4270794082E+00    0.3985190747E+00    0.2856033348E-01
    0.3674602020E+00    0.3624750611E+00    0.4985140933E-02
    0.3728675248E+00    0.3503006741E+00    0.2256685067E-01
    0.3234392652E+00    0.3050367910E+00    0.1840247422E-01
    0.3299490417E+00    0.3200603577E+00    0.9888684021E-02
    0.3049439245E+00    0.2975022319E+00    0.7441692563E-02
    0.3008492847E+00    0.2978216707E+00    0.3027614018E-02
    0.3007543390E+00    0.2979809053E+00    0.2773433682E-02
    0.3039891654E+00    0.2984566704E+00    0.5532495031E-02
    0.3042505979E+00    0.2985356818E+00    0.5714916077E-02
    0.4311080150E+00    0.4277789472E+00    0.3329067766E-02
    0.4281518174E+00    0.4254586920E+00    0.2693125391E-02
    0.4324042533E+00    0.4230014750E+00    0.9402778301E-02
    0.3888947959E+00    0.3947729986E+00   -0.5878202723E-02
    0.4279795549E+00    0.4116564975E+00    0.1632305737E-01
    0.4159233320E+00    0.3981086924E+00    0.1781463960E-01
    0.3608270649E+00    0.3497589032E+00    0.1106816167E-01
    0.3256278511E+00    0.3165936805E+00    0.9034170585E-02
    0.3036860037E+00    0.3035438679E+00    0.1421358433E-03
    0.3766460280E+00    0.3663574670E+00    0.1028856101E-01
    0.3584288290E+00    0.3538404087E+00    0.4588420297E-02
    0.3463282239E+00    0.3417645953E+00    0.4563628576E-02
    0.3065945036E+00    0.3188260116E+00   -0.1223150807E-01
    0.3115032551E+00    0.3277038227E+00   -0.1620056755E-01
    0.3727521742E+00    0.3732066382E+00   -0.4544640713E-03
    0.3203898125E+00    0.3427483055E+00   -0.2235849300E-01
    0.3689363424E+00    0.3733865650E+00   -0.4450222557E-02
    0.3769629583E+00    0.3616216032E+00    0.1534135512E-01
    0.3569607189E+00    0.3598097301E+00   -0.2849011217E-02
    0.3276713441E+00    0.3236151920E+00    0.4056152113E-02
    0.3769364803E+00    0.3710007422E+00    0.5935738063E-02
    0.3710951698E+00    0.3865211670E+00   -0.1542599714E-01
    0.3068701886E+00    0.3077512327E+00   -0.8810440934E-03
    0.3934461789E+00    0.4027102285E+00   -0.9264049599E-02
    0.3356654485E+00    0.3401833058E+00   -0.4517857307E-02
    0.3316145550E+00    0.3403691002E+00   -0.8754545226E-02
    0.3243536271E+00    0.3342060073E+00   -0.9852380184E-02
    0.3252255627E+00    0.3283400930E+00   -0.3114530351E-02
    0.3261143142E+00    0.3225692564E+00    0.3545057729E-02
    0.3733715764E+00    0.3550971020E+00    0.1827447435E-01
    0.3694195579E+00    0.3398578654E+00    0.2956169241E-01
    0.3992104702E+00    0.3935074037E+00    0.5703066488E-02
    0.3632482216E+00    0.3553984805E+00    0.7849741084E-02
    0.3345703037E+00    0.3322514070E+00    0.2318896687E-02
    0.3236357173E+00    0.3106544846E+00    0.1298123274E-01
    0.3052152848E+00    0.3002237724E+00    0.4991512399E-02
    0.3722096650E+00    0.3943756308E+00   -0.2216596573E-01
    0.3654385006E+00    0.3858713684E+00   -0.2043286773E-01
    0.4366919796E+00    0.4281768350E+00    0.8515144537E-02
    0.3732358523E+00    0.3839937127E+00   -0.1075786040E-01
    0.4355520415E+00    0.4139244800E+00    0.2162756156E-01
    0.4304532498E+00    0.4178903191E+00    0.1256293075E-01
    0.4264919331E+00    0.4130718500E+00    0.1342008319E-01
    0.3410080471E+00    0.3577616363E+00   -0.1675358914E-01
    0.3008277403E+00    0.3098413887E+00   -0.9013648465E-02
    0.3624143566E+00    0.3466925751E+00    0.1572178144E-01
    0.3915106331E+00    0.3798873177E+00    0.1162331543E-01
