	 Y 	 Y_pred 	 diff
    0.3980037053E+00    0.4103313957E+00   -0.1232769039E-01
    0.3018713204E+00    0.3061900319E+00   -0.4318711538E-02
    0.3309396823E+00    0.3228943590E+00    0.8045323276E-02
    0.3628066791E+00    0.3523764142E+00    0.1043026488E-01
    0.3572480509E+00    0.3509864681E+00    0.6261582862E-02
    0.4069873114E+00    0.4119544202E+00   -0.4967108850E-02
    0.3875508766E+00    0.4010354250E+00   -0.1348454841E-01
    0.4008107104E+00    0.4016164642E+00   -0.8057537531E-03
    0.3863661790E+00    0.3939608221E+00   -0.7594643055E-02
    0.3300178520E+00    0.3336206352E+00   -0.3602783178E-02
    0.3296708943E+00    0.3302113996E+00   -0.5405053476E-03
    0.3275040021E+00    0.3268256337E+00    0.6783683960E-03
    0.4357322360E+00    0.4116428200E+00    0.2408941600E-01
    0.3897969196E+00    0.3822750706E+00    0.7521848987E-02
    0.3713716119E+00    0.3681363210E+00    0.3235290890E-02
    0.3325398245E+00    0.3212238408E+00    0.1131598372E-01
    0.3016141520E+00    0.2987022393E+00    0.2911912650E-02
    0.3013730675E+00    0.2992322461E+00    0.2140821386E-02
    0.4152703718E+00    0.4089577535E+00    0.6312618349E-02
    0.3955196646E+00    0.4052093748E+00   -0.9689710272E-02
    0.3628786252E+00    0.3676591297E+00   -0.4780504491E-02
    0.3593327157E+00    0.3601345806E+00   -0.8018648818E-03
    0.4236008781E+00    0.4310799714E+00   -0.7479093318E-02
    0.4347549284E+00    0.4294115406E+00    0.5343387870E-02
    0.3786976367E+00    0.3912750613E+00   -0.1257742462E-01
    0.3852582334E+00    0.3950174321E+00   -0.9759198792E-02
    0.3985197223E+00    0.4090185623E+00   -0.1049884000E-01
    0.3729094357E+00    0.3716143563E+00    0.1295079405E-02
    0.3050923527E+00    0.3139681496E+00   -0.8875796865E-02
    0.3578429254E+00    0.3465436470E+00    0.1129927842E-01
    0.3119917446E+00    0.3214517083E+00   -0.9459963675E-02
    0.4011696531E+00    0.3953307504E+00    0.5838902758E-02
    0.3303320639E+00    0.3326031921E+00   -0.2271128234E-02
    0.3034393990E+00    0.3066777576E+00   -0.3238358672E-02
    0.3755429960E+00    0.3741371682E+00    0.1405827786E-02
    0.3834306331E+00    0.3925351515E+00   -0.9104518360E-02
    0.3091608525E+00    0.3117687759E+00   -0.2607923394E-02
    0.3614909000E+00    0.3623100385E+00   -0.8191384980E-03
    0.3741920109E+00    0.3502329628E+00    0.2395904808E-01
    0.3721079413E+00    0.3417571525E+00    0.3035078881E-01
    0.3635729881E+00    0.3595735415E+00    0.3999446629E-02
    0.3622700519E+00    0.3666139942E+00   -0.4343942355E-02
    0.3556002005E+00    0.3634246023E+00   -0.7824401778E-02
    0.3925031194E+00    0.3964645319E+00   -0.3961412449E-02
    0.3055190544E+00    0.3084831337E+00   -0.2964079321E-02
    0.3144476998E+00    0.3252798043E+00   -0.1083210447E-01
    0.4319090039E+00    0.4286018016E+00    0.3307202295E-02
    0.3567211668E+00    0.3791648413E+00   -0.2244367447E-01
    0.3390427691E+00    0.3638358074E+00   -0.2479303834E-01
    0.3291813919E+00    0.3490289240E+00   -0.1984753207E-01
    0.3239659235E+00    0.3074686458E+00    0.1649727766E-01
    0.3805400206E+00    0.3620435015E+00    0.1849651916E-01
    0.3949555381E+00    0.4014666343E+00   -0.6511096199E-02
    0.3390596413E+00    0.3521913831E+00   -0.1313174180E-01
    0.3030667899E+00    0.2947984581E+00    0.8268331865E-02
    0.3033088718E+00    0.2988194053E+00    0.4489466429E-02
    0.4351999837E+00    0.4313157644E+00    0.3884219292E-02
    0.4102602803E+00    0.4036853768E+00    0.6574903437E-02
    0.4122228352E+00    0.4101846362E+00    0.2038199005E-02
    0.3916388568E+00    0.3853753589E+00    0.6263497907E-02
    0.3277539599E+00    0.3203879692E+00    0.7365990654E-02
    0.3195057973E+00    0.3132490732E+00    0.6256724085E-02
    0.3562631232E+00    0.3794432604E+00   -0.2318013713E-01
    0.3368855359E+00    0.3329258604E+00    0.3959675542E-02
    0.3046814166E+00    0.3162159822E+00   -0.1153456555E-01
    0.4244004781E+00    0.4227014613E+00    0.1699016765E-02
    0.4017700433E+00    0.4046356757E+00   -0.2865632423E-02
    0.3187693157E+00    0.3227314594E+00   -0.3962143729E-02
    0.3219133907E+00    0.3301895553E+00   -0.8276164530E-02
    0.3841229241E+00    0.3882183989E+00   -0.4095474735E-02
    0.3981010400E+00    0.3655766150E+00    0.3252442500E-01
    0.3065872278E+00    0.2864177661E+00    0.2016946172E-01
    0.3946135729E+00    0.4116871889E+00   -0.1707361604E-01
    0.4021863310E+00    0.4010937269E+00    0.1092604096E-02
    0.3076766726E+00    0.3109742878E+00   -0.3297615158E-02
    0.3904139452E+00    0.4101953013E+00   -0.1978135611E-01
    0.3923032117E+00    0.3703742041E+00    0.2192900761E-01
    0.3498298330E+00    0.3625371134E+00   -0.1270728038E-01
    0.3047319468E+00    0.3080456299E+00   -0.3313683103E-02
    0.3131120344E+00    0.3257547256E+00   -0.1264269119E-01
    0.4057369914E+00    0.4219625903E+00   -0.1622559884E-01
    0.3035142463E+00    0.3078565377E+00   -0.4342291387E-02
    0.3153730631E+00    0.3231595359E+00   -0.7786472800E-02
    0.3057408244E+00    0.3212088059E+00   -0.1546798148E-01
    0.3022545026E+00    0.2863700696E+00    0.1588443294E-01
    0.3485184075E+00    0.3421795564E+00    0.6338851082E-02
    0.3301994043E+00    0.3354422425E+00   -0.5242838193E-02
    0.3048279490E+00    0.3137719805E+00   -0.8944031442E-02
    0.4320800811E+00    0.4150680859E+00    0.1701199520E-01
    0.4194647730E+00    0.4080891003E+00    0.1137567273E-01
    0.3875387003E+00    0.3947786415E+00   -0.7239941230E-02
    0.3773174658E+00    0.3884243569E+00   -0.1110689113E-01
    0.3658986417E+00    0.3762664566E+00   -0.1036781487E-01
    0.4302033384E+00    0.4309082910E+00   -0.7049526291E-03
    0.4361630142E+00    0.4314017513E+00    0.4761262853E-02
    0.4349348493E+00    0.4301201272E+00    0.4814722066E-02
    0.4367499704E+00    0.4294942590E+00    0.7255711350E-02
    0.3650326136E+00    0.3793810354E+00   -0.1434842183E-01
    0.4019375123E+00    0.3961437070E+00    0.5793805267E-02
    0.3223677406E+00    0.3391334826E+00   -0.1676574201E-01
    0.3594206178E+00    0.3720160771E+00   -0.1259545926E-01
    0.3469210390E+00    0.3420813473E+00    0.4839691739E-02
    0.3692808565E+00    0.3628262032E+00    0.6454653283E-02
    0.3996236202E+00    0.4153128854E+00   -0.1568926523E-01
    0.3092389430E+00    0.3184609205E+00   -0.9221977529E-02
    0.3687133635E+00    0.3529602078E+00    0.1575315564E-01
    0.4010305618E+00    0.3992316817E+00    0.1798880104E-02
    0.3928852735E+00    0.3965292520E+00   -0.3643978535E-02
    0.3763802550E+00    0.3660700581E+00    0.1031019683E-01
    0.3616999086E+00    0.3555375674E+00    0.6162341152E-02
    0.3710709739E+00    0.3729877158E+00   -0.1916741978E-02
    0.3914804504E+00    0.4089914522E+00   -0.1751100177E-01
    0.3701456579E+00    0.3928162827E+00   -0.2267062479E-01
    0.4270794082E+00    0.4066643646E+00    0.2041504351E-01
    0.3674602020E+00    0.3737058504E+00   -0.6245648366E-02
    0.3728675248E+00    0.3651204998E+00    0.7747024951E-02
    0.3234392652E+00    0.3104863400E+00    0.1295292518E-01
    0.3299490417E+00    0.3206801855E+00    0.9268856221E-02
    0.3049439245E+00    0.2912055997E+00    0.1373832477E-01
    0.3008492847E+00    0.2926153727E+00    0.8233911967E-02
    0.3007543390E+00    0.2932245498E+00    0.7529789190E-02
    0.3039891654E+00    0.2946433154E+00    0.9345850054E-02
    0.3042505979E+00    0.2948216829E+00    0.9428914987E-02
    0.4311080150E+00    0.4349921774E+00   -0.3884162489E-02
    0.4281518174E+00    0.4355156376E+00   -0.7363820184E-02
    0.4324042533E+00    0.4322296422E+00    0.1746111761E-03
    0.3888947959E+00    0.3865139899E+00    0.2380805957E-02
    0.4279795549E+00    0.4138814810E+00    0.1409807394E-01
    0.4159233320E+00    0.3964877582E+00    0.1943557379E-01
    0.3608270649E+00    0.3644153051E+00   -0.3588240232E-02
    0.3256278511E+00    0.3226753573E+00    0.2952493741E-02
    0.3036860037E+00    0.3053507543E+00   -0.1664750551E-02
    0.3766460280E+00    0.3665046266E+00    0.1014140141E-01
    0.3584288290E+00    0.3522695825E+00    0.6159246571E-02
    0.3463282239E+00    0.3393745086E+00    0.6953715279E-02
    0.3065945036E+00    0.3167703749E+00   -0.1017587134E-01
    0.3115032551E+00    0.3168308201E+00   -0.5327565010E-02
    0.3727521742E+00    0.3684938146E+00    0.4258359571E-02
    0.3203898125E+00    0.3342847789E+00   -0.1389496640E-01
    0.3689363424E+00    0.3713222227E+00   -0.2385880293E-02
    0.3769629583E+00    0.3678032538E+00    0.9159704472E-02
    0.3569607189E+00    0.3556260187E+00    0.1334700209E-02
    0.3276713441E+00    0.3183307690E+00    0.9340575033E-02
    0.3769364803E+00    0.3653885412E+00    0.1154793908E-01
    0.3710951698E+00    0.3685529797E+00    0.2542190114E-02
    0.3068701886E+00    0.2984821894E+00    0.8387999156E-02
    0.3934461789E+00    0.4094421399E+00   -0.1599596108E-01
    0.3356654485E+00    0.3323410641E+00    0.3324384396E-02
    0.3316145550E+00    0.3326236809E+00   -0.1009125915E-02
    0.3243536271E+00    0.3291445969E+00   -0.4790969844E-02
    0.3252255627E+00    0.3224586501E+00    0.2766912544E-02
    0.3261143142E+00    0.3158433890E+00    0.1027092515E-01
    0.3733715764E+00    0.3704139088E+00    0.2957667592E-02
    0.3694195579E+00    0.3562985849E+00    0.1312097298E-01
    0.3992104702E+00    0.4007148195E+00   -0.1504349246E-02
    0.3632482216E+00    0.3596713936E+00    0.3576827920E-02
    0.3345703037E+00    0.3339025643E+00    0.6677393841E-03
    0.3236357173E+00    0.3092731177E+00    0.1436259964E-01
    0.3052152848E+00    0.2985823773E+00    0.6632907574E-02
    0.3722096650E+00    0.3784364206E+00   -0.6226755542E-02
    0.3654385006E+00    0.3675316272E+00   -0.2093126567E-02
    0.4366919796E+00    0.4367774719E+00   -0.8549237011E-04
    0.3732358523E+00    0.3801226091E+00   -0.6886756796E-02
    0.4355520415E+00    0.4185020496E+00    0.1704999193E-01
    0.4304532498E+00    0.4235873414E+00    0.6865908410E-02
    0.4264919331E+00    0.4220955396E+00    0.4396393589E-02
    0.3410080471E+00    0.3622388745E+00   -0.2123082737E-01
    0.3008277403E+00    0.3077217995E+00   -0.6894059196E-02
    0.3624143566E+00    0.3528283392E+00    0.9586017363E-02
    0.3915106331E+00    0.3820700831E+00    0.9440550026E-02
