	 Y 	 Y_pred 	 diff
    0.3980037053E+00    0.4123195427E+00   -0.1431583740E-01
    0.3018713204E+00    0.3080351057E+00   -0.6163785391E-02
    0.3309396823E+00    0.3286676024E+00    0.2272079870E-02
    0.3628066791E+00    0.3588902750E+00    0.3916404083E-02
    0.3572480509E+00    0.3573048533E+00   -0.5680235074E-04
    0.4069873114E+00    0.4186658835E+00   -0.1167857212E-01
    0.3875508766E+00    0.4075227745E+00   -0.1997189790E-01
    0.4008107104E+00    0.3958990578E+00    0.4911652659E-02
    0.3863661790E+00    0.3882400017E+00   -0.1873822653E-02
    0.3300178520E+00    0.3275998839E+00    0.2417968068E-02
    0.3296708943E+00    0.3241891280E+00    0.5481766228E-02
    0.3275040021E+00    0.3208018523E+00    0.6702149835E-02
    0.4357322360E+00    0.4108282053E+00    0.2490403071E-01
    0.3897969196E+00    0.3814473595E+00    0.8349560081E-02
    0.3713716119E+00    0.3673023048E+00    0.4069307080E-02
    0.3325398245E+00    0.3203689042E+00    0.1217092026E-01
    0.3016141520E+00    0.2976807814E+00    0.3933370534E-02
    0.3013730675E+00    0.2982110246E+00    0.3162042916E-02
    0.4152703718E+00    0.4034496708E+00    0.1182070105E-01
    0.3955196646E+00    0.3996996206E+00   -0.4179956007E-02
    0.3628786252E+00    0.3621326301E+00    0.7459950932E-03
    0.3593327157E+00    0.3546047255E+00    0.4727990233E-02
    0.4236008781E+00    0.4303487381E+00   -0.6747860032E-02
    0.4347549284E+00    0.4286795633E+00    0.6075365184E-02
    0.3786976367E+00    0.3902955231E+00   -0.1159788639E-01
    0.3852582334E+00    0.3940395628E+00   -0.8781329444E-02
    0.3985197223E+00    0.4080469367E+00   -0.9527214377E-02
    0.3729094357E+00    0.3707939333E+00    0.2115502364E-02
    0.3050923527E+00    0.3131220196E+00   -0.8029666906E-02
    0.3578429254E+00    0.3454497268E+00    0.1239319863E-01
    0.3119917446E+00    0.3203465985E+00   -0.8354853852E-02
    0.4011696531E+00    0.3895980072E+00    0.1157164592E-01
    0.3303320639E+00    0.3268424759E+00    0.3489587928E-02
    0.3034393990E+00    0.3009054802E+00    0.2533918792E-02
    0.3755429960E+00    0.3763578100E+00   -0.8148139854E-03
    0.3834306331E+00    0.3945793211E+00   -0.1114868798E-01
    0.3091608525E+00    0.3092891699E+00   -0.1283173807E-03
    0.3614909000E+00    0.3641992115E+00   -0.2708311432E-02
    0.3741920109E+00    0.3545499682E+00    0.1964204275E-01
    0.3721079413E+00    0.3450373511E+00    0.2707059023E-01
    0.3635729881E+00    0.3652577433E+00   -0.1684755243E-02
    0.3622700519E+00    0.3686716577E+00   -0.6401605844E-02
    0.3556002005E+00    0.3660069278E+00   -0.1040672735E-01
    0.3925031194E+00    0.4009065578E+00   -0.8403438350E-02
    0.3055190544E+00    0.3078764419E+00   -0.2357387527E-02
    0.3144476998E+00    0.3264569262E+00   -0.1200922636E-01
    0.4319090039E+00    0.4195769414E+00    0.1233206251E-01
    0.3567211668E+00    0.3735851919E+00   -0.1686402516E-01
    0.3390427691E+00    0.3593953582E+00   -0.2035258914E-01
    0.3291813919E+00    0.3457236193E+00   -0.1654222737E-01
    0.3239659235E+00    0.3075460235E+00    0.1641989992E-01
    0.3805400206E+00    0.3542497894E+00    0.2629023117E-01
    0.3949555381E+00    0.3958324865E+00   -0.8769483465E-03
    0.3390596413E+00    0.3487942044E+00   -0.9734563112E-02
    0.3030667899E+00    0.3018957207E+00    0.1171069240E-02
    0.3033088718E+00    0.3059746295E+00   -0.2665757741E-02
    0.4351999837E+00    0.4288219336E+00    0.6378050099E-02
    0.4102602803E+00    0.4048424726E+00    0.5417807702E-02
    0.4122228352E+00    0.4118886589E+00    0.3341762410E-03
    0.3916388568E+00    0.3764497252E+00    0.1518913166E-01
    0.3277539599E+00    0.3118134095E+00    0.1594055036E-01
    0.3195057973E+00    0.3045826001E+00    0.1492319714E-01
    0.3562631232E+00    0.3671999103E+00   -0.1093678710E-01
    0.3368855359E+00    0.3259394706E+00    0.1094606531E-01
    0.3046814166E+00    0.3115858145E+00   -0.6904397858E-02
    0.4244004781E+00    0.4162256759E+00    0.8174802190E-02
    0.4017700433E+00    0.3991711498E+00    0.2598893504E-02
    0.3187693157E+00    0.3178542104E+00    0.9151053113E-03
    0.3219133907E+00    0.3402717467E+00   -0.1835835598E-01
    0.3841229241E+00    0.3885955819E+00   -0.4472657729E-02
    0.3981010400E+00    0.3932400461E+00    0.4860993867E-02
    0.3065872278E+00    0.3159298273E+00   -0.9342599469E-02
    0.3946135729E+00    0.4135912268E+00   -0.1897765396E-01
    0.4021863310E+00    0.4106977497E+00   -0.8511418653E-02
    0.3076766726E+00    0.3279368170E+00   -0.2026014433E-01
    0.3904139452E+00    0.4133706978E+00   -0.2295675260E-01
    0.3923032117E+00    0.3711093996E+00    0.2119381208E-01
    0.3498298330E+00    0.3634577918E+00   -0.1362795882E-01
    0.3047319468E+00    0.3100909391E+00   -0.5358992336E-02
    0.3131120344E+00    0.3235888131E+00   -0.1047677872E-01
    0.4057369914E+00    0.4228920959E+00   -0.1715510447E-01
    0.3035142463E+00    0.3187275432E+00   -0.1521329691E-01
    0.3153730631E+00    0.3297779606E+00   -0.1440489744E-01
    0.3057408244E+00    0.3181284740E+00   -0.1238764958E-01
    0.3022545026E+00    0.3128164035E+00   -0.1056190097E-01
    0.3485184075E+00    0.3397901797E+00    0.8728227852E-02
    0.3301994043E+00    0.3330469008E+00   -0.2847496468E-02
    0.3048279490E+00    0.3074982107E+00   -0.2670261641E-02
    0.4320800811E+00    0.4269012570E+00    0.5178824069E-02
    0.4194647730E+00    0.4184715389E+00    0.9932341515E-03
    0.3875387003E+00    0.4023099096E+00   -0.1477120934E-01
    0.3773174658E+00    0.3945534801E+00   -0.1723601428E-01
    0.3658986417E+00    0.3796343374E+00   -0.1373569571E-01
    0.4302033384E+00    0.4285095775E+00    0.1693760839E-02
    0.4361630142E+00    0.4306405261E+00    0.5522488062E-02
    0.4349348493E+00    0.4301563488E+00    0.4778500533E-02
    0.4367499704E+00    0.4298082955E+00    0.6941674871E-02
    0.3650326136E+00    0.3721626708E+00   -0.7130057207E-02
    0.4019375123E+00    0.3867589973E+00    0.1517851495E-01
    0.3223677406E+00    0.3315783651E+00   -0.9210624472E-02
    0.3594206178E+00    0.3590394463E+00    0.3811715205E-03
    0.3469210390E+00    0.3351760768E+00    0.1174496223E-01
    0.3692808565E+00    0.3666609198E+00    0.2619936715E-02
    0.3996236202E+00    0.4095842723E+00   -0.9960652182E-02
    0.3092389430E+00    0.3139530020E+00   -0.4714058999E-02
    0.3687133635E+00    0.3557261579E+00    0.1298720554E-01
    0.4010305618E+00    0.3991157615E+00    0.1914800304E-02
    0.3928852735E+00    0.3994703699E+00   -0.6585096426E-02
    0.3763802550E+00    0.3665864047E+00    0.9793850264E-02
    0.3616999086E+00    0.3532409641E+00    0.8458944449E-02
    0.3710709739E+00    0.3704281910E+00    0.6427828847E-03
    0.3914804504E+00    0.4092319989E+00   -0.1775154849E-01
    0.3701456579E+00    0.3950011990E+00   -0.2485554113E-01
    0.4270794082E+00    0.4000289209E+00    0.2705048726E-01
    0.3674602020E+00    0.3681526238E+00   -0.6924218070E-03
    0.3728675248E+00    0.3576007445E+00    0.1526678026E-01
    0.3234392652E+00    0.3220197458E+00    0.1419519389E-02
    0.3299490417E+00    0.3257929683E+00    0.4156073409E-02
    0.3049439245E+00    0.2880928511E+00    0.1685107337E-01
    0.3008492847E+00    0.2888250341E+00    0.1202425061E-01
    0.3007543390E+00    0.2892810479E+00    0.1147329112E-01
    0.3039891654E+00    0.2911955673E+00    0.1279359808E-01
    0.3042505979E+00    0.2916251038E+00    0.1262549411E-01
    0.4311080150E+00    0.4237975338E+00    0.7310481102E-02
    0.4281518174E+00    0.4223293612E+00    0.5822456136E-02
    0.4324042533E+00    0.4199687663E+00    0.1243548705E-01
    0.3888947959E+00    0.3887948679E+00    0.9992799892E-04
    0.4279795549E+00    0.4147297115E+00    0.1324984346E-01
    0.4159233320E+00    0.3958034322E+00    0.2011989980E-01
    0.3608270649E+00    0.3571340483E+00    0.3693016540E-02
    0.3256278511E+00    0.3229177640E+00    0.2710087053E-02
    0.3036860037E+00    0.3095960452E+00   -0.5910041441E-02
    0.3766460280E+00    0.3691714264E+00    0.7474601637E-02
    0.3584288290E+00    0.3543263046E+00    0.4102524388E-02
    0.3463282239E+00    0.3406860515E+00    0.5642172338E-02
    0.3065945036E+00    0.3162234131E+00   -0.9628909497E-02
    0.3115032551E+00    0.3236572744E+00   -0.1215401923E-01
    0.3727521742E+00    0.3780421217E+00   -0.5289947502E-02
    0.3203898125E+00    0.3400900713E+00   -0.1970025874E-01
    0.3689363424E+00    0.3704135523E+00   -0.1477209835E-02
    0.3769629583E+00    0.3642367058E+00    0.1272625250E-01
    0.3569607189E+00    0.3608813273E+00   -0.3920608420E-02
    0.3276713441E+00    0.3288294255E+00   -0.1158081420E-02
    0.3769364803E+00    0.3716037360E+00    0.5332744273E-02
    0.3710951698E+00    0.3772899203E+00   -0.6194750505E-02
    0.3068701886E+00    0.3084757954E+00   -0.1605606847E-02
    0.3934461789E+00    0.4027316890E+00   -0.9285510186E-02
    0.3356654485E+00    0.3377325115E+00   -0.2067062955E-02
    0.3316145550E+00    0.3390030304E+00   -0.7388475413E-02
    0.3243536271E+00    0.3356639654E+00   -0.1131033831E-01
    0.3252255627E+00    0.3294884834E+00   -0.4262920714E-02
    0.3261143142E+00    0.3234402512E+00    0.2674062923E-02
    0.3733715764E+00    0.3589930632E+00    0.1437851313E-01
    0.3694195579E+00    0.3468728101E+00    0.2254674772E-01
    0.3992104702E+00    0.4027456605E+00   -0.3535190262E-02
    0.3632482216E+00    0.3605542111E+00    0.2694010441E-02
    0.3345703037E+00    0.3348722092E+00   -0.3019055645E-03
    0.3236357173E+00    0.3114413625E+00    0.1219435485E-01
    0.3052152848E+00    0.2987758179E+00    0.6439466949E-02
    0.3722096650E+00    0.3855391148E+00   -0.1332944975E-01
    0.3654385006E+00    0.3775376281E+00   -0.1209912745E-01
    0.4366919796E+00    0.4305911115E+00    0.6100868118E-02
    0.3732358523E+00    0.3746013606E+00   -0.1365508381E-02
    0.4355520415E+00    0.4113448165E+00    0.2420722503E-01
    0.4304532498E+00    0.4208173469E+00    0.9635902964E-02
    0.4264919331E+00    0.4123857365E+00    0.1410619669E-01
    0.3410080471E+00    0.3538883197E+00   -0.1288027255E-01
    0.3008277403E+00    0.3052441482E+00   -0.4416407987E-02
    0.3624143566E+00    0.3557811892E+00    0.6633167320E-02
    0.3915106331E+00    0.3800871911E+00    0.1142344202E-01
