     Index       y_measurement           y_fitting        descriptor_1        descriptor_2        descriptor_3
         1    0.2935234994E+03    0.2767202450E+03    0.7810004265E+04    0.1171320312E+02    0.9767525853E+00
         2    0.1587309654E+03    0.1591435464E+03    0.6445757197E+04    0.1133117999E+02    0.8675081828E+00
         3    0.2635678493E+03    0.2378978917E+03    0.7595032892E+04    0.1185092234E+02    0.9972434284E+00
         4    0.2592711134E+03    0.2339754801E+03    0.7442491629E+04    0.1198019655E+02    0.9950942774E+00
         5    0.1533371356E+03    0.1610938834E+03    0.6539488325E+04    0.1122951220E+02    0.8669084175E+00
         6    0.1737380718E+03    0.1794486499E+03    0.6999074201E+04    0.1105549430E+02    0.8902354829E+00
         7    0.1354613601E+03    0.1297783728E+03    0.6250388509E+04    0.1155938626E+02    0.8918313517E+00
         8    0.1415692716E+03    0.1417802233E+03    0.6557624904E+04    0.1150265546E+02    0.9138421484E+00
         9    0.1215912466E+03    0.1214242572E+03    0.6671941511E+04    0.1266112490E+02    0.1065508206E+01
        10    0.1096500264E+03    0.1027007257E+03    0.6236978201E+04    0.1159841768E+02    0.9171073040E+00
        11    0.1139947988E+03    0.1096630027E+03    0.6384854528E+04    0.1167570101E+02    0.9375609271E+00
        12    0.3022450560E+03    0.3027099197E+03    0.7707892755E+04    0.1182548488E+02    0.9538049829E+00
        13    0.3443617784E+03    0.3343005744E+03    0.8486647425E+04    0.1125124264E+02    0.9639055897E+00
        14    0.1198075480E+03    0.9607523941E+02    0.5777130375E+04    0.1212392022E+02    0.9203373193E+00
        15    0.1135857840E+03    0.1053492047E+03    0.5935960955E+04    0.1220933752E+02    0.9410385306E+00
        16    0.2788580290E+03    0.2555537917E+03    0.7240104886E+04    0.1056160737E+02    0.8044759698E+00
        17    0.3189353197E+03    0.3074938945E+03    0.8176635465E+04    0.1012665026E+02    0.8313815806E+00
        18    0.1557885917E+03    0.1797536682E+03    0.6870678925E+04    0.1076018658E+02    0.8434107211E+00
        19    0.1177067906E+03    0.9625256381E+02    0.6012674121E+04    0.1057820269E+02    0.7888312865E+00
        20    0.1777489072E+03    0.1955155362E+03    0.7309097529E+04    0.1058064534E+02    0.8657342872E+00
        21    0.1784743125E+03    0.1767228640E+03    0.6599646535E+04    0.1111380181E+02    0.8491332787E+00
        22    0.1956337281E+03    0.1944529405E+03    0.7054534317E+04    0.1093329558E+02    0.8717326853E+00
        23    0.2605553334E+03    0.2631280666E+03    0.7807659332E+04    0.1156911161E+02    0.9729848897E+00
        24    0.2590247442E+03    0.2598274959E+03    0.7659728241E+04    0.1169947396E+02    0.9709941057E+00
        25    0.1618420223E+03    0.1907780940E+03    0.6943332048E+04    0.1074333366E+02    0.8413404927E+00
        26    0.1750833160E+03    0.2055506975E+03    0.7377155260E+04    0.1055973177E+02    0.8635093323E+00
        27    0.1299731940E+03    0.1608915693E+03    0.6739683116E+04    0.1097426516E+02    0.8653619278E+00
        28    0.1770777058E+03    0.1898621340E+03    0.6765801406E+04    0.1099689330E+02    0.8464632849E+00
        29    0.1509485565E+03    0.1597133745E+03    0.6476309708E+04    0.1133411050E+02    0.8711142684E+00
        30    0.1653278390E+03    0.1698985615E+03    0.6772760466E+04    0.1126773263E+02    0.8923228789E+00
        31    0.1854096194E+03    0.1825637321E+03    0.7089267652E+04    0.1233223810E+02    0.1031362019E+01
        32    0.1640343275E+03    0.1652774453E+03    0.6744431303E+04    0.1119247324E+02    0.8849044348E+00
        33    0.1464641946E+03    0.1462398841E+03    0.6460269737E+04    0.1037963503E+02    0.7813916649E+00
        34    0.1858012828E+03    0.1698791835E+03    0.6881094613E+04    0.1125173077E+02    0.9040924392E+00
        35    0.1653253369E+03    0.1670555519E+03    0.6662023051E+04    0.1134848651E+02    0.8893992323E+00
        36    0.1777252035E+03    0.1719360736E+03    0.6800267553E+04    0.1140908091E+02    0.9086862720E+00
        37    0.3048441671E+03    0.3077667248E+03    0.7784807306E+04    0.1159944767E+02    0.9355817507E+00
        38    0.3431197118E+03    0.3391935211E+03    0.8555851968E+04    0.1102589832E+02    0.9449380620E+00
        39    0.1196200687E+03    0.1084671891E+03    0.6396780658E+04    0.1125206563E+02    0.8960535769E+00
        40    0.9846246946E+02    0.8766483385E+02    0.6114248376E+04    0.1039464646E+02    0.7896042214E+00
        41    0.1234999985E+03    0.1149702799E+03    0.6541047163E+04    0.1132575344E+02    0.9160748553E+00
        42    0.2754221649E+03    0.2615927258E+03    0.7413406385E+04    0.1020578409E+02    0.7838799705E+00
        43    0.1012461757E+03    0.7663037756E+02    0.5668371680E+04    0.1085744247E+02    0.7917781624E+00
        44    0.3280589644E+03    0.3122579677E+03    0.8329629057E+04    0.9772419772E+01    0.8095136468E+00
        45    0.1336360451E+03    0.1118821538E+03    0.6012389012E+04    0.1200870909E+02    0.9241462915E+00
        46    0.2730061052E+03    0.2605585201E+03    0.7318748318E+04    0.1035424437E+02    0.7884501595E+00
        47    0.3342069804E+03    0.3120670054E+03    0.8245533086E+04    0.9917953475E+01    0.8143751920E+00
        48    0.2925690386E+03    0.2771943257E+03    0.7629300018E+04    0.1199199658E+02    0.9829282220E+00
        49    0.2499290681E+03    0.2386293202E+03    0.7326616483E+04    0.1224467147E+02    0.1004278412E+01
        50    0.2494959393E+03    0.2342744501E+03    0.7168375136E+04    0.1237677010E+02    0.1002082206E+01
        51    0.3044292394E+03    0.3032165412E+03    0.7612833184E+04    0.1199381341E+02    0.9590866394E+00
        52    0.3466922574E+03    0.3352700711E+03    0.8400524723E+04    0.1141481118E+02    0.9694083965E+00
        53    0.7539411855E+02    0.7788950868E+02    0.6285627334E+04    0.1268068287E+02    0.1056493030E+01
        54    0.8308542094E+02    0.1072691581E+03    0.6443525038E+04    0.1232007086E+02    0.1013767209E+01
        55    0.1161810959E+03    0.1215988066E+03    0.6522973651E+04    0.1214846929E+02    0.9936745256E+00
        56    0.1374857342E+03    0.1357210586E+03    0.6602755439E+04    0.1198230305E+02    0.9743628299E+00
        57    0.1810345920E+03    0.1634278012E+03    0.6763318536E+04    0.1166527537E+02    0.9379070777E+00
        58    0.2137989748E+03    0.1905391427E+03    0.6925214330E+04    0.1136713445E+02    0.9040809208E+00
        59    0.2362153392E+03    0.2171786257E+03    0.7088442820E+04    0.1108624135E+02    0.8726097495E+00
        60    0.2531818108E+03    0.2434487173E+03    0.7253004007E+04    0.1082114143E+02    0.8432559047E+00
        61    0.2540849331E+03    0.2564725071E+03    0.7335784361E+04    0.1069410345E+02    0.8293073108E+00
        62    0.2565445535E+03    0.2694348291E+03    0.7418897890E+04    0.1057053917E+02    0.8158126652E+00
        63    0.2716754675E+03    0.2952084794E+03    0.7586124470E+04    0.1033327695E+02    0.7900993721E+00
        64    0.1656333067E+03    0.1559140039E+03    0.6784136375E+04    0.1234595817E+02    0.1017524025E+01
        65    0.1614262859E+03    0.1736320604E+03    0.6894701483E+04    0.1196206277E+02    0.9763741562E+00
        66    0.1557274398E+03    0.1911244781E+03    0.7004531605E+04    0.1160801083E+02    0.9384232173E+00
        67    0.1765848111E+03    0.2084073844E+03    0.7113646459E+04    0.1128045257E+02    0.9033121445E+00
        68    0.2133581471E+03    0.2254952759E+03    0.7222067666E+04    0.1097652146E+02    0.8707336737E+00
        69    0.2477361032E+03    0.2424013794E+03    0.7329818935E+04    0.1069375012E+02    0.8404233243E+00
        70    0.2563639819E+03    0.2591379408E+03    0.7436926262E+04    0.1043000314E+02    0.8121522033E+00
        71    0.2589913668E+03    0.2674462670E+03    0.7490247251E+04    0.1030467376E+02    0.7987181067E+00
        72    0.2636269676E+03    0.2757164798E+03    0.7543418154E+04    0.1018342313E+02    0.7857212145E+00
        73    0.7419914298E+02    0.7938375272E+02    0.5624280483E+04    0.1359013334E+02    0.1067782731E+01
        74    0.1199555727E+03    0.1064007478E+03    0.5851106477E+04    0.1312370958E+02    0.1024600341E+01
        75    0.1275768211E+03    0.1198216263E+03    0.5965466867E+04    0.1290101705E+02    0.1004292947E+01
        76    0.1365911272E+03    0.1332112048E+03    0.6080455072E+04    0.1268492189E+02    0.9847748865E+00
        77    0.1664174620E+03    0.1599645395E+03    0.6312303726E+04    0.1227138474E+02    0.9479295676E+00
        78    0.1835905845E+03    0.1867786975E+03    0.6546630282E+04    0.1188097949E+02    0.9137419439E+00
        79    0.2269835653E+03    0.2137468879E+03    0.6783412977E+04    0.1151181805E+02    0.8819344711E+00
        80    0.2427378609E+03    0.2409427707E+03    0.7022630441E+04    0.1116221239E+02    0.8522669507E+00
        81    0.2489758592E+03    0.2546447782E+03    0.7143145644E+04    0.1099426373E+02    0.8381693019E+00
        82    0.2556213033E+03    0.2684244747E+03    0.7264261706E+04    0.1083064870E+02    0.8245304523E+00
        83    0.2752750396E+03    0.2962377326E+03    0.7508286199E+04    0.1051576547E+02    0.7985423865E+00
        84    0.3579410584E+03    0.3587855395E+03    0.8895049433E+04    0.1254157658E+02    0.1127787611E+01
        85    0.3560854796E+03    0.3551371584E+03    0.8774585401E+04    0.1265552701E+02    0.1127787611E+01
        86    0.3559526572E+03    0.3533253537E+03    0.8713817363E+04    0.1271324216E+02    0.1127787611E+01
        87    0.3545054002E+03    0.3515216971E+03    0.8652684037E+04    0.1277145918E+02    0.1127787611E+01
        88    0.3498113830E+03    0.3479384425E+03    0.8529296739E+04    0.1288942524E+02    0.1127787611E+01
        89    0.3429812803E+03    0.3443865208E+03    0.8404372239E+04    0.1300947921E+02    0.1127787611E+01
        90    0.3356323513E+03    0.3408648695E+03    0.8277856405E+04    0.1313167699E+02    0.1127787611E+01
        91    0.3316835756E+03    0.3373722270E+03    0.8149692019E+04    0.1325607654E+02    0.1127787611E+01
        92    0.3269858934E+03    0.3339070976E+03    0.8019818529E+04    0.1338273789E+02    0.1127787611E+01
        93    0.3207503283E+03    0.3304677339E+03    0.7888171786E+04    0.1351172331E+02    0.1127787611E+01
        94    0.7685966542E+02    0.8042064702E+02    0.6185577168E+04    0.1010225198E+02    0.7741935484E+00
        95    0.9037831757E+02    0.9031235794E+02    0.6241583394E+04    0.1011596570E+02    0.7741935484E+00
        96    0.9507898511E+02    0.9523890735E+02    0.6269399986E+04    0.1012288786E+02    0.7741935484E+00
        97    0.1152563537E+03    0.1001529740E+03    0.6297094403E+04    0.1012985412E+02    0.7741935484E+00
        98    0.1250793226E+03    0.1099447871E+03    0.6352123019E+04    0.1014392060E+02    0.7741935484E+00
        99    0.1376933148E+03    0.1196900188E+03    0.6406681526E+04    0.1015816857E+02    0.7741935484E+00
       100    0.1448486749E+03    0.1293908320E+03    0.6460781700E+04    0.1017260159E+02    0.7741935484E+00
       101    0.1532934530E+03    0.1390493267E+03    0.6514434836E+04    0.1018722328E+02    0.7741935484E+00
       102    0.1533473073E+03    0.1438633451E+03    0.6541097169E+04    0.1019460603E+02    0.7741935484E+00
       103    0.1575849665E+03    0.1486675470E+03    0.6567651774E+04    0.1020203735E+02    0.7741935484E+00
       104    0.1621881784E+03    0.1582474910E+03    0.6620442929E+04    0.1021704764E+02    0.7741935484E+00
       105    0.8311168116E+02    0.8302700809E+02    0.6060053382E+04    0.1059317881E+02    0.8074303406E+00
       106    0.7247803067E+02    0.8153564723E+02    0.5990259037E+04    0.1066426443E+02    0.8074303406E+00
       107    0.6678121200E+02    0.8073334856E+02    0.5955058912E+04    0.1069970774E+02    0.8074303406E+00
       108    0.6475675694E+02    0.7989264715E+02    0.5919652129E+04    0.1073508496E+02    0.8074303406E+00
       109    0.7030410540E+02    0.7809397907E+02    0.5848203905E+04    0.1080564190E+02    0.8074303406E+00
       110    0.6625141588E+02    0.7613535589E+02    0.5775883891E+04    0.1087593670E+02    0.8074303406E+00
       111    0.6514082646E+02    0.7401221938E+02    0.5702659746E+04    0.1094597083E+02    0.8074303406E+00
       112    0.7365959505E+02    0.7171971142E+02    0.5628497099E+04    0.1101574574E+02    0.8074303406E+00
       113    0.6708569690E+02    0.7050833572E+02    0.5591052496E+04    0.1105053643E+02    0.8074303406E+00
       114    0.6606186028E+02    0.6925264578E+02    0.5553359365E+04    0.1108526285E+02    0.8074303406E+00
       115    0.1593068290E+03    0.1609056735E+03    0.6556648248E+04    0.1038173344E+02    0.7811501597E+00
       116    0.1468949451E+03    0.1505262850E+03    0.6438385113E+04    0.1043828538E+02    0.7811501597E+00
       117    0.1388089549E+03    0.1451720601E+03    0.6378432432E+04    0.1046620155E+02    0.7811501597E+00
       118    0.1291537303E+03    0.1397056169E+03    0.6317911666E+04    0.1049388191E+02    0.7811501597E+00
       119    0.1235282770E+03    0.1284277817E+03    0.6195099319E+04    0.1054854707E+02    0.7811501597E+00
       120    0.1106958100E+03    0.1166748886E+03    0.6069806525E+04    0.1060230405E+02    0.7811501597E+00
       121    0.9736886424E+02    0.1044267771E+03    0.5941876878E+04    0.1065517529E+02    0.7811501597E+00
       122    0.9411222420E+02    0.9166068942E+02    0.5811136839E+04    0.1070718252E+02    0.7811501597E+00
       123    0.7726231874E+02    0.8507548378E+02    0.5744653341E+04    0.1073286872E+02    0.7811501597E+00
       124    0.6947861574E+02    0.7835086462E+02    0.5677392988E+04    0.1075834674E+02    0.7811501597E+00
       125    0.7451208676E+02    0.6446805901E+02    0.5540428689E+04    0.1080868829E+02    0.7811501597E+00
       126    0.8219213345E+02    0.8643082235E+02    0.6402105579E+04    0.1299189333E+02    0.1096017648E+01
       127    0.1193451659E+03    0.1316881051E+03    0.6818299812E+04    0.1223639134E+02    0.1030849031E+01
       128    0.1356927131E+03    0.1476048425E+03    0.6958777984E+04    0.1200549759E+02    0.1010814862E+01
       129    0.1672786173E+03    0.1805545273E+03    0.7242323938E+04    0.1157135912E+02    0.9729952587E+00
       130    0.2253661327E+03    0.2148728623E+03    0.7529289898E+04    0.1117054846E+02    0.9379036264E+00
       131    0.2698899312E+03    0.2504371688E+03    0.7819637614E+04    0.1079936971E+02    0.9052550825E+00
       132    0.2781444213E+03    0.2871443508E+03    0.8113330048E+04    0.1045465399E+02    0.8748030766E+00
       133    0.2994904688E+03    0.3058987096E+03    0.8261419278E+04    0.1029135088E+02    0.8603326498E+00
       134    0.3348078087E+03    0.3249071157E+03    0.8410331318E+04    0.1013366870E+02    0.8463331540E+00
       135    0.3536124748E+03    0.3636510335E+03    0.8710606634E+04    0.9834044955E+01    0.8196578970E+00
       136    0.1815617150E+03    0.1623676379E+03    0.6891847598E+04    0.1262258849E+02    0.1054136144E+01
       137    0.1851328402E+03    0.1792175370E+03    0.7114232689E+04    0.1208403857E+02    0.1011505639E+01
       138    0.1904213831E+03    0.1991126539E+03    0.7339973581E+04    0.1159817954E+02    0.9721891649E+00
       139    0.2062694130E+03    0.2215872159E+03    0.7569070275E+04    0.1115763924E+02    0.9358147404E+00
       140    0.2324792831E+03    0.2462734299E+03    0.7801522769E+04    0.1075635954E+02    0.9020640448E+00
       141    0.2580894811E+03    0.2728780801E+03    0.8037331064E+04    0.1038931599E+02    0.8706630813E+00
       142    0.3243674594E+03    0.3158788237E+03    0.8397335633E+04    0.9893935551E+01    0.8274572441E+00
       143    0.3451406716E+03    0.3309441860E+03    0.8519015057E+04    0.9741789455E+01    0.8139927032E+00
       144    0.8919480068E+02    0.9258423896E+02    0.5753516470E+04    0.1393237906E+02    0.1108172731E+01
       145    0.1207847205E+03    0.1200715607E+03    0.6108262732E+04    0.1330152390E+02    0.1063356922E+01
       146    0.1243448504E+03    0.1346600077E+03    0.6286179285E+04    0.1300515249E+02    0.1042281379E+01
       147    0.1408027874E+03    0.1497756816E+03    0.6464496333E+04    0.1272048207E+02    0.1022025027E+01
       148    0.1693828405E+03    0.1814933293E+03    0.6822432176E+04    0.1218357766E+02    0.9837859956E+00
       149    0.2357175677E+03    0.2503017784E+03    0.7544102259E+04    0.1122348456E+02    0.9152945655E+00
       150    0.2786727984E+03    0.2871163668E+03    0.7908115595E+04    0.1079254133E+02    0.8845048401E+00
       151    0.3075347098E+03    0.3060750017E+03    0.8090967186E+04    0.1058790513E+02    0.8698739330E+00
       152    0.3365297414E+03    0.3253842564E+03    0.8274398215E+04    0.1039001621E+02    0.8557191796E+00
       153    0.3525696231E+03    0.3650086404E+03    0.8643041361E+04    0.1001318793E+02    0.8287480880E+00
