     Index       y_measurement           y_fitting        descriptor_1        descriptor_2        descriptor_3
         1    0.4311771491E+00    0.4158536723E+00    0.1569444912E+02    0.4915888361E-03    0.2896822487E+04
         2    0.2780862305E+00    0.2879320059E+00    0.1633032861E+02    0.6899137428E-03    0.9043534047E+03
         3    0.2863966357E+00    0.2918496221E+00    0.1632181046E+02    0.6199771448E-03    0.1597670848E+04
         4    0.4080844591E+00    0.3736058230E+00    0.1590468838E+02    0.5593809701E-03    0.2176789139E+04
         5    0.2714353627E+00    0.2875519525E+00    0.1634187484E+02    0.6679626420E-03    0.7574630767E+03
         6    0.2872237083E+00    0.2904770069E+00    0.1633284300E+02    0.5997055991E-03    0.1774999054E+04
         7    0.2527832565E+00    0.2452082145E+00    0.1657292885E+02    0.6303136399E-03    0.9414977812E+03
         8    0.2151500840E+00    0.2011461290E+00    0.1683907343E+02    0.5350045923E-03    0.6772166978E+03
         9    0.2188755888E+00    0.1984218234E+00    0.1683562100E+02    0.5115110007E-03    0.2277002397E+04
        10    0.4565628182E+00    0.4537526397E+00    0.1548701338E+02    0.4005629533E-03    0.5352502460E+04
        11    0.4373163477E+00    0.4121865962E+00    0.1567693075E+02    0.6699158667E-03    0.1515910155E+04
        12    0.4371113264E+00    0.4279894835E+00    0.1551959596E+02    0.9276069067E-03    0.8780927825E+03
        13    0.2680617680E+00    0.2960960244E+00    0.1616843344E+02    0.1095862014E-02    0.0000000000E+00
        14    0.2877592344E+00    0.3016526485E+00    0.1615812336E+02    0.1004758749E-02    0.7045219669E+03
        15    0.3052002036E+00    0.3012529579E+00    0.1615188240E+02    0.9778110327E-03    0.1786083565E+04
        16    0.3162345360E+00    0.3109135636E+00    0.1614311340E+02    0.8815934409E-03    0.1148838856E+04
        17    0.3810698261E+00    0.4016386714E+00    0.1563409383E+02    0.1007999399E-02    0.6865282791E+03
        18    0.3893930302E+00    0.3990936685E+00    0.1563731252E+02    0.1037755931E-02    0.7060493910E+03
        19    0.2746515510E+00    0.3123563449E+00    0.1607569476E+02    0.1119099295E-02    0.0000000000E+00
        20    0.2119213688E+00    0.2217063201E+00    0.1680899156E+02    0.0000000000E+00    0.6871411405E+04
        21    0.2796253592E+00    0.3181035087E+00    0.1606525926E+02    0.1030549331E-02    0.5968744121E+03
        22    0.2307039824E+00    0.2245095433E+00    0.1681132651E+02    0.0000000000E+00    0.5801999736E+04
        23    0.2694453323E+00    0.2739592537E+00    0.1629961339E+02    0.1018547741E-02    0.6353066861E+03
        24    0.3020090589E+00    0.3188994192E+00    0.1607068996E+02    0.9547896596E-03    0.1560830044E+04
        25    0.3046928854E+00    0.3277733415E+00    0.1606128184E+02    0.8648457810E-03    0.1092884581E+04
        26    0.2681246117E+00    0.2781712461E+00    0.1629950230E+02    0.8852350913E-03    0.2014250238E+04
        27    0.2821058033E+00    0.2850258326E+00    0.1629331327E+02    0.8260871467E-03    0.1371293589E+04
        28    0.3155324828E+00    0.3102612662E+00    0.1601863482E+02    0.1308617483E-02    0.3569025145E+03
        29    0.3001533759E+00    0.2795079928E+00    0.1625879246E+02    0.1085071002E-02    0.0000000000E+00
        30    0.2820478834E+00    0.2828247809E+00    0.1651639261E+02    0.0000000000E+00    0.5157834344E+04
        31    0.3033097908E+00    0.2938053300E+00    0.1626570832E+02    0.7542604273E-03    0.1703963491E+04
        32    0.3195628020E+00    0.2968816307E+00    0.1626199772E+02    0.7312034875E-03    0.1401911285E+04
        33    0.4433412280E+00    0.4488842951E+00    0.1541562148E+02    0.8977466807E-03    0.1157996644E+04
        34    0.2294035237E+00    0.1942579895E+00    0.1674262679E+02    0.9704711347E-03    0.0000000000E+00
        35    0.1983230862E+00    0.1907838721E+00    0.1700489147E+02    0.0000000000E+00    0.4728435842E+04
        36    0.2315906063E+00    0.1935610611E+00    0.1673895511E+02    0.9489207096E-03    0.9061400973E+03
        37    0.4469048804E+00    0.4084112781E+00    0.1559798269E+02    0.1010167667E-02    0.6837123955E+03
        38    0.2339656649E+00    0.2006499592E+00    0.1669104775E+02    0.8636415707E-03    0.3350317643E+04
        39    0.2431243250E+00    0.2077815398E+00    0.1668843340E+02    0.8305008332E-03    0.1853317428E+04
        40    0.4234910986E+00    0.3937500612E+00    0.1560761111E+02    0.1201118884E-02    0.9526742035E+03
        41    0.3691071406E+00    0.3739529554E+00    0.1586884377E+02    0.6626302882E-03    0.2180588843E+04
        42    0.3793562733E+00    0.3715388163E+00    0.1587144015E+02    0.6839806854E-03    0.2370096011E+04
        43    0.2843223449E+00    0.2311565250E+00    0.1651845994E+02    0.9949520539E-03    0.1447354660E+04
        44    0.1426577999E+00    0.1707711821E+00    0.1689035126E+02    0.8950494091E-03    0.0000000000E+00
        45    0.1532933446E+00    0.2096285614E+00    0.1668858524E+02    0.8902362735E-03    0.0000000000E+00
        46    0.2124254665E+00    0.2284985614E+00    0.1659061961E+02    0.8878490657E-03    0.0000000000E+00
        47    0.2458956862E+00    0.2470133083E+00    0.1649450890E+02    0.8854746264E-03    0.0000000000E+00
        48    0.3168200734E+00    0.2830252198E+00    0.1630760025E+02    0.8807636459E-03    0.0000000000E+00
        49    0.3606096115E+00    0.3177554051E+00    0.1612738276E+02    0.8761025277E-03    0.0000000000E+00
        50    0.3855424304E+00    0.3512872102E+00    0.1595342052E+02    0.8714904843E-03    0.0000000000E+00
        51    0.3978840001E+00    0.3836970362E+00    0.1578531396E+02    0.8669267447E-03    0.0000000000E+00
        52    0.3956483535E+00    0.3995033631E+00    0.1570334069E+02    0.8646627523E-03    0.0000000000E+00
        53    0.3933726165E+00    0.4150550593E+00    0.1562269608E+02    0.8624105540E-03    0.0000000000E+00
        54    0.3988790197E+00    0.4454258445E+00    0.1546522924E+02    0.8579411731E-03    0.0000000000E+00
        55    0.2907721873E+00    0.2659061478E+00    0.1619058166E+02    0.1508774102E-02    0.0000000000E+00
        56    0.2766077859E+00    0.2864352745E+00    0.1607725674E+02    0.1526681699E-02    0.0000000000E+00
        57    0.2778108002E+00    0.2963497238E+00    0.1602237375E+02    0.1535795857E-02    0.0000000000E+00
        58    0.2595940232E+00    0.3060424808E+00    0.1596861491E+02    0.1545019491E-02    0.0000000000E+00
        59    0.2860637736E+00    0.3247956232E+00    0.1586429590E+02    0.1563803169E-02    0.0000000000E+00
        60    0.3834132326E+00    0.3765210067E+00    0.1557413088E+02    0.1622998302E-02    0.0000000000E+00
        61    0.3842960836E+00    0.3845489781E+00    0.1552872871E+02    0.1633302622E-02    0.0000000000E+00
        62    0.3898202890E+00    0.3924230235E+00    0.1548408875E+02    0.1643738620E-02    0.0000000000E+00
        63    0.4002315923E+00    0.4077300923E+00    0.1539698347E+02    0.1665015882E-02    0.0000000000E+00
        64    0.1342891712E+00    0.1618271462E+00    0.1680599852E+02    0.1216025354E-02    0.1607581014E+04
        65    0.2160994330E+00    0.2009313296E+00    0.1661402183E+02    0.1177530189E-02    0.1607581014E+04
        66    0.2259092688E+00    0.2198786296E+00    0.1652090250E+02    0.1159182333E-02    0.1607581014E+04
        67    0.2378831299E+00    0.2384418833E+00    0.1642960775E+02    0.1141397484E-02    0.1607581014E+04
        68    0.2813862858E+00    0.2744696978E+00    0.1625224538E+02    0.1107416238E-02    0.1607581014E+04
        69    0.3009395713E+00    0.3091156193E+00    0.1608146836E+02    0.1075399848E-02    0.1607581014E+04
        70    0.3605672677E+00    0.3424715851E+00    0.1591685005E+02    0.1045182685E-02    0.1607581014E+04
        71    0.3718718209E+00    0.3746215974E+00    0.1575799938E+02    0.1016617228E-02    0.1607581014E+04
        72    0.3770097654E+00    0.3902686648E+00    0.1568062351E+02    0.1002912139E-02    0.1607581014E+04
        73    0.3835882870E+00    0.4056425740E+00    0.1560455719E+02    0.9895716528E-03    0.1607581014E+04
        74    0.3997269348E+00    0.4356050933E+00    0.1545619300E+02    0.9639278010E-03    0.1607581014E+04
        75    0.4484240400E+00    0.4610717845E+00    0.1529288192E+02    0.0000000000E+00    0.2343978904E+05
        76    0.4533916717E+00    0.4606496721E+00    0.1529509093E+02    0.0000000000E+00    0.2343978904E+05
        77    0.4572457538E+00    0.4604389378E+00    0.1529619375E+02    0.0000000000E+00    0.2343978904E+05
        78    0.4592785290E+00    0.4602284157E+00    0.1529729546E+02    0.0000000000E+00    0.2343978904E+05
        79    0.4595310313E+00    0.4598080097E+00    0.1529949554E+02    0.0000000000E+00    0.2343978904E+05
        80    0.4578862221E+00    0.4593884597E+00    0.1530169114E+02    0.0000000000E+00    0.2343978904E+05
        81    0.4527502248E+00    0.4589697620E+00    0.1530388228E+02    0.0000000000E+00    0.2343978904E+05
        82    0.4509489184E+00    0.4585519166E+00    0.1530606896E+02    0.0000000000E+00    0.2343978904E+05
        83    0.4502571878E+00    0.4583433129E+00    0.1530716063E+02    0.0000000000E+00    0.2343978904E+05
        84    0.4477070965E+00    0.4577187862E+00    0.1531042892E+02    0.0000000000E+00    0.2343978904E+05
        85    0.1796044697E+00    0.2246195548E+00    0.1690300914E+02    0.0000000000E+00    0.0000000000E+00
        86    0.2246052236E+00    0.2321698469E+00    0.1686349675E+02    0.0000000000E+00    0.0000000000E+00
        87    0.2793822363E+00    0.2775227209E+00    0.1662615488E+02    0.0000000000E+00    0.0000000000E+00
        88    0.2956445844E+00    0.3002320162E+00    0.1650731199E+02    0.0000000000E+00    0.0000000000E+00
        89    0.3018347465E+00    0.3078066489E+00    0.1646767222E+02    0.0000000000E+00    0.0000000000E+00
        90    0.3104478013E+00    0.3229632158E+00    0.1638835447E+02    0.0000000000E+00    0.0000000000E+00
        91    0.1609983312E+00    0.1400835495E+00    0.1710227241E+02    0.0000000000E+00    0.1529028608E+05
        92    0.1354515406E+00    0.1404424791E+00    0.1710039405E+02    0.0000000000E+00    0.1529028608E+05
        93    0.1321953933E+00    0.1408024769E+00    0.1709851010E+02    0.0000000000E+00    0.1529028608E+05
        94    0.1444167407E+00    0.1418830053E+00    0.1709285545E+02    0.0000000000E+00    0.1529028608E+05
        95    0.1364241452E+00    0.1434442409E+00    0.1708468515E+02    0.0000000000E+00    0.1529028608E+05
        96    0.1509255145E+00    0.1480088435E+00    0.1706079755E+02    0.0000000000E+00    0.1529028608E+05
        97    0.1415712356E+00    0.1544962808E+00    0.1702684732E+02    0.0000000000E+00    0.1529028608E+05
        98    0.2769316302E+00    0.2476769565E+00    0.1648107267E+02    0.0000000000E+00    0.1894657067E+05
        99    0.2639498902E+00    0.2399437104E+00    0.1652154250E+02    0.0000000000E+00    0.1894657067E+05
       100    0.2484917914E+00    0.2324055179E+00    0.1656099157E+02    0.0000000000E+00    0.1894657067E+05
       101    0.2399862202E+00    0.2179142958E+00    0.1663682742E+02    0.0000000000E+00    0.1894657067E+05
       102    0.2176879084E+00    0.2042032865E+00    0.1670858024E+02    0.0000000000E+00    0.1894657067E+05
       103    0.1909003345E+00    0.1912724936E+00    0.1677625001E+02    0.0000000000E+00    0.1894657067E+05
       104    0.1864659655E+00    0.1791219135E+00    0.1683983675E+02    0.0000000000E+00    0.1894657067E+05
       105    0.1513056224E+00    0.1733392058E+00    0.1687009897E+02    0.0000000000E+00    0.1894657067E+05
       106    0.1346825959E+00    0.1677515499E+00    0.1689934044E+02    0.0000000000E+00    0.1894657067E+05
       107    0.1458560428E+00    0.1571614010E+00    0.1695476109E+02    0.0000000000E+00    0.1894657067E+05
       108    0.1545919717E+00    0.1622830258E+00    0.1688742535E+02    0.8314730174E-03    0.4292908531E+04
       109    0.1781381791E+00    0.2030380375E+00    0.1668291517E+02    0.8048152339E-03    0.4292908531E+04
       110    0.2335975515E+00    0.2421863653E+00    0.1648626825E+02    0.7798136954E-03    0.4292908531E+04
       111    0.2777107383E+00    0.2798386025E+00    0.1629695508E+02    0.7563186989E-03    0.4292908531E+04
       112    0.3556845611E+00    0.3160954229E+00    0.1611449230E+02    0.7341980555E-03    0.4292908531E+04
       113    0.3891821346E+00    0.3847824573E+00    0.1576838573E+02    0.6936241230E-03    0.4292908531E+04
       114    0.4103677372E+00    0.4012163287E+00    0.1568549324E+02    0.6841717893E-03    0.4292908531E+04
       115    0.4480318505E+00    0.4173736873E+00    0.1560396419E+02    0.6749736147E-03    0.4292908531E+04
       116    0.4593358219E+00    0.4488931019E+00    0.1544483038E+02    0.6572998124E-03    0.4292908531E+04
       117    0.3179402455E+00    0.2675971061E+00    0.1618740717E+02    0.1490388004E-02    0.2352589118E+02
       118    0.3068125379E+00    0.3022762657E+00    0.1601488835E+02    0.1463137342E-02    0.2352589118E+02
       119    0.3029599096E+00    0.3133586615E+00    0.1595980761E+02    0.1454273895E-02    0.2352589118E+02
       120    0.3140799395E+00    0.3348605928E+00    0.1585301031E+02    0.1436865304E-02    0.2352589118E+02
       121    0.3660323783E+00    0.3754343314E+00    0.1565173137E+02    0.1403269238E-02    0.2352589118E+02
       122    0.3946178759E+00    0.3946206597E+00    0.1555665970E+02    0.1387053542E-02    0.2352589118E+02
       123    0.4298996304E+00    0.4039613976E+00    0.1551039890E+02    0.1379085424E-02    0.2352589118E+02
       124    0.4491178787E+00    0.4131417915E+00    0.1546494727E+02    0.1371208331E-02    0.2352589118E+02
       125    0.4517514088E+00    0.4310439276E+00    0.1537635643E+02    0.1355721051E-02    0.2352589118E+02
       126    0.1592238765E+00    0.1671934617E+00    0.1680409070E+02    0.1214162135E-02    0.0000000000E+00
       127    0.2102269710E+00    0.2089633407E+00    0.1661014037E+02    0.1139262523E-02    0.0000000000E+00
       128    0.2116025279E+00    0.2290933777E+00    0.1651600985E+02    0.1105174353E-02    0.0000000000E+00
       129    0.2338955183E+00    0.2487533226E+00    0.1642368782E+02    0.1073066841E-02    0.0000000000E+00
       130    0.2688141384E+00    0.2867509968E+00    0.1624422308E+02    0.1014141206E-02    0.0000000000E+00
       131    0.3126505444E+00    0.3231166899E+00    0.1607128063E+02    0.9613502935E-03    0.0000000000E+00
       132    0.3424241728E+00    0.3579890126E+00    0.1590443467E+02    0.9137834821E-03    0.0000000000E+00
       133    0.3826141023E+00    0.3914890022E+00    0.1574329487E+02    0.8707018788E-03    0.0000000000E+00
       134    0.4122722955E+00    0.4077581730E+00    0.1566475161E+02    0.8506493506E-03    0.0000000000E+00
       135    0.4440677561E+00    0.4237232367E+00    0.1558750279E+02    0.8314996615E-03    0.0000000000E+00
       136    0.4524044644E+00    0.4547862543E+00    0.1543672865E+02    0.7956754130E-03    0.0000000000E+00
