     Index       y_measurement           y_fitting        descriptor_1        descriptor_2
         1    0.2595301222E+03    0.2582366579E+03    0.4113190748E+00    0.2180418499E-02
         2    0.2079026556E+03    0.2080530661E+03    0.3372876140E+00    0.2231567786E-02
         3    0.2226869444E+03    0.2217115741E+03    0.3594665621E+00    0.2176079074E-02
         4    0.2466663556E+03    0.2460045302E+03    0.3951441667E+00    0.2154588486E-02
         5    0.2405868667E+03    0.2407486995E+03    0.3873661955E+00    0.2160447279E-02
         6    0.2209334444E+03    0.2214601203E+03    0.3607432015E+00    0.2142594277E-02
         7    0.2036199000E+03    0.2049365868E+03    0.3365076858E+00    0.2156564461E-02
         8    0.1988755111E+03    0.2001300017E+03    0.3328618823E+00    0.2090914484E-02
         9    0.1820647889E+03    0.1845014391E+03    0.3091618834E+00    0.2120043555E-02
        10    0.1862727778E+03    0.1879856132E+03    0.3164197957E+00    0.2073117305E-02
        11    0.2604490667E+03    0.2600267172E+03    0.4119812629E+00    0.2219112486E-02
        12    0.2896785556E+03    0.2870162565E+03    0.4519305201E+00    0.2188860365E-02
        13    0.1894734000E+03    0.1863323315E+03    0.3037962058E+00    0.2283374753E-02
        14    0.1935410889E+03    0.1897763611E+03    0.3107678703E+00    0.2241138708E-02
        15    0.2416573111E+03    0.2431122192E+03    0.3868792521E+00    0.2239414761E-02
        16    0.2668892556E+03    0.2682443098E+03    0.4218798460E+00    0.2256284558E-02
        17    0.2110321000E+03    0.2153208196E+03    0.3498556090E+00    0.2186345239E-02
        18    0.1790172889E+03    0.1802787154E+03    0.3001680308E+00    0.2180960717E-02
        19    0.2256499111E+03    0.2292874889E+03    0.3723568981E+00    0.2133251049E-02
        20    0.2279487222E+03    0.2310911100E+03    0.3692271753E+00    0.2249995823E-02
        21    0.2568662444E+03    0.2592134799E+03    0.4099500455E+00    0.2236970139E-02
        22    0.2505142889E+03    0.2539968019E+03    0.4022544179E+00    0.2242285548E-02
        23    0.1817765778E+03    0.1831792454E+03    0.3040388796E+00    0.2186360850E-02
        24    0.2011406222E+03    0.2067680602E+03    0.3380275651E+00    0.2178902662E-02
        25    0.1819319111E+03    0.1829811577E+03    0.3047734513E+00    0.2165534959E-02
        26    0.2107032667E+03    0.2154939323E+03    0.3527684964E+00    0.2131745414E-02
        27    0.2151194444E+03    0.2203871869E+03    0.3526323210E+00    0.2277376922E-02
        28    0.2290660778E+03    0.2340233169E+03    0.3747349935E+00    0.2222797013E-02
        29    0.2044317667E+03    0.2088022996E+03    0.3357565027E+00    0.2284795007E-02
        30    0.2137194444E+03    0.2172104450E+03    0.3501552841E+00    0.2235369672E-02
        31    0.2164706222E+03    0.2202155380E+03    0.3565942930E+00    0.2191228596E-02
        32    0.1893699333E+03    0.1903883573E+03    0.3155676606E+00    0.2160708610E-02
        33    0.2062119333E+03    0.2068280079E+03    0.3398023762E+00    0.2144306122E-02
        34    0.2630736333E+03    0.2663571991E+03    0.4176914925E+00    0.2286970135E-02
        35    0.2928621333E+03    0.2933307248E+03    0.4574567814E+00    0.2260018052E-02
        36    0.1871043000E+03    0.1892981481E+03    0.3144299499E+00    0.2152182758E-02
        37    0.1764319667E+03    0.1773027132E+03    0.2981861628E+00    0.2134672804E-02
        38    0.2456214556E+03    0.2471705840E+03    0.3935004380E+00    0.2222289732E-02
        39    0.1790136222E+03    0.1776281849E+03    0.2934895833E+00    0.2240355587E-02
        40    0.1923749111E+03    0.1920202025E+03    0.3087397389E+00    0.2348174701E-02
        41    0.1980689000E+03    0.1953996676E+03    0.3156712514E+00    0.2304876182E-02
        42    0.2834870333E+03    0.2798633800E+03    0.4392473373E+00    0.2239795316E-02
        43    0.2641083000E+03    0.2615087521E+03    0.4086963537E+00    0.2329647666E-02
        44    0.2534758778E+03    0.2495689475E+03    0.3912444937E+00    0.2338501899E-02
        45    0.2469492333E+03    0.2444053785E+03    0.3836403141E+00    0.2343494880E-02
        46    0.2098778222E+03    0.2051048688E+03    0.3260239894E+00    0.2376173500E-02
        47    0.2611882111E+03    0.2630141867E+03    0.4107933337E+00    0.2330649720E-02
        48    0.2922040889E+03    0.2900105482E+03    0.4504489384E+00    0.2306610487E-02
        49    0.1898993111E+03    0.1912303915E+03    0.3194127690E+00    0.2106544750E-02
        50    0.1952178111E+03    0.1956429284E+03    0.3254765138E+00    0.2111174518E-02
        51    0.2016502556E+03    0.2000797919E+03    0.3315739389E+00    0.2115824683E-02
        52    0.2402382000E+03    0.2364861607E+03    0.3816159179E+00    0.2153776695E-02
        53    0.2422979556E+03    0.2411555757E+03    0.3880355646E+00    0.2158616642E-02
        54    0.2458938778E+03    0.2458524442E+03    0.3944932801E+00    0.2163478392E-02
        55    0.2082812222E+03    0.2042565612E+03    0.3330301786E+00    0.2207929501E-02
        56    0.2124671556E+03    0.2122643950E+03    0.3439431341E+00    0.2218204915E-02
        57    0.2147394667E+03    0.2161955429E+03    0.3492941284E+00    0.2223378571E-02
        58    0.2253844556E+03    0.2276935117E+03    0.3649188084E+00    0.2239045361E-02
        59    0.2347459556E+03    0.2351087868E+03    0.3749728300E+00    0.2249613126E-02
        60    0.2431637556E+03    0.2423203361E+03    0.3847315579E+00    0.2260281120E-02
        61    0.2513636333E+03    0.2493248467E+03    0.3941901999E+00    0.2271050774E-02
        62    0.2534225000E+03    0.2527483899E+03    0.3988054376E+00    0.2276474178E-02
        63    0.2547179556E+03    0.2561188685E+03    0.4033437668E+00    0.2281923548E-02
        64    0.2631218000E+03    0.2626988046E+03    0.4121870589E+00    0.2292900931E-02
        65    0.1924218778E+03    0.1884994393E+03    0.2997728681E+00    0.2429030770E-02
        66    0.1983598444E+03    0.1971233979E+03    0.3125513209E+00    0.2419088264E-02
        67    0.2065748778E+03    0.2058690841E+03    0.3254993313E+00    0.2409226819E-02
        68    0.2156308111E+03    0.2147349847E+03    0.3386147902E+00    0.2399445449E-02
        69    0.2237516111E+03    0.2237196382E+03    0.3518956620E+00    0.2389743181E-02
        70    0.2445528889E+03    0.2420396038E+03    0.3789458475E+00    0.2370572146E-02
        71    0.2477960889E+03    0.2466916661E+03    0.3858087846E+00    0.2365827352E-02
        72    0.2505340222E+03    0.2513722305E+03    0.3927114242E+00    0.2361101514E-02
        73    0.2601386889E+03    0.2608182344E+03    0.4066349333E+00    0.2351706252E-02
        74    0.3058445778E+03    0.3101912132E+03    0.4786950462E+00    0.2317265156E-02
        75    0.2990407000E+03    0.3032384558E+03    0.4687307054E+00    0.2318362519E-02
        76    0.2966810000E+03    0.3009383330E+03    0.4654341398E+00    0.2318728538E-02
        77    0.2926131333E+03    0.2963650120E+03    0.4588793710E+00    0.2319460922E-02
        78    0.2877935333E+03    0.2918284752E+03    0.4523770133E+00    0.2320193769E-02
        79    0.2820282667E+03    0.2828704576E+03    0.4395362358E+00    0.2321660853E-02
        80    0.2803237333E+03    0.2806558748E+03    0.4363615516E+00    0.2322027914E-02
        81    0.2792287556E+03    0.2784516195E+03    0.4332015829E+00    0.2322395091E-02
        82    0.2744485778E+03    0.2740748825E+03    0.4269269201E+00    0.2323129794E-02
        83    0.1886036444E+03    0.1789867346E+03    0.2985166404E+00    0.2177064489E-02
        84    0.1870368222E+03    0.1810265534E+03    0.3014563823E+00    0.2176407163E-02
        85    0.1870242778E+03    0.1820229597E+03    0.3028927437E+00    0.2176078649E-02
        86    0.1838565333E+03    0.1830038074E+03    0.3043069223E+00    0.2175750234E-02
        87    0.1853664667E+03    0.1849191526E+03    0.3070691955E+00    0.2175093701E-02
        88    0.1870591111E+03    0.1867732322E+03    0.3097441188E+00    0.2174437564E-02
        89    0.1889144889E+03    0.1885666768E+03    0.3123325910E+00    0.2173781823E-02
        90    0.1905193889E+03    0.1903001046E+03    0.3148354935E+00    0.2173126477E-02
        91    0.1899346000E+03    0.1911445022E+03    0.3160551269E+00    0.2172798952E-02
        92    0.1915395111E+03    0.1919741221E+03    0.3172536906E+00    0.2172471526E-02
        93    0.1921652444E+03    0.1935893236E+03    0.3195880298E+00    0.2171816970E-02
        94    0.1813102889E+03    0.1724191813E+03    0.2945224894E+00    0.2067142574E-02
        95    0.1730694778E+03    0.1723173969E+03    0.2935753877E+00    0.2083567089E-02
        96    0.1704806556E+03    0.1722391137E+03    0.2926489388E+00    0.2100254697E-02
        97    0.1700829333E+03    0.1721873557E+03    0.2917471419E+00    0.2117211771E-02
        98    0.1692373444E+03    0.1721655613E+03    0.2908745771E+00    0.2134444890E-02
        99    0.1700707556E+03    0.1721776562E+03    0.2900365083E+00    0.2151960850E-02
       100    0.1708686111E+03    0.1722281399E+03    0.2892390065E+00    0.2169766673E-02
       101    0.1718423667E+03    0.1722693665E+03    0.2888576229E+00    0.2178780541E-02
       102    0.1740759667E+03    0.1723221928E+03    0.2884891017E+00    0.2187869613E-02
       103    0.1730707556E+03    0.1724658068E+03    0.2877949689E+00    0.2206277170E-02
       104    0.1967226222E+03    0.1930883522E+03    0.3192955051E+00    0.2163183369E-02
       105    0.1931341889E+03    0.1917822144E+03    0.3165688480E+00    0.2180894357E-02
       106    0.1907203222E+03    0.1910832378E+03    0.3151347483E+00    0.2189859054E-02
       107    0.1876005778E+03    0.1903528178E+03    0.3136522142E+00    0.2198897754E-02
       108    0.1853022667E+03    0.1887949684E+03    0.3105378432E+00    0.2217200864E-02
       109    0.1818018444E+03    0.1871030035E+03    0.3072172949E+00    0.2235811233E-02
       110    0.1787971889E+03    0.1822441842E+03    0.2979512798E+00    0.2283733278E-02
       111    0.1796762778E+03    0.1811573738E+03    0.2959219953E+00    0.2293565265E-02
       112    0.1785659444E+03    0.1788605164E+03    0.2916752503E+00    0.2313485418E-02
       113    0.1863562667E+03    0.1839581748E+03    0.3132018772E+00    0.2021449301E-02
       114    0.1967213778E+03    0.1968761109E+03    0.3312106378E+00    0.2029743642E-02
       115    0.2028386333E+03    0.2034123183E+03    0.3403238694E+00    0.2033916389E-02
       116    0.2193693111E+03    0.2233258561E+03    0.3680931460E+00    0.2046538211E-02
       117    0.2362448000E+03    0.2368523967E+03    0.3869593002E+00    0.2055040150E-02
       118    0.2532290889E+03    0.2505766913E+03    0.4061038777E+00    0.2063613023E-02
       119    0.2862961111E+03    0.2786089853E+03    0.4452145042E+00    0.2080975152E-02
       120    0.2959017111E+03    0.2929124056E+03    0.4651739367E+00    0.2089766236E-02
       121    0.2194879000E+03    0.2179903227E+03    0.3556194911E+00    0.2146233682E-02
       122    0.2250481778E+03    0.2240146002E+03    0.3639770932E+00    0.2150936897E-02
       123    0.2306701222E+03    0.2300155181E+03    0.3723003887E+00    0.2155660770E-02
       124    0.2418327444E+03    0.2419482033E+03    0.3888453567E+00    0.2165171038E-02
       125    0.2531147778E+03    0.2537902042E+03    0.4052569437E+00    0.2174765592E-02
       126    0.2798409111E+03    0.2772092131E+03    0.4376898174E+00    0.2194212081E-02
       127    0.2875471778E+03    0.2830100071E+03    0.4457184622E+00    0.2199128164E-02
       128    0.3012605778E+03    0.3002862034E+03    0.4696180281E+00    0.2214009483E-02
       129    0.2096941111E+03    0.2088611678E+03    0.3331510733E+00    0.2339870303E-02
       130    0.2163081222E+03    0.2153502138E+03    0.3426506156E+00    0.2334755034E-02
       131    0.2288574333E+03    0.2285351887E+03    0.3619413378E+00    0.2324591299E-02
       132    0.2417612556E+03    0.2419903779E+03    0.3816129326E+00    0.2314515671E-02
       133    0.2556504667E+03    0.2557095506E+03    0.4016565742E+00    0.2304527009E-02
       134    0.2737433333E+03    0.2696869900E+03    0.4220641683E+00    0.2294624192E-02
       135    0.2900036000E+03    0.2839174162E+03    0.4428282425E+00    0.2284806118E-02
       136    0.2989490444E+03    0.2983959255E+03    0.4639418598E+00    0.2275071704E-02
