	 Y 	 Y_pred 	 diff
    0.4077056391E+02    0.3655518274E+02    0.4215381171E+01
    0.1322564577E+03    0.1265902123E+03    0.5666245370E+01
    0.9788397509E+02    0.9898035891E+02   -0.1096383813E+01
    0.6496802097E+02    0.6887906340E+02   -0.3911042435E+01
    0.6830351287E+02    0.6992245282E+02   -0.1618939945E+01
    0.3499053213E+02    0.2896177712E+02    0.6028755016E+01
    0.4815536762E+02    0.3981308126E+02    0.8342286361E+01
    0.4146923460E+02    0.4718325583E+02   -0.5714021231E+01
    0.4958492797E+02    0.5187171207E+02   -0.2286784099E+01
    0.9637614321E+02    0.9835512064E+02   -0.1978977431E+01
    0.9738927426E+02    0.1022823488E+03   -0.4893074565E+01
    0.9929422704E+02    0.1063096715E+03   -0.7015444469E+01
    0.2584017448E+02    0.3239268649E+02   -0.6552512012E+01
    0.4914067848E+02    0.5200991884E+02   -0.2869240363E+01
    0.6067555305E+02    0.6206646027E+02   -0.1390907218E+01
    0.9342154533E+02    0.9781044705E+02   -0.4388901717E+01
    0.1367350903E+03    0.1406533085E+03   -0.3918218164E+01
    0.1317766937E+03    0.1345978049E+03   -0.2821111179E+01
    0.3359039622E+02    0.3362347458E+02   -0.3307835869E-01
    0.4129513778E+02    0.3531703762E+02    0.5978100164E+01
    0.5781327978E+02    0.5256467957E+02    0.5248600204E+01
    0.5965727763E+02    0.5608341301E+02    0.3573864622E+01
    0.2919065394E+02    0.2492005139E+02    0.4270602550E+01
    0.2308806005E+02    0.2384208141E+02   -0.7540213638E+00
    0.5034060812E+02    0.4937536233E+02    0.9652457919E+00
    0.4661720364E+02    0.4741166811E+02   -0.7944644694E+00
    0.3957606325E+02    0.3984477811E+02   -0.2687148621E+00
    0.6092121335E+02    0.6716368259E+02   -0.6242469244E+01
    0.1282697765E+03    0.1192846775E+03    0.8985098939E+01
    0.7595481374E+02    0.8220668341E+02   -0.6251869670E+01
    0.1236164255E+03    0.1173025680E+03    0.6313857481E+01
    0.4437180400E+02    0.5091936682E+02   -0.6547562819E+01
    0.1047380597E+03    0.1079222901E+03   -0.3184230319E+01
    0.1352458823E+03    0.1340034616E+03    0.1242420685E+01
    0.5573694755E+02    0.5944948982E+02   -0.3712542268E+01
    0.4895849377E+02    0.4735467372E+02    0.1603820044E+01
    0.1218090654E+03    0.1173046805E+03    0.4504384831E+01
    0.6554370379E+02    0.6315211732E+02    0.2391586473E+01
    0.5888624772E+02    0.6791882206E+02   -0.9032574340E+01
    0.6380085368E+02    0.7770265726E+02   -0.1390180358E+02
    0.6014871550E+02    0.5768457996E+02    0.2464135544E+01
    0.6068008934E+02    0.5708032865E+02    0.3599760695E+01
    0.6555221939E+02    0.5856964590E+02    0.6982573485E+01
    0.4434460389E+02    0.4036701919E+02    0.3977584703E+01
    0.1256431161E+03    0.1186322490E+03    0.7010867191E+01
    0.1038482190E+03    0.9533840332E+02    0.8509815680E+01
    0.2632643497E+02    0.2600215930E+02    0.3242756736E+00
    0.6671768541E+02    0.5862115249E+02    0.8096532919E+01
    0.7983276551E+02    0.6887104650E+02    0.1096171901E+02
    0.8885745041E+02    0.7887073382E+02    0.9986716588E+01
    0.1025991163E+03    0.1075668937E+03   -0.4967777437E+01
    0.5640091467E+02    0.6557099304E+02   -0.9170078372E+01
    0.4572791662E+02    0.4162345090E+02    0.4104465722E+01
    0.8475483777E+02    0.7750664698E+02    0.7248190793E+01
    0.1366336255E+03    0.1468176286E+03   -0.1018400303E+02
    0.1287616307E+03    0.1340139522E+03   -0.5252321521E+01
    0.2326547267E+02    0.3189137510E+02   -0.8625902423E+01
    0.3452159350E+02    0.3788488591E+02   -0.3363292414E+01
    0.3332059993E+02    0.3432888543E+02   -0.1008285504E+01
    0.4875284720E+02    0.5199319285E+02   -0.3240345651E+01
    0.1047424560E+03    0.1093598034E+03   -0.4617347431E+01
    0.1134858481E+03    0.1159362811E+03   -0.2450433044E+01
    0.6693454681E+02    0.5058926489E+02    0.1634528192E+02
    0.9652639442E+02    0.1014916653E+03   -0.4965270882E+01
    0.1322700957E+03    0.1235993523E+03    0.8670743361E+01
    0.3130959377E+02    0.2375823862E+02    0.7551355153E+01
    0.4308292970E+02    0.3837128430E+02    0.4711645400E+01
    0.1165991300E+03    0.1154571969E+03    0.1141933137E+01
    0.9969179946E+02    0.9042801586E+02    0.9263783596E+01
    0.5114042588E+02    0.4999274855E+02    0.1147677324E+01
    0.4348442747E+02    0.4865482651E+02   -0.5170399038E+01
    0.1156620276E+03    0.1114751278E+03    0.4186899804E+01
    0.4295367200E+02    0.3395320935E+02    0.9000462653E+01
    0.4050309916E+02    0.3560927278E+02    0.4893826375E+01
    0.1066234624E+03    0.9620213389E+02    0.1042132847E+02
    0.4232796680E+02    0.3162944242E+02    0.1069852438E+02
    0.4667560663E+02    0.5740063789E+02   -0.1072503126E+02
    0.6882396517E+02    0.5900440881E+02    0.9819556359E+01
    0.1314904999E+03    0.1278960863E+03    0.3594413574E+01
    0.1048738256E+03    0.9845579765E+02    0.6418027907E+01
    0.3601177755E+02    0.2624547437E+02    0.9766303179E+01
    0.1281946021E+03    0.1149894203E+03    0.1320518189E+02
    0.1112114300E+03    0.1046721152E+03    0.6539314747E+01
    0.1165733788E+03    0.1118889223E+03    0.4684456428E+01
    0.1331123282E+03    0.1266645789E+03    0.6447749285E+01
    0.7910835546E+02    0.8258138339E+02   -0.3473027933E+01
    0.9311991210E+02    0.8956673224E+02    0.3553179859E+01
    0.1252984708E+03    0.1262749204E+03   -0.9764495875E+00
    0.2683497468E+02    0.2889611760E+02   -0.2061142925E+01
    0.3183535065E+02    0.3205674608E+02   -0.2213954289E+00
    0.4507237259E+02    0.3844488051E+02    0.6627492073E+01
    0.4998604832E+02    0.4167273930E+02    0.8313309022E+01
    0.5611450524E+02    0.4819691458E+02    0.7917590661E+01
    0.2533836578E+02    0.2482349448E+02    0.5148713040E+00
    0.2267877177E+02    0.2318291540E+02   -0.5041436222E+00
    0.2337586858E+02    0.2264602633E+02    0.7298422404E+00
    0.2299003363E+02    0.2247656855E+02    0.5134650853E+00
    0.5835275562E+02    0.5402415234E+02    0.4328603281E+01
    0.4256436714E+02    0.5018193437E+02   -0.7617567233E+01
    0.1020479867E+03    0.9234766543E+02    0.9700321259E+01
    0.6809255274E+02    0.6680746162E+02    0.1285091116E+01
    0.8630026423E+02    0.9046611407E+02   -0.4165849838E+01
    0.6377679169E+02    0.7016819029E+02   -0.6391398599E+01
    0.3917125463E+02    0.3807048054E+02    0.1100774089E+01
    0.1166603165E+03    0.1115956005E+03    0.5064716043E+01
    0.6493284567E+02    0.7587938761E+02   -0.1094654194E+02
    0.3852234119E+02    0.3974506236E+02   -0.1222721175E+01
    0.4197241641E+02    0.4084525192E+02    0.1127164498E+01
    0.5677301169E+02    0.6335646917E+02   -0.6583457471E+01
    0.6979480419E+02    0.7741365763E+02   -0.7618853437E+01
    0.6029149555E+02    0.6174368222E+02   -0.1452186670E+01
    0.4500912398E+02    0.3646161211E+02    0.8547511875E+01
    0.5967295456E+02    0.4557933926E+02    0.1409361530E+02
    0.2911030054E+02    0.3850769710E+02   -0.9397396559E+01
    0.6056238656E+02    0.5542128101E+02    0.5141105547E+01
    0.5965694308E+02    0.6327644445E+02   -0.3619501371E+01
    0.1053096570E+03    0.1084244084E+03   -0.3114751443E+01
    0.9610191643E+02    0.9837844000E+02   -0.2276523574E+01
    0.1371480612E+03    0.1509791577E+03   -0.1383109650E+02
    0.1362592133E+03    0.1446060672E+03   -0.8346853920E+01
    0.1344648149E+03    0.1413903102E+03   -0.6925495253E+01
    0.1271803418E+03    0.1316327157E+03   -0.4452373906E+01
    0.1262177758E+03    0.1299911379E+03   -0.3773362040E+01
    0.2456282289E+02    0.3113410838E+02   -0.6571285495E+01
    0.2578843305E+02    0.2835564980E+02   -0.2567216750E+01
    0.2450184071E+02    0.2648100406E+02   -0.1979163356E+01
    0.4446999058E+02    0.4532201796E+02   -0.8520273793E+00
    0.2705301994E+02    0.3262216083E+02   -0.5569140886E+01
    0.3504358803E+02    0.3752122505E+02   -0.2477637025E+01
    0.6904760257E+02    0.6550337625E+02    0.3544226314E+01
    0.1104302259E+03    0.1136079585E+03   -0.3177732609E+01
    0.1360948904E+03    0.1359000313E+03    0.1948590891E+00
    0.6152011377E+02    0.6794690452E+02   -0.6426790757E+01
    0.7558678816E+02    0.8213653862E+02   -0.6549750457E+01
    0.8754089957E+02    0.9608530142E+02   -0.8544401851E+01
    0.1287812479E+03    0.1231251621E+03    0.5656085766E+01
    0.1119034582E+03    0.1042222076E+03    0.7681250641E+01
    0.5781486579E+02    0.5942850351E+02   -0.1613637716E+01
    0.9817976135E+02    0.8838123259E+02    0.9798528755E+01
    0.6345732320E+02    0.6494437801E+02   -0.1487054816E+01
    0.5656963783E+02    0.6581702766E+02   -0.9247389829E+01
    0.7208525840E+02    0.7139789778E+02    0.6873606255E+00
    0.9754851806E+02    0.9675246765E+02    0.7960504067E+00
    0.5481318806E+02    0.5754605334E+02   -0.2732865274E+01
    0.5341138887E+02    0.5035108040E+02    0.3060308474E+01
    0.1166313876E+03    0.1149533935E+03    0.1677994101E+01
    0.4292238571E+02    0.3990685573E+02    0.3015529976E+01
    0.9355975646E+02    0.9261405005E+02    0.9457064104E+00
    0.9368174085E+02    0.9000973421E+02    0.3672006649E+01
    0.9558693600E+02    0.9173943106E+02    0.3847504945E+01
    0.9586478718E+02    0.9691544534E+02   -0.1050658156E+01
    0.9672791808E+02    0.1021201388E+03   -0.5392220699E+01
    0.5877006947E+02    0.6691634836E+02   -0.8146278895E+01
    0.6447432788E+02    0.7752850715E+02   -0.1305417927E+02
    0.4286544992E+02    0.4241810090E+02    0.4473490228E+00
    0.6733571392E+02    0.7237466694E+02   -0.5038953028E+01
    0.9094232811E+02    0.9272865820E+02   -0.1786330097E+01
    0.1039844407E+03    0.1130558878E+03   -0.9071447086E+01
    0.1228725759E+03    0.1252992383E+03   -0.2426662358E+01
    0.5277935237E+02    0.4583336924E+02    0.6945983128E+01
    0.5615313588E+02    0.5105754801E+02    0.5095587868E+01
    0.2253675731E+02    0.2461336554E+02   -0.2076608235E+01
    0.5348496578E+02    0.5165872001E+02    0.1826245769E+01
    0.2419926750E+02    0.2975190815E+02   -0.5552640647E+01
    0.2604492204E+02    0.2650247154E+02   -0.4575494938E+00
    0.2880918270E+02    0.3440685481E+02   -0.5597672110E+01
    0.8402862800E+02    0.7949383677E+02    0.4534791230E+01
    0.1359182557E+03    0.1327759321E+03    0.3142323541E+01
    0.6988379938E+02    0.7443242148E+02   -0.4548622100E+01
    0.5059350036E+02    0.5714540625E+02   -0.6551905892E+01
