	 Y 	 Y_pred 	 diff
    0.4077056391E+02    0.4327389532E+02   -0.2503331407E+01
    0.1322564577E+03    0.1297013739E+03    0.2555083774E+01
    0.9788397509E+02    0.1033920512E+03   -0.5508076091E+01
    0.6496802097E+02    0.6663773340E+02   -0.1669712436E+01
    0.6830351287E+02    0.7172932314E+02   -0.3425810266E+01
    0.3499053213E+02    0.3467502100E+02    0.3155111317E+00
    0.4815536762E+02    0.3776863589E+02    0.1038673174E+02
    0.4146923460E+02    0.5112151636E+02   -0.9652281767E+01
    0.4958492797E+02    0.5486458516E+02   -0.5279657189E+01
    0.9637614321E+02    0.9716350503E+02   -0.7873618274E+00
    0.9738927426E+02    0.1003851826E+03   -0.2995908294E+01
    0.9929422704E+02    0.1036157293E+03   -0.4321502245E+01
    0.2584017448E+02    0.2816822663E+02   -0.2328052144E+01
    0.4914067848E+02    0.4436659834E+02    0.4774080135E+01
    0.6067555305E+02    0.5315845504E+02    0.7517098011E+01
    0.9342154533E+02    0.8783280086E+02    0.5588744476E+01
    0.1367350903E+03    0.1438981204E+03   -0.7163030114E+01
    0.1317766937E+03    0.1348119755E+03   -0.3035281729E+01
    0.3359039622E+02    0.3865583691E+02   -0.5065440687E+01
    0.4129513778E+02    0.3966271968E+02    0.1632418103E+01
    0.5781327978E+02    0.4971480657E+02    0.8098473210E+01
    0.5965727763E+02    0.5172157858E+02    0.7935699046E+01
    0.2919065394E+02    0.3242751377E+02   -0.3236859831E+01
    0.2308806005E+02    0.2745941573E+02   -0.4371355679E+01
    0.5034060812E+02    0.4603230852E+02    0.4308299601E+01
    0.4661720364E+02    0.4445180056E+02    0.2165403078E+01
    0.3957606325E+02    0.3798495125E+02    0.1591111998E+01
    0.6092121335E+02    0.7293883668E+02   -0.1201762333E+02
    0.1282697765E+03    0.1231468881E+03    0.5122888397E+01
    0.7595481374E+02    0.8839586264E+02   -0.1244104891E+02
    0.1236164255E+03    0.1240996964E+03   -0.4832709345E+00
    0.4437180400E+02    0.4646043453E+02   -0.2088630528E+01
    0.1047380597E+03    0.1046330320E+03    0.1050277204E+00
    0.1352458823E+03    0.1359441227E+03   -0.6982403294E+00
    0.5573694755E+02    0.5688267723E+02   -0.1145729674E+01
    0.4895849377E+02    0.4587954896E+02    0.3078944806E+01
    0.1218090654E+03    0.1139012155E+03    0.7907849824E+01
    0.6554370379E+02    0.6150023778E+02    0.4043466011E+01
    0.5888624772E+02    0.7012003880E+02   -0.1123379108E+02
    0.6380085368E+02    0.7959538288E+02   -0.1579452920E+02
    0.6014871550E+02    0.5846504626E+02    0.1683669239E+01
    0.6068008934E+02    0.5704504239E+02    0.3635046950E+01
    0.6555221939E+02    0.5977775477E+02    0.5774464616E+01
    0.4434460389E+02    0.4763206105E+02   -0.3287457160E+01
    0.1256431161E+03    0.1198355186E+03    0.5807597526E+01
    0.1038482190E+03    0.9399526773E+02    0.9852951272E+01
    0.2632643497E+02    0.4047217068E+02   -0.1414573571E+02
    0.6671768541E+02    0.6257894195E+02    0.4138743458E+01
    0.7983276551E+02    0.7061872339E+02    0.9214042123E+01
    0.8885745041E+02    0.7901014978E+02    0.9847300634E+01
    0.1025991163E+03    0.1063952844E+03   -0.3796168058E+01
    0.5640091467E+02    0.7180275100E+02   -0.1540183633E+02
    0.4572791662E+02    0.4023884444E+02    0.5489072180E+01
    0.8475483777E+02    0.7213245142E+02    0.1262238635E+02
    0.1366336255E+03    0.1452626486E+03   -0.8629023121E+01
    0.1287616307E+03    0.1307973120E+03   -0.2035681319E+01
    0.2326547267E+02    0.3074605826E+02   -0.7480585583E+01
    0.3452159350E+02    0.3478215845E+02   -0.2605649564E+00
    0.3332059993E+02    0.3141441151E+02    0.1906188420E+01
    0.4875284720E+02    0.6214207492E+02   -0.1338922772E+02
    0.1047424560E+03    0.1092009150E+03   -0.4458459082E+01
    0.1134858481E+03    0.1159080511E+03   -0.2422203052E+01
    0.6693454681E+02    0.6179873730E+02    0.5135809510E+01
    0.9652639442E+02    0.1078914794E+03   -0.1136508495E+02
    0.1322700957E+03    0.1292726592E+03    0.2997436460E+01
    0.3130959377E+02    0.3064209100E+02    0.6675027767E+00
    0.4308292970E+02    0.4104954230E+02    0.2033387406E+01
    0.1165991300E+03    0.1118494268E+03    0.4749703194E+01
    0.9969179946E+02    0.9135698743E+02    0.8334812027E+01
    0.5114042588E+02    0.5157695621E+02   -0.4365303377E+00
    0.4348442747E+02    0.5369826668E+02   -0.1021383921E+02
    0.1156620276E+03    0.1072200930E+03    0.8441934642E+01
    0.4295367200E+02    0.3191509611E+02    0.1103857589E+02
    0.4050309916E+02    0.3478802950E+02    0.5715069660E+01
    0.1066234624E+03    0.8921137880E+02    0.1741208356E+02
    0.4232796680E+02    0.3420423751E+02    0.8123729295E+01
    0.4667560663E+02    0.5949752315E+02   -0.1282191652E+02
    0.6882396517E+02    0.6069511831E+02    0.8128846858E+01
    0.1314904999E+03    0.1322695424E+03   -0.7790425155E+00
    0.1048738256E+03    0.9536223266E+02    0.9511592895E+01
    0.3601177755E+02    0.2693346260E+02    0.9078314950E+01
    0.1281946021E+03    0.1167702833E+03    0.1142431886E+02
    0.1112114300E+03    0.9887726817E+02    0.1233416181E+02
    0.1165733788E+03    0.1048660528E+03    0.1170732596E+02
    0.1331123282E+03    0.1259861698E+03    0.7126158386E+01
    0.7910835546E+02    0.8352874199E+02   -0.4420386533E+01
    0.9311991210E+02    0.8978458409E+02    0.3335328015E+01
    0.1252984708E+03    0.1223851521E+03    0.2913318693E+01
    0.2683497468E+02    0.3555792181E+02   -0.8722947132E+01
    0.3183535065E+02    0.3754058228E+02   -0.5705231630E+01
    0.4507237259E+02    0.4150230275E+02    0.3570069834E+01
    0.4998604832E+02    0.4348136493E+02    0.6504683390E+01
    0.5611450524E+02    0.4743589861E+02    0.8678606631E+01
    0.2533836578E+02    0.3121370980E+02   -0.5875344019E+01
    0.2267877177E+02    0.2623979234E+02   -0.3561020572E+01
    0.2337586858E+02    0.2428161416E+02   -0.9057455857E+00
    0.2299003363E+02    0.2361700492E+02   -0.6269712883E+00
    0.5835275562E+02    0.5037078972E+02    0.7981965905E+01
    0.4256436714E+02    0.5659900503E+02   -0.1403463790E+02
    0.1020479867E+03    0.9549669740E+02    0.6551289285E+01
    0.6809255274E+02    0.6964924447E+02   -0.1556691733E+01
    0.8630026423E+02    0.9697503475E+02   -0.1067477052E+02
    0.6377679169E+02    0.6513784427E+02   -0.1361052572E+01
    0.3917125463E+02    0.4068876180E+02   -0.1517507165E+01
    0.1166603165E+03    0.1128952469E+03    0.3765069624E+01
    0.6493284567E+02    0.7694205972E+02   -0.1200921405E+02
    0.3852234119E+02    0.3700910430E+02    0.1513236891E+01
    0.4197241641E+02    0.3848778246E+02    0.3484633959E+01
    0.5677301169E+02    0.6619109554E+02   -0.9418083847E+01
    0.6979480419E+02    0.7678241526E+02   -0.6987611070E+01
    0.6029149555E+02    0.6135445082E+02   -0.1062955269E+01
    0.4500912398E+02    0.3498854325E+02    0.1002058073E+02
    0.5967295456E+02    0.4349735401E+02    0.1617560055E+02
    0.2911030054E+02    0.4768011316E+02   -0.1856981262E+02
    0.6056238656E+02    0.5997877935E+02    0.5836072053E+00
    0.5965694308E+02    0.6914959277E+02   -0.9492649692E+01
    0.1053096570E+03    0.1107223821E+03   -0.5412725092E+01
    0.9610191643E+02    0.9382455922E+02    0.2277357207E+01
    0.1371480612E+03    0.1502218941E+03   -0.1307383288E+02
    0.1362592133E+03    0.1429140243E+03   -0.6654811048E+01
    0.1344648149E+03    0.1392566161E+03   -0.4791801157E+01
    0.1271803418E+03    0.1282704718E+03   -0.1090129957E+01
    0.1262177758E+03    0.1264374149E+03   -0.2196390146E+00
    0.2456282289E+02    0.2883231383E+02   -0.4269490943E+01
    0.2578843305E+02    0.2491386293E+02    0.8745701188E+00
    0.2450184071E+02    0.2218157477E+02    0.2320265937E+01
    0.4446999058E+02    0.4142689661E+02    0.3043093967E+01
    0.2705301994E+02    0.2966376855E+02   -0.2610748612E+01
    0.3504358803E+02    0.5228590617E+02   -0.1724231814E+02
    0.6904760257E+02    0.7505980686E+02   -0.6012204290E+01
    0.1104302259E+03    0.1193521055E+03   -0.8921879562E+01
    0.1360948904E+03    0.1418948740E+03   -0.5799983550E+01
    0.6152011377E+02    0.6439869549E+02   -0.2878581724E+01
    0.7558678816E+02    0.7718644411E+02   -0.1599655949E+01
    0.8754089957E+02    0.9078463400E+02   -0.3243734432E+01
    0.1287812479E+03    0.1205298361E+03    0.8251411766E+01
    0.1119034582E+03    0.1035841322E+03    0.8319325969E+01
    0.5781486579E+02    0.5473182276E+02    0.3083043037E+01
    0.9817976135E+02    0.8808078162E+02    0.1009897972E+02
    0.6345732320E+02    0.6630312650E+02   -0.2845803303E+01
    0.5656963783E+02    0.6666403355E+02   -0.1009439572E+02
    0.7208525840E+02    0.7098631144E+02    0.1098946965E+01
    0.9754851806E+02    0.9900566431E+02   -0.1457146247E+01
    0.5481318806E+02    0.5475961352E+02    0.5357454320E-01
    0.5341138887E+02    0.4726915843E+02    0.6142230443E+01
    0.1166313876E+03    0.1118708800E+03    0.4760507653E+01
    0.4292238571E+02    0.4476261982E+02   -0.1840234105E+01
    0.9355975646E+02    0.8562170034E+02    0.7938056115E+01
    0.9368174085E+02    0.8185148612E+02    0.1183025473E+02
    0.9558693600E+02    0.8734151502E+02    0.8245420988E+01
    0.9586478718E+02    0.9182884971E+02    0.4035937475E+01
    0.9672791808E+02    0.9640984933E+02    0.3180687521E+00
    0.5877006947E+02    0.6540752765E+02   -0.6637458179E+01
    0.6447432788E+02    0.7763327112E+02   -0.1315894324E+02
    0.4286544992E+02    0.3605319232E+02    0.6812257602E+01
    0.6733571392E+02    0.6214573847E+02    0.5189975446E+01
    0.9094232811E+02    0.8197780911E+02    0.8964518999E+01
    0.1039844407E+03    0.1039062281E+03    0.7821268097E-01
    0.1228725759E+03    0.1193030739E+03    0.3569501969E+01
    0.5277935237E+02    0.4559991849E+02    0.7179433882E+01
    0.5615313588E+02    0.4857917219E+02    0.7573963694E+01
    0.2253675731E+02    0.3006676182E+02   -0.7530004513E+01
    0.5348496578E+02    0.4747951214E+02    0.6005453636E+01
    0.2419926750E+02    0.2793218013E+02   -0.3732912629E+01
    0.2604492204E+02    0.2445738382E+02    0.1587538220E+01
    0.2880918270E+02    0.4246894156E+02   -0.1365975885E+02
    0.8402862800E+02    0.8385818606E+02    0.1704419375E+00
    0.1359182557E+03    0.1364989403E+03   -0.5806845899E+00
    0.6988379938E+02    0.7866515047E+02   -0.8781351092E+01
    0.5059350036E+02    0.5197209145E+02   -0.1378591091E+01
