     Index       y_measurement           y_fitting        descriptor_1
         1    0.1129134333E+03    0.9430747473E+02    0.4177305629E+01
         2    0.5741510000E+02    0.4830600693E+02    0.3682795564E+01
         3    0.9851213333E+02    0.8363937900E+02    0.4062624925E+01
         4    0.9577526667E+02    0.7936457696E+02    0.4016671334E+01
         5    0.5629570000E+02    0.4907595062E+02    0.3691072363E+01
         6    0.6416440000E+02    0.6195126004E+02    0.3829480340E+01
         7    0.4909853333E+02    0.3835173834E+02    0.3575788413E+01
         8    0.5078230000E+02    0.4695339065E+02    0.3668255107E+01
         9    0.4487846667E+02    0.4447156533E+02    0.3641575793E+01
        10    0.4091123333E+02    0.3398268879E+02    0.3528821673E+01
        11    0.1155721667E+03    0.9601061459E+02    0.4195614171E+01
        12    0.1317270667E+03    0.1183111376E+03    0.4435342023E+01
        13    0.4379320000E+02    0.2573096051E+02    0.3440116619E+01
        14    0.4094110000E+02    0.3027085902E+02    0.3488919964E+01
        15    0.1067330000E+03    0.8034129159E+02    0.4027170895E+01
        16    0.1236949333E+03    0.1071729934E+03    0.4315608357E+01
        17    0.5631520000E+02    0.5863352245E+02    0.3793815073E+01
        18    0.4281686667E+02    0.2689258473E+02    0.3452603935E+01
        19    0.6544593333E+02    0.5716340686E+02    0.3778011513E+01
        20    0.7081320000E+02    0.6999532117E+02    0.3915952998E+01
        21    0.9909350000E+02    0.9614437623E+02    0.4197052092E+01
        22    0.9879613333E+02    0.9202753294E+02    0.4152796538E+01
        23    0.5754726667E+02    0.6267275209E+02    0.3837236290E+01
        24    0.6419260000E+02    0.7448895885E+02    0.3964259045E+01
        25    0.4755836667E+02    0.5236997798E+02    0.3726482748E+01
        26    0.6448746667E+02    0.6195126004E+02    0.3829480340E+01
        27    0.5462010000E+02    0.5116388516E+02    0.3713517400E+01
        28    0.6916680000E+02    0.6758097913E+02    0.3889999121E+01
        29    0.6074053333E+02    0.5332739360E+02    0.3736774847E+01
        30    0.5625880000E+02    0.4280819774E+02    0.3623694798E+01
        31    0.6976280000E+02    0.5695196051E+02    0.3775738491E+01
        32    0.6109540000E+02    0.5322657421E+02    0.3735691051E+01
        33    0.6641613333E+02    0.5693165488E+02    0.3775520208E+01
        34    0.1171394000E+03    0.1005859205E+03    0.4244798141E+01
        35    0.1298107667E+03    0.1226076849E+03    0.4481529373E+01
        36    0.4263683333E+02    0.3451703152E+02    0.3534565791E+01
        37    0.3551316667E+02    0.2413773411E+02    0.3422989633E+01
        38    0.4331223333E+02    0.3837595983E+02    0.3576048791E+01
        39    0.1050881333E+03    0.8546036311E+02    0.4082200278E+01
        40    0.3710063333E+02    0.2043432387E+02    0.3383178433E+01
        41    0.1270568667E+03    0.1113441034E+03    0.4360447271E+01
        42    0.4979963333E+02    0.3474083950E+02    0.3536971699E+01
        43    0.1048403333E+03    0.8496339988E+02    0.4076857985E+01
        44    0.1283589667E+03    0.1114486171E+03    0.4361570780E+01
        45    0.1119227000E+03    0.9367268721E+02    0.4170481742E+01
        46    0.9410970000E+02    0.8254381843E+02    0.4050847785E+01
        47    0.9391083333E+02    0.7795351637E+02    0.4001502608E+01
        48    0.1167444000E+03    0.9552543234E+02    0.4190398522E+01
        49    0.1322718667E+03    0.1183486823E+03    0.4435745624E+01
        50    0.1511233333E+02    0.2865233771E+02    0.3471521061E+01
        51    0.2607280000E+02    0.4044310167E+02    0.3598270309E+01
        52    0.3288510000E+02    0.4440957977E+02    0.3640909456E+01
        53    0.5040940000E+02    0.5239762612E+02    0.3726779962E+01
        54    0.6252836667E+02    0.6045997992E+02    0.3813449264E+01
        55    0.6859230000E+02    0.6859768279E+02    0.3900928559E+01
        56    0.7457800000E+02    0.7681179602E+02    0.3989229256E+01
        57    0.7547360000E+02    0.8094784362E+02    0.4033691254E+01
        58    0.7601236667E+02    0.8510340085E+02    0.4078362978E+01
        59    0.7978300000E+02    0.9347359905E+02    0.4168341569E+01
        60    0.5415630000E+02    0.6110620320E+02    0.3820396084E+01
        61    0.4609493333E+02    0.6656573735E+02    0.3879085398E+01
        62    0.5043943333E+02    0.7193114716E+02    0.3936762887E+01
        63    0.6211446667E+02    0.7719866328E+02    0.3993388031E+01
        64    0.7535336667E+02    0.8236434752E+02    0.4048918495E+01
        65    0.7547280000E+02    0.8742408301E+02    0.4103310023E+01
        66    0.7631323333E+02    0.8991288190E+02    0.4130064302E+01
        67    0.7808313333E+02    0.9237356317E+02    0.4156516320E+01
        68    0.1068950000E+02    0.2244426114E+02    0.3404785009E+01
        69    0.2761040000E+02    0.3117418406E+02    0.3498630596E+01
        70    0.2953980000E+02    0.3554982829E+02    0.3545668228E+01
        71    0.3218210000E+02    0.3993236618E+02    0.3592779966E+01
        72    0.4136713333E+02    0.4871745755E+02    0.3687218607E+01
        73    0.4472750000E+02    0.5752815786E+02    0.3781932541E+01
        74    0.6125163333E+02    0.6636321474E+02    0.3876908305E+01
        75    0.6651516667E+02    0.7522142136E+02    0.3972132926E+01
        76    0.6935780000E+02    0.7965884054E+02    0.4019834631E+01
        77    0.7973906667E+02    0.9300267221E+02    0.4163279164E+01
        78    0.1227551333E+03    0.1313635112E+03    0.4575653418E+01
        79    0.1222562000E+03    0.1295919656E+03    0.4556609523E+01
        80    0.1137695667E+03    0.1206033749E+03    0.4459983290E+01
        81    0.1092017667E+03    0.1169447154E+03    0.4420653154E+01
        82    0.1040530000E+03    0.1095135812E+03    0.4340769385E+01
        83    0.1005121667E+03    0.1057389785E+03    0.4300192875E+01
        84    0.1408233333E+02    0.2392077160E+02    0.3420657313E+01
        85    0.2335330000E+02    0.2692797053E+02    0.3452984328E+01
        86    0.2498340000E+02    0.2841969753E+02    0.3469020208E+01
        87    0.3413013333E+02    0.2990365626E+02    0.3484972580E+01
        88    0.3871113333E+02    0.3284869382E+02    0.3516631368E+01
        89    0.4574376667E+02    0.3576390825E+02    0.3547969561E+01
        90    0.4908086667E+02    0.3865008792E+02    0.3578995634E+01
        91    0.5412566667E+02    0.4150798625E+02    0.3609717686E+01
        92    0.5592400000E+02    0.4292655631E+02    0.3624967138E+01
        93    0.5834003333E+02    0.4433832388E+02    0.3640143464E+01
        94    0.6338693333E+02    0.4714179097E+02    0.3670280387E+01
        95    0.1739346667E+02    0.2038348961E+02    0.3382631971E+01
        96    0.1596020000E+02    0.1984418468E+02    0.3376834510E+01
        97    0.1519966667E+02    0.1955825412E+02    0.3373760792E+01
        98    0.1462273333E+02    0.1926110232E+02    0.3370566447E+01
        99    0.1301593333E+02    0.1795439736E+02    0.3356519531E+01
       100    0.1339103333E+02    0.1722580513E+02    0.3348687255E+01
       101    0.1242090000E+02    0.1603125365E+02    0.3335845975E+01
       102    0.1194016667E+02    0.1560449532E+02    0.3331258376E+01
       103    0.5977913333E+02    0.4712491078E+02    0.3670098927E+01
       104    0.5274676667E+02    0.4417850687E+02    0.3638425451E+01
       105    0.4744456667E+02    0.4264520739E+02    0.3621942672E+01
       106    0.4271046667E+02    0.4107013793E+02    0.3605010871E+01
       107    0.3220636667E+02    0.3432419804E+02    0.3532492855E+01
       108    0.2608033333E+02    0.3066236047E+02    0.3493128556E+01
       109    0.2318960000E+02    0.2678973610E+02    0.3451498325E+01
       110    0.1263756667E+02    0.2269088213E+02    0.3407436154E+01
       111    0.1576773333E+02    0.1834866666E+02    0.3360757877E+01
       112    0.1876863333E+02    0.3176645546E+02    0.3504997440E+01
       113    0.2911583333E+02    0.4844657433E+02    0.3684306646E+01
       114    0.3464173333E+02    0.5410127855E+02    0.3745094014E+01
       115    0.4469730000E+02    0.6555385431E+02    0.3868207781E+01
       116    0.6769980000E+02    0.7719866328E+02    0.3993388031E+01
       117    0.8876800000E+02    0.8903736323E+02    0.4120652585E+01
       118    0.9001296667E+02    0.1010716641E+03    0.4250019825E+01
       119    0.9820813333E+02    0.1071627136E+03    0.4315497850E+01
       120    0.1150665667E+03    0.1133033280E+03    0.4381508692E+01
       121    0.1240794333E+03    0.1257341692E+03    0.4515138691E+01
       122    0.6961473333E+02    0.5840137158E+02    0.3791319480E+01
       123    0.6873096667E+02    0.6696127672E+02    0.3883337397E+01
       124    0.6587150000E+02    0.7559983336E+02    0.3976200808E+01
       125    0.6905330000E+02    0.8431813047E+02    0.4069921419E+01
       126    0.7560066667E+02    0.9311727735E+02    0.4164511155E+01
       127    0.8448030000E+02    0.1019984038E+03    0.4259982161E+01
       128    0.1105675667E+03    0.1154763292E+03    0.4404868185E+01
       129    0.1186644000E+03    0.1200112215E+03    0.4453617714E+01
       130    0.1662153333E+02    0.2617786847E+02    0.3444920824E+01
       131    0.2838256667E+02    0.3861448137E+02    0.3578612868E+01
       132    0.2881536667E+02    0.4483445938E+02    0.3645476859E+01
       133    0.3478613333E+02    0.5105583275E+02    0.3712355850E+01
       134    0.8769866667E+02    0.1008938865E+03    0.4248108738E+01
       135    0.9953940000E+02    0.1071333783E+03    0.4315182499E+01
       136    0.1218290333E+03    0.1258659077E+03    0.4516554864E+01
