     Index       y_measurement           y_fitting        descriptor_1
         1    0.7301306667E+02    0.8206685143E+02    0.2353836848E-02
         2    0.1115410667E+03    0.1039026205E+03    0.2776342656E-02
         3    0.8049570000E+02    0.9193001409E+02    0.2544681672E-02
         4    0.7687850000E+02    0.8961454464E+02    0.2499879069E-02
         5    0.1124396667E+03    0.1034093193E+03    0.2766797646E-02
         6    0.1151615000E+03    0.1130871828E+03    0.2954057069E-02
         7    0.1120797667E+03    0.1123783163E+03    0.2940341033E-02
         8    0.1183827000E+03    0.1200128826E+03    0.3088064184E-02
         9    0.1263473667E+03    0.1144993372E+03    0.2981381201E-02
        10    0.1167774333E+03    0.1187019214E+03    0.3062698064E-02
        11    0.1183212333E+03    0.1232581194E+03    0.3150857089E-02
        12    0.6767893333E+02    0.6915182848E+02    0.2103940809E-02
        13    0.6924846667E+02    0.7748723688E+02    0.2265224730E-02
        14    0.1178638333E+03    0.1221253871E+03    0.3128939566E-02
        15    0.1260300667E+03    0.1266314785E+03    0.3216129066E-02
        16    0.6395140000E+02    0.7637523924E+02    0.2243708407E-02
        17    0.7548660000E+02    0.8813661327E+02    0.2471282202E-02
        18    0.1167479333E+03    0.9909090688E+02    0.2683239594E-02
        19    0.1084637000E+03    0.1210796363E+03    0.3108705069E-02
        20    0.1173802333E+03    0.1089414006E+03    0.2873839283E-02
        21    0.1055167333E+03    0.1005945760E+03    0.2712334467E-02
        22    0.1077780667E+03    0.1103846203E+03    0.2901764505E-02
        23    0.9370783333E+02    0.8844593334E+02    0.2477267314E-02
        24    0.8791373333E+02    0.8608649815E+02    0.2431614007E-02
        25    0.1162208000E+03    0.9740900810E+02    0.2650696110E-02
        26    0.1218277333E+03    0.1073275494E+03    0.2842612470E-02
        27    0.1233274667E+03    0.1047217801E+03    0.2792192781E-02
        28    0.1068349333E+03    0.9841956502E+02    0.2670249631E-02
        29    0.1130756000E+03    0.1065079560E+03    0.2826753949E-02
        30    0.1132335667E+03    0.1143072011E+03    0.2977663512E-02
        31    0.1026179667E+03    0.1027232444E+03    0.2753522610E-02
        32    0.1001382000E+03    0.1038917704E+03    0.2776132714E-02
        33    0.1001710667E+03    0.1082222550E+03    0.2859924353E-02
        34    0.9148953333E+02    0.1086711813E+03    0.2868610742E-02
        35    0.9892276667E+02    0.1046134379E+03    0.2790096440E-02
        36    0.9586320000E+02    0.1093817248E+03    0.2882359227E-02
        37    0.6868523333E+02    0.6829134619E+02    0.2087291120E-02
        38    0.7368413333E+02    0.7667490720E+02    0.2249506758E-02
        39    0.1155646000E+03    0.1157037520E+03    0.3004685727E-02
        40    0.1181048000E+03    0.1221755546E+03    0.3129910270E-02
        41    0.1175400000E+03    0.1203042859E+03    0.3093702619E-02
        42    0.7083120000E+02    0.7504910185E+02    0.2218048640E-02
        43    0.1189540667E+03    0.1262548020E+03    0.3208840657E-02
        44    0.7171576667E+02    0.8690233045E+02    0.2447399752E-02
        45    0.1177421333E+03    0.1243866918E+03    0.3172694122E-02
        46    0.7212726667E+02    0.7535608389E+02    0.2223988513E-02
        47    0.6982910000E+02    0.8718798810E+02    0.2452927014E-02
        48    0.7875026667E+02    0.8265467032E+02    0.2365210704E-02
        49    0.9753893333E+02    0.9296266433E+02    0.2564662682E-02
        50    0.9081230000E+02    0.9066006689E+02    0.2520109143E-02
        51    0.6689893333E+02    0.6940898162E+02    0.2108916530E-02
        52    0.7034353333E+02    0.7773005199E+02    0.2269923021E-02
        53    0.1323314333E+03    0.1193495810E+03    0.3075229793E-02
        54    0.1293472000E+03    0.1137069237E+03    0.2966048592E-02
        55    0.1163718000E+03    0.1106305118E+03    0.2906522323E-02
        56    0.1096154000E+03    0.1074227546E+03    0.2844454618E-02
        57    0.9314260000E+02    0.1007121372E+03    0.2714609188E-02
        58    0.8257986667E+02    0.9374826501E+02    0.2579863468E-02
        59    0.7522936667E+02    0.8666964585E+02    0.2442897479E-02
        60    0.7383243333E+02    0.7958608241E+02    0.2305835822E-02
        61    0.7589846667E+02    0.7607015510E+02    0.2237805257E-02
        62    0.7789620000E+02    0.7258365663E+02    0.2170344118E-02
        63    0.7840820000E+02    0.6572888657E+02    0.2037709442E-02
        64    0.1073171667E+03    0.1017422344E+03    0.2734540800E-02
        65    0.1140277000E+03    0.1000629431E+03    0.2702047768E-02
        66    0.1204607667E+03    0.9700117395E+02    0.2642804824E-02
        67    0.1132415667E+03    0.9290458477E+02    0.2563538886E-02
        68    0.9731303333E+02    0.8805490629E+02    0.2469701233E-02
        69    0.8288196667E+02    0.8267970022E+02    0.2365695014E-02
        70    0.8378776667E+02    0.7696198361E+02    0.2255061472E-02
        71    0.8411906667E+02    0.7402167099E+02    0.2198168621E-02
        72    0.8230160000E+02    0.7104813084E+02    0.2140632842E-02
        73    0.1333271667E+03    0.1244454794E+03    0.3173831617E-02
        74    0.1177511000E+03    0.1176759638E+03    0.3042846552E-02
        75    0.1165381667E+03    0.1141149288E+03    0.2973943187E-02
        76    0.1148520667E+03    0.1104688641E+03    0.2903394561E-02
        77    0.1043592000E+03    0.1030043721E+03    0.2758962221E-02
        78    0.9885580000E+02    0.9542677038E+02    0.2612341292E-02
        79    0.8333353333E+02    0.8785056486E+02    0.2465747379E-02
        80    0.8251083333E+02    0.8036560948E+02    0.2320919088E-02
        81    0.8228193333E+02    0.7667975860E+02    0.2249600629E-02
        82    0.8122306667E+02    0.7304139121E+02    0.2179200940E-02
        83    0.7805130000E+02    0.6593061375E+02    0.2041612712E-02
        84    0.7565850000E+02    0.6932613279E+02    0.2107313467E-02
        85    0.7168876667E+02    0.6822650508E+02    0.2086036493E-02
        86    0.6902210000E+02    0.6767313130E+02    0.2075329124E-02
        87    0.6723246667E+02    0.6711735670E+02    0.2064575301E-02
        88    0.6564466667E+02    0.6599852133E+02    0.2042926673E-02
        89    0.6465190000E+02    0.6486982827E+02    0.2021087306E-02
        90    0.6549303333E+02    0.6373110221E+02    0.1999053808E-02
        91    0.6527446667E+02    0.6258216324E+02    0.1976822698E-02
        92    0.6509713333E+02    0.6142282646E+02    0.1954390398E-02
        93    0.6360703333E+02    0.6025290204E+02    0.1931753235E-02
        94    0.1331329333E+03    0.1219018982E+03    0.3124615223E-02
        95    0.1303768667E+03    0.1197048703E+03    0.3082104375E-02
        96    0.1275528667E+03    0.1186011364E+03    0.3060747949E-02
        97    0.1131955333E+03    0.1174938929E+03    0.3039323616E-02
        98    0.1089584667E+03    0.1152687878E+03    0.2996269495E-02
        99    0.1032596000E+03    0.1130293732E+03    0.2952938497E-02
       100    0.1006016333E+03    0.1107754639E+03    0.2909327037E-02
       101    0.9690393333E+02    0.1085068711E+03    0.2865431462E-02
       102    0.9634486667E+02    0.1073670083E+03    0.2843375969E-02
       103    0.9517810000E+02    0.1062234021E+03    0.2821248044E-02
       104    0.9246266667E+02    0.1039248606E+03    0.2776772985E-02
       105    0.1244155333E+03    0.1247374673E+03    0.3179481365E-02
       106    0.1249338000E+03    0.1253885633E+03    0.3192079586E-02
       107    0.1282895000E+03    0.1257136554E+03    0.3198369875E-02
       108    0.1282394333E+03    0.1260384443E+03    0.3204654297E-02
       109    0.1238324333E+03    0.1266871146E+03    0.3217205583E-02
       110    0.1230619333E+03    0.1273345789E+03    0.3229733533E-02
       111    0.1256808333E+03    0.1279808415E+03    0.3242238232E-02
       112    0.1205031000E+03    0.1286259071E+03    0.3254719768E-02
       113    0.1237962000E+03    0.1289479923E+03    0.3260951876E-02
       114    0.1263286333E+03    0.1292697799E+03    0.3267178225E-02
       115    0.9942550000E+02    0.1046160175E+03    0.2790146354E-02
       116    0.1039796667E+03    0.1075952795E+03    0.2847792847E-02
       117    0.1065988000E+03    0.1090754063E+03    0.2876432194E-02
       118    0.1094606333E+03    0.1105492685E+03    0.2904950326E-02
       119    0.1100665000E+03    0.1134784097E+03    0.2961627018E-02
       120    0.1137924333E+03    0.1163831176E+03    0.3017830944E-02
       121    0.1200650667E+03    0.1192637964E+03    0.3073569926E-02
       122    0.1181213667E+03    0.1221208406E+03    0.3128851594E-02
       123    0.1254120333E+03    0.1235406201E+03    0.3156323267E-02
       124    0.1295430000E+03    0.1249546346E+03    0.3183683390E-02
       125    0.1281758000E+03    0.1277655539E+03    0.3238072577E-02
       126    0.1324569000E+03    0.1231322136E+03    0.3148420906E-02
       127    0.1248918667E+03    0.1183137469E+03    0.3055187177E-02
       128    0.1208332667E+03    0.1160322346E+03    0.3011041621E-02
       129    0.1109500000E+03    0.1107318751E+03    0.2908483627E-02
       130    0.9142540000E+02    0.1046942800E+03    0.2791660675E-02
       131    0.8069620000E+02    0.9816277484E+02    0.2665280933E-02
       132    0.9159523333E+02    0.9133136725E+02    0.2533098303E-02
       133    0.8447216667E+02    0.8785259967E+02    0.2465786751E-02
       134    0.7063323333E+02    0.8435377679E+02    0.2398087144E-02
       135    0.6796646667E+02    0.7735081042E+02    0.2262584980E-02
       136    0.9883910000E+02    0.1057408860E+03    0.2811911718E-02
       137    0.1059929000E+03    0.1069665439E+03    0.2835627283E-02
       138    0.1138922667E+03    0.1059594865E+03    0.2816141474E-02
       139    0.1143839667E+03    0.1032576809E+03    0.2763863557E-02
       140    0.1074090000E+03    0.9929217429E+02    0.2687133968E-02
       141    0.1007096000E+03    0.9440800869E+02    0.2592629015E-02
       142    0.7960966667E+02    0.8594653951E+02    0.2428905912E-02
       143    0.7212493333E+02    0.8293002881E+02    0.2370538685E-02
       144    0.1322593000E+03    0.1281677851E+03    0.3245855450E-02
       145    0.1247315333E+03    0.1241706589E+03    0.3168514046E-02
       146    0.1265596000E+03    0.1217014391E+03    0.3120736490E-02
       147    0.1238607000E+03    0.1189789313E+03    0.3068057999E-02
       148    0.1190111667E+03    0.1129282494E+03    0.2950981827E-02
       149    0.1036082667E+03    0.9927496882E+02    0.2686801055E-02
       150    0.9512590000E+02    0.9205981353E+02    0.2547193194E-02
       151    0.8489250000E+02    0.8842013730E+02    0.2476768180E-02
       152    0.7258806667E+02    0.8477838715E+02    0.2406303037E-02
       153    0.7170470000E+02    0.7753665010E+02    0.2266180839E-02
